-553,-61.64245920519579,15.657195630925795,,,
-552,-61.64247471761216,15.657203127153357,,,
-551,-61.64249022618535,15.657210621978525,,,
-550,-61.64250573091541,15.657218115401298,,,
-549,-61.64252123180234,15.657225607421676,,,
-548,-61.64253672884611,15.657233098039658,,,
-547,-61.64255222204675,15.657240587255249,,,
-546,-61.64256771140424,15.657248075068441,,,
-545,-61.642583196918594,15.657255561479243,,,
-544,-61.642598678589785,15.657263046487644,,,
-543,-61.642614156417835,15.657270530093648,,,
-542,-61.64262963040276,15.657278012297265,,,
-541,-61.64264510054452,15.657285493098485,,,
-540,-61.64266056684314,15.657292972497304,,,
-539,-61.64267602929861,15.657300450493729,,,
-538,-61.64269148791096,15.657307927087764,,,
-537,-61.64270694268015,15.657315402279403,,,
-536,-61.64272239360619,15.65732287606864,,,
-535,-61.64273784068909,15.65733034845549,,,
-534,-61.64275328392884,15.657337819439938,,,
-533,-61.64276872332546,15.657345289021997,,,
-532,-61.64278415887892,15.657352757201659,,,
-531,-61.64279959058926,15.657360223978925,,,
-530,-61.64281501845643,15.657367689353793,,,
-529,-61.64283044248046,15.657375153326267,,,
-528,-61.64284586266135,15.657382615896346,,,
-527,-61.6428612789991,15.657390077064033,,,
-526,-61.642876691493704,15.657397536829327,,,
-525,-61.64289210014516,15.65740499519222,,,
-524,-61.64290750495346,15.657412452152718,,,
-523,-61.64292290591864,15.65741990771082,,,
-522,-61.642938303040644,15.65742736186653,,,
-521,-61.64295369631954,15.657434814619847,,,
-520,-61.64296908575528,15.657442265970765,,,
-519,-61.642984471347866,15.657449715919292,,,
-518,-61.642999853097315,15.657457164465418,,,
-517,-61.643015231003616,15.657464611609152,,,
-516,-61.643030605066755,15.65747205735049,,,
-515,-61.64304597528677,15.657479501689428,,,
-514,-61.64306134166365,15.657486944625983,,,
-513,-61.643076704197384,15.657494386160135,,,
-512,-61.643092062887966,15.657501826291892,,,
-511,-61.64310741773539,15.657509265021254,,,
-510,-61.64312276873968,15.657516702348223,,,
-509,-61.64313811590083,15.657524138272795,,,
-508,-61.64315345921884,15.657531572794971,,,
-507,-61.643168798693694,15.657539005914755,,,
-506,-61.64318413432541,15.65754643763214,,,
-505,-61.64319946611398,15.657553867947133,,,
-504,-61.6432147940594,15.657561296859727,,,
-503,-61.643230118161696,15.657568724369934,,,
-502,-61.64324543842082,15.657576150477734,,,
-501,-61.64326075483681,15.657583575183144,,,
-500,-61.64327606740965,15.657590998486159,,,
-499,-61.64329137613935,15.657598420386782,,,
-498,-61.64330668102593,15.657605840885012,,,
-497,-61.64332198206933,15.657613259980838,,,
-496,-61.64333727926961,15.657620677674274,,,
-495,-61.64335257262672,15.657628093965311,,,
-494,-61.64336786214069,15.657635508853954,,,
-493,-61.643383147811555,15.65764292234021,,,
-492,-61.64339842963924,15.65765033442406,,,
-491,-61.6434137076238,15.657657745105524,,,
-490,-61.64342898176519,15.657665154384583,,,
-489,-61.64344425206346,15.657672562261258,,,
-488,-61.64345951851856,15.657679968735525,,,
-487,-61.64347478113053,15.657687373807404,,,
-486,-61.64349003989936,15.657694777476891,,,
-485,-61.64350529482505,15.657702179743977,,,
-484,-61.643520545907585,15.65770958060867,,,
-483,-61.64353579314698,15.657716980070969,,,
-482,-61.64355103654323,15.657724378130878,,,
-481,-61.64356627609634,15.657731774788381,,,
-480,-61.643581511806296,15.657739170043497,,,
-479,-61.643596743673115,15.657746563896213,,,
-478,-61.64361197169677,15.657753956346534,,,
-477,-61.64362719587731,15.657761347394459,,,
-476,-61.643642416214696,15.657768737039994,,,
-475,-61.64365763270893,15.657776125283132,,,
-474,-61.64367284536001,15.657783512123869,,,
-473,-61.64368805416797,15.657790897562213,,,
-472,-61.64370325913278,15.65779828159817,,,
-471,-61.64371846025442,15.657805664231722,,,
-470,-61.643733657532955,15.657813045462886,,,
-469,-61.643748850968315,15.65782042529165,,,
-468,-61.64376404056055,15.657827803718023,,,
-467,-61.64377922630962,15.657835180741996,,,
-466,-61.64379440821557,15.657842556363574,,,
-465,-61.64380958627837,15.657849930582765,,,
-464,-61.64382476049803,15.657857303399554,,,
-463,-61.64383993087453,15.657864674813947,,,
-462,-61.64385509740788,15.657872044825947,,,
-461,-61.64387026009809,15.657879413435548,,,
-460,-61.64388541894517,15.657886780642757,,,
-459,-61.643900573949104,15.657894146447573,,,
-458,-61.643915725109885,15.657901510849992,,,
-457,-61.64393087242752,15.657908873850014,,,
-456,-61.64394601590201,15.657916235447644,,,
-455,-61.643961155533354,15.657923595642881,,,
-454,-61.643976291321586,15.65793095443572,,,
-453,-61.64399142326663,15.657938311826161,,,
-452,-61.64400655136854,15.657945667814207,,,
-451,-61.64402167562732,15.657953022399864,,,
-450,-61.64403679604295,15.657960375583118,,,
-449,-61.64405191261545,15.657967727363987,,,
-448,-61.64406702534477,15.65797507774245,,,
-447,-61.64408213423097,15.65798242671852,,,
-446,-61.64409723927403,15.657989774292199,,,
-445,-61.64411234047392,15.65799712046348,,,
-444,-61.64412743783068,15.658004465232366,,,
-443,-61.6441425313443,15.658011808598857,,,
-442,-61.6441576210148,15.658019150562959,,,
-441,-61.64417270684211,15.658026491124655,,,
-440,-61.6441877888263,15.658033830283962,,,
-439,-61.64420286696734,15.658041168040873,,,
-438,-61.64421794126522,15.658048504395385,,,
-437,-61.64423301171999,15.658055839347512,,,
-436,-61.64424807833159,15.658063172897235,,,
-435,-61.64426314110007,15.658070505044567,,,
-434,-61.644278200025376,15.658077835789499,,,
-433,-61.64429325510755,15.658085165132041,,,
-432,-61.64430830634657,15.658092493072187,,,
-431,-61.644323353742465,15.658099819609934,,,
-430,-61.64433839729521,15.658107144745289,,,
-429,-61.64435343700479,15.658114468478246,,,
-428,-61.64436847287124,15.658121790808814,,,
-427,-61.64438350489454,15.65812911173698,,,
-426,-61.644398533074735,15.658136431262758,,,
-425,-61.644413557411745,15.658143749386136,,,
-424,-61.64442857790561,15.658151066107116,,,
-423,-61.64444359455636,15.658158381425705,,,
-422,-61.64445860736393,15.658165695341898,,,
-421,-61.64447361632838,15.658173007855696,,,
-420,-61.64448862144967,15.658180318967098,,,
-419,-61.64450362272782,15.658187628676105,,,
-418,-61.64451862016284,15.65819493698272,,,
-417,-61.644533613754675,15.658202243886935,,,
-416,-61.64454860350342,15.658209549388758,,,
-415,-61.64456358940899,15.658216853488184,,,
-414,-61.64457857147142,15.65822415618522,,,
-413,-61.64459354969071,15.658231457479852,,,
-412,-61.64460852406684,15.658238757372095,,,
-411,-61.644623494599855,15.658246055861943,,,
-410,-61.64463846128969,15.658253352949393,,,
-409,-61.64465342413641,15.65826064863445,,,
-408,-61.64466838313998,15.658267942917108,,,
-407,-61.644683338300396,15.658275235797376,,,
-406,-61.64469828961768,15.658282527275244,,,
-405,-61.644713237091814,15.658289817350726,,,
-404,-61.644728180722794,15.658297106023804,,,
-403,-61.64474312051064,15.658304393294488,,,
-402,-61.64475805645533,15.658311679162777,,,
-401,-61.64477298855688,15.658318963628671,,,
-400,-61.64478791681529,15.658326246692171,,,
-399,-61.64480284123054,15.658333528353273,,,
-398,-61.644817761802685,15.658340808611987,,,
-397,-61.64483267853166,15.6583480874683,,,
-396,-61.64484759141748,15.658355364922219,,,
-395,-61.64486250046018,15.658362640973738,,,
-394,-61.64487740565972,15.658369915622867,,,
-393,-61.64489230701612,15.658377188869606,,,
-392,-61.644907204529375,15.65838446071394,,,
-391,-61.64492209819949,15.658391731155884,,,
-390,-61.64493698802646,15.658399000195436,,,
-389,-61.644951874010275,15.658406267832586,,,
-388,-61.64496675615096,15.658413534067344,,,
-387,-61.64498163444849,15.658420798899709,,,
-386,-61.64499650890287,15.658428062329673,,,
-385,-61.64501137951411,15.658435324357244,,,
-384,-61.645026246282214,15.658442584982422,,,
-383,-61.64504110920717,15.658449844205201,,,
-382,-61.645055968288986,15.658457102025592,,,
-381,-61.64507082352765,15.658464358443585,,,
-380,-61.64508567492316,15.658471613459175,,,
-379,-61.64510052247555,15.65847886707238,,,
-378,-61.645115366184775,15.658486119283184,,,
-377,-61.645130206050894,15.6584933700916,,,
-376,-61.64514504207383,15.658500619497614,,,
-375,-61.645159874253615,15.65850786750123,,,
-374,-61.645174702590275,15.658515114102457,,,
-373,-61.64518952708378,15.658522359301285,,,
-372,-61.64520434773415,15.658529603097723,,,
-371,-61.64521916454138,15.658536845491764,,,
-370,-61.645233977505455,15.65854408648341,,,
-369,-61.64524878662639,15.658551326072658,,,
-368,-61.64526359190416,15.65855856425951,,,
-367,-61.64527839333881,15.658565801043972,,,
-366,-61.64529319093031,15.658573036426034,,,
-365,-61.64530798467869,15.658580270405706,,,
-364,-61.645322774583896,15.658587502982979,,,
-363,-61.64533756064596,15.658594734157859,,,
-362,-61.64535234286489,15.658601963930337,,,
-361,-61.64536712124065,15.658609192300425,,,
-360,-61.64538189577329,15.658616419268121,,,
-359,-61.64539666646279,15.658623644833419,,,
-358,-61.64541143330913,15.65863086899632,,,
-357,-61.64542619631233,15.658638091756831,,,
-356,-61.645440955472395,15.658645313114942,,,
-355,-61.64545571078929,15.65865253307066,,,
-354,-61.64547046226306,15.658659751623981,,,
-353,-61.6454852098937,15.658666968774908,,,
-352,-61.64549995368116,15.658674184523438,,,
-351,-61.64551469362551,15.658681398869579,,,
-350,-61.645529429726686,15.658688611813314,,,
-349,-61.64554416198476,15.658695823354664,,,
-348,-61.645558890399656,15.658703033493618,,,
-347,-61.645573614971404,15.658710242230171,,,
-346,-61.64558833570002,15.658717449564334,,,
-345,-61.645603052585486,15.658724655496098,,,
-344,-61.64561776562782,15.65873186002547,,,
-343,-61.645632474826996,15.658739063152444,,,
-342,-61.64564718018303,15.658746264877026,,,
-341,-61.645661881695915,15.65875346519921,,,
-340,-61.64567657936565,15.658760664118997,,,
-339,-61.645691273192256,15.658767861636392,,,
-338,-61.64570596317573,15.658775057751395,,,
-337,-61.64572064931605,15.658782252464002,,,
-336,-61.64573533161322,15.658789445774207,,,
-335,-61.64575001006723,15.65879663768202,,,
-334,-61.645764684678106,15.65880382818744,,,
-333,-61.64577935544584,15.65881101729046,,,
-332,-61.645794022370445,15.658818204991093,,,
-331,-61.64580868545188,15.658825391289325,,,
-330,-61.64582334469021,15.658832576185166,,,
-329,-61.645838000085334,15.658839759678603,,,
-328,-61.64585265163737,15.658846941769653,,,
-327,-61.64586729934624,15.658854122458308,,,
-326,-61.64588194321196,15.658861301744565,,,
-325,-61.64589658323455,15.65886847962843,,,
-324,-61.64591121941397,15.658875656109895,,,
-323,-61.64592585175028,15.658882831188965,,,
-322,-61.64594048024341,15.658890004865645,,,
-321,-61.64595510489343,15.658897177139927,,,
-320,-61.6459697257003,15.658904348011811,,,
-319,-61.64598434266399,15.658911517481304,,,
-318,-61.64599895578458,15.658918685548402,,,
-317,-61.646013565061985,15.6589258522131,,,
-316,-61.64602817049628,15.658933017475409,,,
-315,-61.646042772087426,15.658940181335318,,,
-314,-61.64605736983541,15.658947343792835,,,
-313,-61.64607196374026,15.658954504847953,,,
-312,-61.64608655380196,15.658961664500678,,,
-311,-61.64610114002052,15.658968822751008,,,
-310,-61.64611572239595,15.658975979598944,,,
-309,-61.646130300928206,15.658983135044483,,,
-308,-61.64614487561733,15.65899028908763,,,
-307,-61.64615944646332,15.658997441728378,,,
-306,-61.64617401346616,15.659004592966733,,,
-305,-61.64618857662584,15.65901174280269,,,
-304,-61.64620313594239,15.659018891236254,,,
-303,-61.6462176914158,15.659026038267427,,,
-302,-61.64623224304608,15.6590331838962,,,
-301,-61.64624679083318,15.659040328122574,,,
-300,-61.64626133477715,15.659047470946561,,,
-299,-61.646275874877986,15.659054612368147,,,
-298,-61.64629041113566,15.65906175238734,,,
-297,-61.64630494355021,15.65906889100414,,,
-296,-61.6463194721216,15.659076028218541,,,
-295,-61.64633399684984,15.659083164030546,,,
-294,-61.64634851773496,15.659090298440162,,,
-293,-61.646363034776925,15.659097431447382,,,
-292,-61.646377547975725,15.6591045630522,,,
-291,-61.64639205733139,15.659111693254626,,,
-290,-61.646406562843936,15.659118822054662,,,
-289,-61.6464210645133,15.659125949452294,,,
-288,-61.64643556233955,15.659133075447539,,,
-287,-61.64645005632264,15.659140200040381,,,
-286,-61.6464645464626,15.659147323230838,,,
-285,-61.646479032759395,15.65915444501889,,,
-284,-61.64649351521306,15.65916156540455,,,
-283,-61.64650799382359,15.65916868438782,,,
-282,-61.646522468590966,15.659175801968688,,,
-281,-61.64653693951519,15.659182918147167,,,
-280,-61.64655140659627,15.659190032923242,,,
-279,-61.64656586983421,15.659197146296929,,,
-278,-61.646580329229,15.659204258268215,,,
-277,-61.64659478478066,15.659211368837115,,,
-276,-61.64660923648916,15.659218478003611,,,
-275,-61.64662368435451,15.659225585767715,,,
-274,-61.646638128376736,15.659232692129423,,,
-273,-61.646652568555815,15.659239797088741,,,
-272,-61.64666700489176,15.65924690064566,,,
-271,-61.64668143738454,15.659254002800182,,,
-270,-61.64669586603417,15.659261103552309,,,
-269,-61.646710290840666,15.659268202902044,,,
-268,-61.646724711804026,15.659275300849382,,,
-267,-61.64673912892423,15.659282397394326,,,
-266,-61.6467535422013,15.659289492536875,,,
-265,-61.64676795163521,15.659296586277028,,,
-264,-61.64678235722599,15.659303678614787,,,
-263,-61.64679675897361,15.659310769550142,,,
-262,-61.64681115687809,15.659317859083114,,,
-261,-61.646825550939425,15.659324947213682,,,
-260,-61.64683994115765,15.659332033941865,,,
-259,-61.64685432753269,15.659339119267646,,,
-258,-61.646868710064595,15.65934620319103,,,
-257,-61.646883088753356,15.659353285712019,,,
-256,-61.64689746359897,15.659360366830613,,,
-255,-61.64691183460147,15.659367446546822,,,
-254,-61.646926201760785,15.659374524860624,,,
-253,-61.646940565076974,15.659381601772035,,,
-252,-61.646954924550016,15.659388677281052,,,
-251,-61.64696928017992,15.659395751387674,,,
-250,-61.64698363196666,15.659402824091895,,,
-249,-61.646997979910275,15.659409895393727,,,
-248,-61.64701232401074,15.659416965293165,,,
-247,-61.64702666426805,15.659424033790199,,,
-246,-61.647041000682236,15.659431100884849,,,
-245,-61.64705533325325,15.659438166577095,,,
-244,-61.647069661981156,15.659445230866952,,,
-243,-61.64708398686589,15.659452293754407,,,
-242,-61.647098307907484,15.659459355239472,,,
-241,-61.647112625105926,15.65946641532214,,,
-240,-61.647126938461234,15.659473474002414,,,
-239,-61.64714124797342,15.659480531280296,,,
-238,-61.647155553642435,15.659487587155779,,,
-237,-61.647169855468306,15.659494641628866,,,
-236,-61.64718415345103,15.659501694699555,,,
-235,-61.64719844759063,15.659508746367855,,,
-234,-61.64721273788706,15.659515796633759,,,
-233,-61.64722702434037,15.659522845497268,,,
-232,-61.64724130695054,15.659529892958378,,,
-231,-61.64725558571753,15.659536939017094,,,
-230,-61.647269860641416,15.65954398367342,,,
-229,-61.64728413172211,15.659551026927344,,,
-228,-61.647298398959684,15.659558068778876,,,
-227,-61.64731266235414,15.659565109228014,,,
-226,-61.64732692190542,15.659572148274753,,,
-225,-61.64734117761356,15.6595791859191,,,
-224,-61.647355429478544,15.659586222161051,,,
-223,-61.64736967750042,15.65959325700061,,,
-222,-61.64738392167913,15.65960029043777,,,
-221,-61.64739816201468,15.659607322472532,,,
-220,-61.6474123985071,15.659614353104905,,,
-219,-61.64742663115638,15.659621382334876,,,
-218,-61.64744085996252,15.659628410162458,,,
-217,-61.6474550849255,15.659635436587644,,,
-216,-61.647469306045366,15.659642461610439,,,
-215,-61.64748352332205,15.65964948523083,,,
-214,-61.647497736755604,15.659656507448826,,,
-213,-61.64751194634603,15.659663528264433,,,
-212,-61.64752615209328,15.659670547677637,,,
-211,-61.64754035399742,15.659677565688456,,,
-210,-61.64755455205839,15.659684582296878,,,
-209,-61.647568746276235,15.6596915975029,,,
-208,-61.64758293665091,15.659698611306526,,,
-207,-61.64759712318244,15.659705623707758,,,
-206,-61.64761130587085,15.659712634706601,,,
-205,-61.64762548471611,15.659719644303042,,,
-204,-61.64763965971823,15.659726652497088,,,
-203,-61.64765383087719,15.65973365928874,,,
-202,-61.647667998193015,15.659740664677997,,,
-201,-61.647682161665685,15.659747668664862,,,
-200,-61.647696321295214,15.659754671249326,,,
-199,-61.64771047708162,15.6597616724314,,,
-198,-61.647724629024864,15.659768672211076,,,
-197,-61.64773877712495,15.65977567058836,,,
-196,-61.64775292138191,15.659782667563245,,,
-195,-61.64776706179573,15.659789663135742,,,
-194,-61.64778119836641,15.659796657305835,,,
-193,-61.64779533109392,15.659803650073531,,,
-192,-61.6478094599783,15.65981064143884,,,
-191,-61.64782358501953,15.659817631401749,,,
-190,-61.647837706217615,15.659824619962261,,,
-189,-61.647851823572566,15.659831607120386,,,
-188,-61.647865937084376,15.659838592876113,,,
-187,-61.64788004675303,15.65984557722944,,,
-186,-61.64789415257852,15.659852560180376,,,
-185,-61.6479082545609,15.659859541728919,,,
-184,-61.64792235270012,15.65986652187506,,,
-183,-61.64793644699622,15.659873500618808,,,
-182,-61.64795053744914,15.659880477960165,,,
-181,-61.64796462405894,15.659887453899124,,,
-180,-61.64797870682558,15.659894428435686,,,
-179,-61.64799278574907,15.659901401569854,,,
-178,-61.64800686082945,15.659908373301631,,,
-177,-61.648020932066665,15.65991534363101,,,
-176,-61.64803499946073,15.659922312557994,,,
-175,-61.64804906301164,15.659929280082581,,,
-174,-61.648063122719435,15.659936246204774,,,
-173,-61.64807717858407,15.65994321092457,,,
-172,-61.64809123060556,15.659950174241974,,,
-171,-61.648105278783916,15.659957136156983,,,
-170,-61.648119323119104,15.659964096669594,,,
-169,-61.64813336361117,15.659971055779812,,,
-168,-61.648147400260065,15.659978013487631,,,
-167,-61.64816143306585,15.659984969793062,,,
-166,-61.648175462028476,15.659991924696094,,,
-165,-61.648189487147945,15.659998878196728,,,
-164,-61.648203508424295,15.660005830294969,,,
-163,-61.64821752585746,15.660012780990812,,,
-162,-61.64823153944755,15.66001973028427,,,
-161,-61.64824554919443,15.660026678175319,,,
-160,-61.64825955509819,15.660033624663983,,,
-159,-61.64827355715881,15.66004056975025,,,
-158,-61.64828755537628,15.660047513434113,,,
-157,-61.6483015497506,15.66005445571559,,,
-156,-61.64831554028177,15.660061396594669,,,
-155,-61.64832952696984,15.660068336071362,,,
-154,-61.648343509814715,15.660075274145646,,,
-153,-61.648357488816465,15.660082210817544,,,
-152,-61.64837146397507,15.660089146087042,,,
-151,-61.64838543529052,15.660096079954142,,,
-150,-61.648399402762855,15.660103012418856,,,
-149,-61.648413366392006,15.660109943481165,,,
-148,-61.64842732617804,15.660116873141087,,,
-147,-61.64844128212091,15.660123801398608,,,
-146,-61.648455234220656,15.660130728253739,,,
-145,-61.64846918247726,15.660137653706473,,,
-144,-61.64848312689069,15.660144577756812,,,
-143,-61.648497067461,15.660151500404753,,,
-142,-61.64851100418815,15.660158421650298,,,
-141,-61.64852493707219,15.660165341493457,,,
-140,-61.64853886611304,15.660172259934209,,,
-139,-61.648552791310784,15.660179176972578,,,
-138,-61.64856671266535,15.660186092608539,,,
-137,-61.64858063017678,15.66019300684211,,,
-136,-61.648594543845086,15.660199919673289,,,
-135,-61.64860845367024,15.66020683110207,,,
-134,-61.64862235965226,15.660213741128459,,,
-133,-61.648636261791104,15.660220649752448,,,
-132,-61.64865016008683,15.660227556974048,,,
-131,-61.648664054539395,15.660234462793243,,,
-130,-61.648677945148805,15.660241367210048,,,
-129,-61.648691831915094,15.660248270224459,,,
-128,-61.64870571483824,15.660255171836479,,,
-127,-61.64871959391823,15.660262072046098,,,
-126,-61.64873346915509,15.660268970853323,,,
-125,-61.64874734054879,15.660275868258156,,,
-124,-61.648761208099344,15.660282764260588,,,
-123,-61.64877507180676,15.660289658860625,,,
-122,-61.64878893167105,15.660296552058275,,,
-121,-61.64880278769217,15.660303443853522,,,
-120,-61.648816639870155,15.660310334246377,,,
-119,-61.64883048820498,15.660317223236833,,,
-118,-61.648844332696704,15.6603241108249,,,
-117,-61.64885817334524,15.660330997010565,,,
-116,-61.64887201015064,15.660337881793838,,,
-115,-61.648885843112915,15.660344765174719,,,
-114,-61.64889967223202,15.6603516471532,,,
-113,-61.648913497508,15.660358527729292,,,
-112,-61.64892731894082,15.660365406902981,,,
-111,-61.64894113653052,15.660372284674281,,,
-110,-61.64895495027706,15.660379161043185,,,
-109,-61.64896876018044,15.660386036009688,,,
-108,-61.64898256624069,15.660392909573801,,,
-107,-61.648996368457794,15.660399781735517,,,
-106,-61.64901016683178,15.660406652494842,,,
-105,-61.6490239613626,15.66041352185177,,,
-104,-61.64903775205026,15.660420389806303,,,
-103,-61.649051538894795,15.660427256358439,,,
-102,-61.64906532189616,15.660434121508176,,,
-101,-61.649079101054426,15.660440985255526,,,
-100,-61.64909287636951,15.660447847600478,,,
-99,-61.649106647841464,15.660454708543034,,,
-98,-61.649120415470264,15.660461568083191,,,
-97,-61.64913417925594,15.660468426220962,,,
-96,-61.64914793919844,15.660475282956329,,,
-95,-61.64916169529783,15.660482138289302,,,
-94,-61.64917544755406,15.660488992219882,,,
-93,-61.64918919596713,15.660495844748064,,,
-92,-61.64920294053707,15.660502695873857,,,
-91,-61.64921668126388,15.660509545597252,,,
-90,-61.649230418147546,15.660516393918254,,,
-89,-61.649244151188036,15.660523240836854,,,
-88,-61.64925788038539,15.660530086353067,,,
-87,-61.64927160573963,15.66053693046688,,,
-86,-61.649285327250695,15.660543773178297,,,
-85,-61.649299044918635,15.660550614487322,,,
-84,-61.64931275874342,15.660557454393949,,,
-83,-61.649326468725064,15.660564292898187,,,
-82,-61.649340174863546,15.660571130000017,,,
-81,-61.649353877158894,15.66057796569946,,,
-80,-61.649367575611116,15.660584799996512,,,
-79,-61.649381270220175,15.66059163289116,,,
-78,-61.64939496098611,15.660598464383423,,,
-77,-61.64940864790888,15.660605294473283,,,
-76,-61.649422330988514,15.660612123160751,,,
-75,-61.64943601022498,15.660618950445818,,,
-74,-61.64944968561833,15.660625776328496,,,
-73,-61.64946335716853,15.660632600808778,,,
-72,-61.64947702487558,15.660639423886666,,,
-71,-61.64949068873949,15.66064624556216,,,
-70,-61.64950434876025,15.660653065835252,,,
-69,-61.64951800493788,15.660659884705954,,,
-68,-61.64953165727237,15.660666702174263,,,
-67,-61.64954530576368,15.66067351824017,,,
-66,-61.64955895041188,15.66068033290369,,,
-65,-61.64957259121691,15.660687146164808,,,
-64,-61.649586228178826,15.660693958023534,,,
-63,-61.64959986129757,15.660700768479861,,,
-62,-61.649613490573195,15.660707577533802,,,
-61,-61.64962711600565,15.660714385185337,,,
-60,-61.64964073759497,15.660721191434483,,,
-59,-61.64965435534114,15.66072799628123,,,
-58,-61.64966796924417,15.660734799725583,,,
-57,-61.649681579304065,15.660741601767544,,,
-56,-61.64969518552081,15.66074840240711,,,
-55,-61.64970878789442,15.660755201644278,,,
-54,-61.64972238642486,15.66076199947905,,,
-53,-61.64973598111217,15.660768795911427,,,
-52,-61.649749571956335,15.66077559094141,,,
-51,-61.64976315895737,15.660782384569002,,,
-50,-61.64977674211523,15.660789176794191,,,
-49,-61.64979032142996,15.660795967616988,,,
-48,-61.64980389690155,15.660802757037391,,,
-47,-61.64981746853,15.660809545055399,,,
-46,-61.649831036315284,15.660816331671008,,,
-45,-61.64984460025745,15.660823116884227,,,
-44,-61.64985816035646,15.660829900695049,,,
-43,-61.64987171661234,15.66083668310348,,,
-42,-61.649885269025056,15.660843464109508,,,
-41,-61.64989881759463,15.660850243713147,,,
-40,-61.64991236232107,15.660857021914387,,,
-39,-61.64992590320435,15.66086379871323,,,
-38,-61.6499394402445,15.660870574109685,,,
-37,-61.64995297344151,15.660877348103739,,,
-36,-61.64996650279536,15.6608841206954,,,
-35,-61.649980028306054,15.660890891884662,,,
-34,-61.64999354997364,15.66089766167154,,,
-33,-61.650007067798064,15.66090443005601,,,
-32,-61.65002058177934,15.660911197038091,,,
-31,-61.65003409191747,15.660917962617773,,,
-30,-61.65004759821246,15.660924726795065,,,
-29,-61.65006110066431,15.660931489569961,,,
-28,-61.650074599273005,15.66093825094246,,,
-27,-61.650088094038566,15.660945010912563,,,
-26,-61.65010158496097,15.66095176948027,,,
-25,-61.65011507204024,15.660958526645587,,,
-24,-61.65012855527638,15.660965282408508,,,
-23,-61.65014203466934,15.660972036769026,,,
-22,-61.650155510219186,15.660978789727158,,,
-21,-61.65016898192587,15.660985541282889,,,
-20,-61.650182449789426,15.66099229143623,,,
-19,-61.65019591380981,15.660999040187168,,,
-18,-61.65020937398706,15.661005787535714,,,
-17,-61.65022283032119,15.66101253348187,,,
-16,-61.65023628281215,15.661019278025625,,,
-15,-61.65024973145997,15.661026021166988,,,
-14,-61.65026317626465,15.661032762905954,,,
-13,-61.65027661722621,15.661039503242531,,,
-12,-61.650290054344595,15.661046242176706,,,
-11,-61.65030348761982,15.661052979708485,,,
-10,-61.650316917051946,15.661059715837876,,,
-9,-61.650330342640885,15.661066450564862,,,
-8,-61.650343764386704,15.661073183889462,,,
-7,-61.65035718228937,15.661079915811662,,,
-6,-61.65037059634891,15.66108664633147,,,
-5,-61.650384006565275,15.661093375448877,,,
-4,-61.6503974129385,15.661100103163891,,,
-3,-61.65041081546861,15.661106829476513,,,
-2,-61.65042421415554,15.661113554386734,,,
-1,-61.65043760899936,15.661120277894568,,,
0,-61.65045100000001,15.661127000000002,,,
1,-61.65046438715752,15.66113372070304,,,
2,-61.650477770471895,15.661140440003686,,,
3,-61.65049114994313,15.661147157901937,,,
4,-61.650504525571215,15.661153874397792,,,
5,-61.65051789735613,15.66116058949125,,,
6,-61.65053126529792,15.66116730318231,,,
7,-61.65054462939658,15.661174015470982,,,
8,-61.65055798965208,15.661180726357255,,,
9,-61.65057134606443,15.661187435841134,,,
10,-61.65058469863366,15.661194143922616,,,
11,-61.65059804735973,15.661200850601704,,,
12,-61.650611392242666,15.6612075558784,,,
13,-61.650624733282434,15.661214259752695,,,
14,-61.65063807047906,15.661220962224593,,,
15,-61.65065140383256,15.661227663294106,,,
16,-61.65066473334291,15.661234362961217,,,
17,-61.65067805901012,15.661241061225933,,,
18,-61.650691380834175,15.661247758088257,,,
19,-61.65070469881509,15.661254453548182,,,
20,-61.65071801295286,15.661261147605714,,,
21,-61.650731323247484,15.66126784026085,,,
22,-61.65074462969896,15.661274531513591,,,
23,-61.6507579323073,15.661281221363936,,,
24,-61.6507712310725,15.661287909811888,,,
25,-61.650784525994546,15.661294596857445,,,
26,-61.65079781707345,15.661301282500606,,,
27,-61.650811104309206,15.66130796674137,,,
28,-61.650824387701824,15.661314649579738,,,
29,-61.6508376672513,15.661321331015717,,,
30,-61.650850942957625,15.661328011049294,,,
31,-61.650864214820814,15.66133468968048,,,
32,-61.65087748284085,15.661341366909271,,,
33,-61.65089074701774,15.661348042735664,,,
34,-61.65090400735148,15.66135471715966,,,
35,-61.650917263842096,15.661361390181264,,,
36,-61.65093051648956,15.661368061800475,,,
37,-61.650943765293874,15.66137473201729,,,
38,-61.650957010255034,15.661381400831706,,,
39,-61.65097025137307,15.661388068243731,,,
40,-61.65098348864797,15.661394734253362,,,
41,-61.65099672207969,15.661401398860592,,,
42,-61.651009951668286,15.66140806206543,,,
43,-61.65102317741374,15.661414723867873,,,
44,-61.65103639931605,15.661421384267921,,,
45,-61.6510496173752,15.661428043265573,,,
46,-61.651062831591226,15.661434700860832,,,
47,-61.6510760419641,15.661441357053693,,,
48,-61.65108924849382,15.661448011844161,,,
49,-61.65110245118041,15.661454665232231,,,
50,-61.65111565002384,15.661461317217908,,,
51,-61.65112884502414,15.661467967801192,,,
52,-61.65114203618129,15.661474616982076,,,
53,-61.65115522349529,15.661481264760566,,,
54,-61.65116840696616,15.661487911136664,,,
55,-61.65118158659387,15.661494556110362,,,
56,-61.65119476237845,15.661501199681672,,,
57,-61.65120793431988,15.661507841850582,,,
58,-61.651221102418155,15.661514482617093,,,
59,-61.6512342666733,15.661521121981215,,,
60,-61.6512474270853,15.661527759942942,,,
61,-61.65126058365414,15.661534396502269,,,
62,-61.65127373637986,15.661541031659207,,,
63,-61.65128688526242,15.661547665413746,,,
64,-61.65130003030183,15.661554297765889,,,
65,-61.65131317149811,15.66156092871564,,,
66,-61.65132630885123,15.661567558262993,,,
67,-61.651339442361234,15.661574186407952,,,
68,-61.651352572028074,15.661580813150518,,,
69,-61.651365697851766,15.661587438490685,,,
70,-61.65137881983231,15.661594062428456,,,
71,-61.65139193796972,15.661600684963837,,,
72,-61.65140505226399,15.661607306096819,,,
73,-61.65141816271511,15.661613925827407,,,
74,-61.651431269323076,15.6616205441556,,,
75,-61.65144437208791,15.661627161081398,,,
76,-61.65145747100959,15.661633776604798,,,
77,-61.651470566088136,15.661640390725804,,,
78,-61.651483657323524,15.661647003444415,,,
79,-61.651496744715786,15.661653614760635,,,
80,-61.6515098282649,15.66166022467446,,,
81,-61.65152290797086,15.661666833185887,,,
82,-61.651535983833675,15.661673440294916,,,
83,-61.65154905585335,15.661680046001552,,,
84,-61.65156212402988,15.661686650305793,,,
85,-61.65157518836327,15.66169325320764,,,
86,-61.65158824885351,15.66169985470709,,,
87,-61.651601305500606,15.661706454804147,,,
88,-61.65161435830456,15.661713053498808,,,
89,-61.65162740726537,15.661719650791076,,,
90,-61.651640452383035,15.661726246680942,,,
91,-61.65165349365755,15.661732841168416,,,
92,-61.65166653108892,15.661739434253494,,,
93,-61.65167956467717,15.661746025936182,,,
94,-61.65169259442224,15.66175261621647,,,
95,-61.651705620324186,15.661759205094363,,,
96,-61.65171864238299,15.661765792569865,,,
97,-61.65173166059863,15.661772378642967,,,
98,-61.65174467497115,15.661778963313676,,,
99,-61.651757685500506,15.66178554658199,,,
100,-61.65177069218673,15.66179212844791,,,
101,-61.65178369502982,15.661798708911434,,,
102,-61.651796694029734,15.66180528797256,,,
103,-61.651809689186535,15.661811865631295,,,
104,-61.65182268050017,15.66181844188763,,,
105,-61.65183566797067,15.661825016741574,,,
106,-61.65184865159802,15.66183159019312,,,
107,-61.651861631382225,15.661838162242272,,,
108,-61.65187460732329,15.661844732889032,,,
109,-61.65188757942122,15.661851302133394,,,
110,-61.65190054767599,15.66185786997536,,,
111,-61.65191351208762,15.66186443641493,,,
112,-61.651926472656115,15.661871001452106,,,
113,-61.651939429381464,15.661877565086892,,,
114,-61.65195238226365,15.661884127319274,,,
115,-61.65196533130271,15.661890688149267,,,
116,-61.65197827649863,15.661897247576864,,,
117,-61.65199121785139,15.661903805602066,,,
118,-61.652004155361006,15.661910362224868,,,
119,-61.65201708902749,15.66191691744528,,,
120,-61.652030018850816,15.661923471263297,,,
121,-61.65204294483101,15.661930023678918,,,
122,-61.65205586696805,15.66193657469214,,,
123,-61.652068785261946,15.661943124302972,,,
124,-61.65208169971272,15.661949672511408,,,
125,-61.65209461032032,15.661956219317446,,,
126,-61.65210751708479,15.661962764721089,,,
127,-61.652120420006106,15.661969308722336,,,
128,-61.652133319084285,15.661975851321191,,,
129,-61.65214621431932,15.661982392517652,,,
130,-61.6521591057112,15.661988932311715,,,
131,-61.65217199325996,15.661995470703383,,,
132,-61.65218487696555,15.662002007692655,,,
133,-61.65219775682801,15.662008543279535,,,
134,-61.65221063284733,15.66201507746402,,,
135,-61.65222350502349,15.662021610246107,,,
136,-61.652236373356516,15.6620281416258,,,
137,-61.6522492378464,15.662034671603099,,,
138,-61.65226209849311,15.662041200177997,,,
139,-61.652274955296704,15.662047727350503,,,
140,-61.65228780825716,15.662054253120617,,,
141,-61.65230065737447,15.662060777488337,,,
142,-61.652313502648624,15.662067300453657,,,
143,-61.652326344079626,15.662073822016582,,,
144,-61.6523391816675,15.662080342177116,,,
145,-61.65235201541223,15.662086860935254,,,
146,-61.6523648453138,15.662093378290992,,,
147,-61.65237767137223,15.662099894244335,,,
148,-61.65239049358752,15.662106408795289,,,
149,-61.65240331195967,15.662112921943843,,,
150,-61.65241612648868,15.662119433690007,,,
151,-61.652428937174534,15.66212594403377,,,
152,-61.65244174401725,15.662132452975142,,,
153,-61.6524545470168,15.662138960514115,,,
154,-61.65246734617324,15.662145466650696,,,
155,-61.65248014148651,15.662151971384878,,,
156,-61.65249293295665,15.66215847471667,,,
157,-61.65250572058365,15.662164976646064,,,
158,-61.652518504367485,15.662171477173061,,,
159,-61.65253128430819,15.662177976297667,,,
160,-61.65254406040574,15.662184474019874,,,
161,-61.65255683266016,15.662190970339687,,,
162,-61.652569601071434,15.662197465257108,,,
163,-61.652582365639546,15.662203958772128,,,
164,-61.65259512636453,15.662210450884759,,,
165,-61.652607883246375,15.662216941594993,,,
166,-61.65262063628506,15.662223430902829,,,
167,-61.65263338548061,15.662229918808272,,,
168,-61.652646130833006,15.662236405311319,,,
169,-61.65265887234227,15.662242890411973,,,
170,-61.65267161000838,15.66224937411023,,,
171,-61.65268434383135,15.662255856406091,,,
172,-61.652697073811176,15.662262337299557,,,
173,-61.652709799947864,15.66226881679063,,,
174,-61.65272252224139,15.662275294879306,,,
175,-61.6527352406918,15.66228177156559,,,
176,-61.652747955299034,15.662288246849474,,,
177,-61.65276066606314,15.662294720730966,,,
178,-61.6527733729841,15.662301193210062,,,
179,-61.65278607606191,15.662307664286761,,,
180,-61.65279877529659,15.662314133961068,,,
181,-61.6528114706881,15.662320602232976,,,
182,-61.652824162236485,15.662327069102492,,,
183,-61.652836849941714,15.66233353456961,,,
184,-61.65284953380381,15.662339998634337,,,
185,-61.65286221382277,15.66234646129667,,,
186,-61.65287488999858,15.662352922556604,,,
187,-61.65288756233123,15.662359382414142,,,
188,-61.652900230820734,15.662365840869285,,,
189,-61.65291289546712,15.662372297922037,,,
190,-61.65292555627035,15.66237875357239,,,
191,-61.65293821323042,15.662385207820348,,,
192,-61.65295086634737,15.662391660665913,,,
193,-61.65296351562115,15.66239811210908,,,
194,-61.65297616105182,15.662404562149856,,,
195,-61.652988802639314,15.662411010788233,,,
196,-61.65300144038367,15.662417458024212,,,
197,-61.653014074284876,15.662423903857803,,,
198,-61.65302670434296,15.662430348288995,,,
199,-61.65303933055788,15.662436791317791,,,
200,-61.65305195292966,15.662443232944195,,,
201,-61.653064571458316,15.662449673168203,,,
202,-61.6530771861438,15.662456111989814,,,
203,-61.65308979698616,15.662462549409032,,,
204,-61.65310240398535,15.66246898542585,,,
205,-61.653115007141416,15.662475420040279,,,
206,-61.65312760645433,15.662481853252313,,,
207,-61.653140201924096,15.662488285061947,,,
208,-61.65315279355073,15.662494715469187,,,
209,-61.653165381334205,15.66250114447403,,,
210,-61.65317796527455,15.662507572076484,,,
211,-61.65319054537175,15.66251399827654,,,
212,-61.65320312162579,15.662520423074199,,,
213,-61.65321569403671,15.662526846469465,,,
214,-61.653228262604465,15.662533268462335,,,
215,-61.65324082732908,15.66253968905281,,,
216,-61.65325338821054,15.662546108240887,,,
217,-61.65326594524887,15.662552526026573,,,
218,-61.65327849844406,15.662558942409863,,,
219,-61.65329104779611,15.66256535739076,,,
220,-61.653303593305,15.662571770969258,,,
221,-61.65331613497075,15.662578183145362,,,
222,-61.65332867279337,15.662584593919073,,,
223,-61.65334120677282,15.662591003290386,,,
224,-61.65335373690913,15.6625974112593,,,
225,-61.65336626320231,15.662603817825826,,,
226,-61.65337878565234,15.662610222989954,,,
227,-61.65339130425922,15.662616626751687,,,
228,-61.65340381902297,15.662623029111026,,,
229,-61.65341632994356,15.662629430067968,,,
230,-61.65342883702101,15.662635829622515,,,
231,-61.65344134025532,15.662642227774667,,,
232,-61.65345383964647,15.662648624524422,,,
233,-61.6534663351945,15.662655019871785,,,
234,-61.653478826899374,15.662661413816753,,,
235,-61.6534913147611,15.662667806359323,,,
236,-61.65350379877968,15.6626741974995,,,
237,-61.653516278955124,15.662680587237281,,,
238,-61.65352875528742,15.662686975572667,,,
239,-61.65354122777657,15.662693362505662,,,
240,-61.65355369642258,15.662699748036255,,,
241,-61.65356616122544,15.662706132164455,,,
242,-61.65357862218517,15.662712514890263,,,
243,-61.653591079301734,15.662718896213672,,,
244,-61.65360353257517,15.662725276134688,,,
245,-61.65361598200544,15.662731654653307,,,
246,-61.653628427592594,15.662738031769532,,,
247,-61.65364086933659,15.662744407483363,,,
248,-61.65365330723745,15.662750781794797,,,
249,-61.65366574129515,15.662757154703836,,,
250,-61.65367817150972,15.66276352621048,,,
251,-61.65369059788114,15.662769896314732,,,
252,-61.65370302040941,15.66277626501658,,,
253,-61.65371543909454,15.662782632316041,,,
254,-61.65372785393653,15.662788998213106,,,
255,-61.653740264935365,15.662795362707776,,,
256,-61.653752672091066,15.662801725800046,,,
257,-61.65376507540362,15.662808087489926,,,
258,-61.65377747487303,15.662814447777407,,,
259,-61.653789870499295,15.662820806662495,,,
260,-61.65380226228241,15.662827164145188,,,
261,-61.65381465022239,15.662833520225487,,,
262,-61.65382703431922,15.662839874903389,,,
263,-61.65383941457291,15.662846228178896,,,
264,-61.65385179098344,15.662852580052007,,,
265,-61.65386416355084,15.662858930522722,,,
266,-61.6538765322751,15.662865279591045,,,
267,-61.65388889715621,15.662871627256973,,,
268,-61.653901258194175,15.662877973520501,,,
269,-61.653913615388994,15.66288431838164,,,
270,-61.65392596874067,15.66289066184038,,,
271,-61.653938318249196,15.662897003896724,,,
272,-61.653950663914586,15.662903344550678,,,
273,-61.653963005736834,15.662909683802232,,,
274,-61.65397534371593,15.662916021651393,,,
275,-61.65398767785189,15.66292235809816,,,
276,-61.65400000814469,15.662928693142527,,,
277,-61.654012334594356,15.662935026784504,,,
278,-61.65402465720089,15.662941359024083,,,
279,-61.65403697596425,15.662947689861268,,,
280,-61.654049290884494,15.662954019296057,,,
281,-61.65406160196157,15.66296034732845,,,
282,-61.654073909195525,15.66296667395845,,,
283,-61.65408621258633,15.662972999186056,,,
284,-61.65409851213397,15.662979323011262,,,
285,-61.654110807838485,15.662985645434077,,,
286,-61.654123099699845,15.662991966454495,,,
287,-61.65413538771807,15.662998286072519,,,
288,-61.654147671893156,15.663004604288146,,,
289,-61.65415995222508,15.663010921101378,,,
290,-61.654172228713875,15.663017236512218,,,
291,-61.654184501359516,15.663023550520661,,,
292,-61.654196770162024,15.663029863126708,,,
293,-61.65420903512137,15.663036174330358,,,
294,-61.65422129623759,15.663042484131616,,,
295,-61.65423355351065,15.663048792530478,,,
296,-61.654245806940565,15.663055099526943,,,
297,-61.654258056527354,15.663061405121017,,,
298,-61.65427030227099,15.663067709312694,,,
299,-61.65428254417148,15.663074012101976,,,
300,-61.654294782228824,15.66308031348886,,,
301,-61.654307016443006,15.663086613473348,,,
302,-61.65431924681407,15.663092912055445,,,
303,-61.65433147334199,15.663099209235149,,,
304,-61.65434369602675,15.663105505012451,,,
305,-61.65435591486838,15.663111799387364,,,
306,-61.65436812986686,15.663118092359879,,,
307,-61.65438034102219,15.663124383929999,,,
308,-61.654392548334386,15.663130674097726,,,
309,-61.65440475180341,15.663136962863051,,,
310,-61.65441695142931,15.663143250225986,,,
311,-61.654429147212085,15.663149536186527,,,
312,-61.654441339151695,15.663155820744668,,,
313,-61.65445352724816,15.663162103900419,,,
314,-61.65446571150148,15.663168385653773,,,
315,-61.65447789191167,15.663174666004732,,,
316,-61.6544900684787,15.663180944953297,,,
317,-61.654502241202586,15.663187222499463,,,
318,-61.65451441008334,15.663193498643237,,,
319,-61.65452657512095,15.663199773384617,,,
320,-61.654538736315395,15.663206046723596,,,
321,-61.6545508936667,15.663212318660184,,,
322,-61.654563047174875,15.66321858919438,,,
323,-61.65457519683991,15.663224858326176,,,
324,-61.654587342661785,15.663231126055578,,,
325,-61.654599484640514,15.663237392382586,,,
326,-61.65461162277611,15.663243657307197,,,
327,-61.654623757068556,15.663249920829417,,,
328,-61.654635887517856,15.663256182949235,,,
329,-61.654648014124,15.66326244366666,,,
330,-61.654660136887024,15.663268702981693,,,
331,-61.654672255806894,15.66327496089433,,,
332,-61.65468437088362,15.663281217404572,,,
333,-61.65469648211719,15.663287472512415,,,
334,-61.65470858950764,15.663293726217866,,,
335,-61.654720693054934,15.663299978520921,,,
336,-61.65473279275907,15.663306229421583,,,
337,-61.65474488862008,15.663312478919847,,,
338,-61.654756980637934,15.663318727015719,,,
339,-61.65476906881265,15.663324973709194,,,
340,-61.654781153144214,15.663331219000272,,,
341,-61.654793233632645,15.663337462888958,,,
342,-61.65480531027792,15.663343705375244,,,
343,-61.654817383080065,15.66334994645914,,,
344,-61.65482945203905,15.66335618614064,,,
345,-61.6548415171549,15.663362424419741,,,
346,-61.65485357842761,15.663368661296452,,,
347,-61.65486563585717,15.663374896770767,,,
348,-61.65487768944357,15.663381130842682,,,
349,-61.65488973918684,15.663387363512205,,,
350,-61.65490178508696,15.663393594779333,,,
351,-61.65491382714396,15.663399824644069,,,
352,-61.6549258653578,15.663406053106407,,,
353,-61.65493789972848,15.663412280166348,,,
354,-61.65494993025604,15.663418505823897,,,
355,-61.65496195694045,15.663424730079049,,,
356,-61.654973979781694,15.663430952931806,,,
357,-61.6549859987798,15.663437174382166,,,
358,-61.65499801393478,15.663443394430132,,,
359,-61.65501002524662,15.663449613075706,,,
360,-61.6550220327153,15.663455830318885,,,
361,-61.65503403634083,15.663462046159662,,,
362,-61.65504603612323,15.66346826059805,,,
363,-61.65505803206246,15.663474473634038,,,
364,-61.655070024158576,15.663480685267634,,,
365,-61.655082012411526,15.663486895498833,,,
366,-61.65509399682136,15.66349310432764,,,
367,-61.655105977388025,15.663499311754052,,,
368,-61.65511795411155,15.663505517778068,,,
369,-61.65512992699193,15.663511722399686,,,
370,-61.65514189602916,15.663517925618908,,,
371,-61.65515386122326,15.663524127435737,,,
372,-61.65516582257421,15.663530327850177,,,
373,-61.65517778008201,15.663536526862213,,,
374,-61.65518973374668,15.663542724471858,,,
375,-61.6552016835682,15.663548920679109,,,
376,-61.65521362954658,15.663555115483963,,,
377,-61.6552255716818,15.66356130888642,,,
378,-61.65523750997387,15.663567500886483,,,
379,-61.655249444422815,15.663573691484151,,,
380,-61.655261375028616,15.663579880679428,,,
381,-61.65527330179126,15.663586068472304,,,
382,-61.655285224710774,15.663592254862786,,,
383,-61.65529714378714,15.663598439850874,,,
384,-61.65530905902034,15.663604623436566,,,
385,-61.65532097041042,15.663610805619864,,,
386,-61.65533287795734,15.663616986400763,,,
387,-61.65534478166113,15.663623165779272,,,
388,-61.65535668152177,15.663629343755385,,,
389,-61.65536857753927,15.663635520329102,,,
390,-61.65538046971361,15.663641695500424,,,
391,-61.65539235804482,15.663647869269347,,,
392,-61.65540424253288,15.66365404163588,,,
393,-61.65541612317781,15.663660212600018,,,
394,-61.65542799997957,15.663666382161757,,,
395,-61.65543987293821,15.663672550321103,,,
396,-61.65545174205369,15.663678717078055,,,
397,-61.655463607326034,15.66368488243261,,,
398,-61.65547546875522,15.663691046384768,,,
399,-61.65548732634128,15.663697208934533,,,
400,-61.655499180084185,15.663703370081905,,,
401,-61.655511029983955,15.66370952982688,,,
402,-61.655522876040564,15.663715688169459,,,
403,-61.65553471825404,15.663721845109645,,,
404,-61.65554655662437,15.663728000647435,,,
405,-61.65555839115156,15.663734154782828,,,
406,-61.65557022183559,15.663740307515825,,,
407,-61.655582048676486,15.663746458846429,,,
408,-61.65559387167424,15.663752608774638,,,
409,-61.65560569082884,15.66375875730045,,,
410,-61.65561750614032,15.66376490442387,,,
411,-61.655629317608636,15.663771050144895,,,
412,-61.6556411252338,15.66377719446352,,,
413,-61.655652929015844,15.663783337379753,,,
414,-61.65566472895471,15.66378947889359,,,
415,-61.65567652505047,15.663795619005034,,,
416,-61.65568831730306,15.663801757714081,,,
417,-61.655700105712505,15.663807895020732,,,
418,-61.65571189027882,15.663814030924991,,,
419,-61.65572367100197,15.66382016542685,,,
420,-61.655735447882,15.663826298526319,,,
421,-61.655747220918876,15.663832430223389,,,
422,-61.65575899011261,15.663838560518068,,,
423,-61.655770755463195,15.663844689410348,,,
424,-61.65578251697064,15.663850816900235,,,
425,-61.655794274634935,15.663856942987724,,,
426,-61.655806028456084,15.66386306767282,,,
427,-61.65581777843409,15.663869190955522,,,
428,-61.65582952456896,15.663875312835827,,,
429,-61.65584126686068,15.663881433313739,,,
430,-61.655853005309254,15.663887552389252,,,
431,-61.65586473991469,15.663893670062372,,,
432,-61.655876470676986,15.663899786333099,,,
433,-61.65588819759611,15.663905901201424,,,
434,-61.655899920672105,15.663912014667357,,,
435,-61.655911639904964,15.6639181267309,,,
436,-61.655923355294675,15.663924237392045,,,
437,-61.65593506684125,15.663930346650796,,,
438,-61.65594677454467,15.663936454507146,,,
439,-61.65595847840494,15.663942560961106,,,
440,-61.655970178422066,15.663948666012669,,,
441,-61.65598187459606,15.663954769661837,,,
442,-61.65599356692689,15.663960871908607,,,
443,-61.6560052554146,15.663966972752986,,,
444,-61.65601694005916,15.66397307219497,,,
445,-61.65602862086057,15.66397917023456,,,
446,-61.65604029781883,15.663985266871752,,,
447,-61.656051970933945,15.663991362106547,,,
448,-61.65606364020592,15.66399745593895,,,
449,-61.656075305634765,15.664003548368958,,,
450,-61.656086967220446,15.664009639396568,,,
451,-61.65609862496299,15.664015729021786,,,
452,-61.65611027886239,15.664021817244606,,,
453,-61.656121928918644,15.664027904065032,,,
454,-61.65613357513176,15.664033989483064,,,
455,-61.656145217501724,15.664040073498702,,,
456,-61.656156856028545,15.66404615611194,,,
457,-61.65616849071223,15.664052237322789,,,
458,-61.65618012155275,15.664058317131238,,,
459,-61.65619174855014,15.664064395537292,,,
460,-61.6562033717044,15.664070472540955,,,
461,-61.65621499101549,15.664076548142218,,,
462,-61.65622660648345,15.664082622341088,,,
463,-61.65623821810826,15.664088695137561,,,
464,-61.656249825889915,15.664094766531644,,,
465,-61.65626142982845,15.664100836523328,,,
466,-61.656273029923824,15.664106905112614,,,
467,-61.65628462617606,15.66411297229951,,,
468,-61.65629621858514,15.664119038084008,,,
469,-61.65630780715109,15.664125102466112,,,
470,-61.656319391873886,15.66413116544582,,,
471,-61.656330972753544,15.664137227023136,,,
472,-61.65634254979006,15.664143287198055,,,
473,-61.65635412298344,15.664149345970577,,,
474,-61.656365692333644,15.664155403340706,,,
475,-61.65637725784072,15.664161459308433,,,
476,-61.656388819504656,15.664167513873775,,,
477,-61.65640037732546,15.664173567036718,,,
478,-61.65641193130308,15.664179618797261,,,
479,-61.65642348143759,15.664185669155415,,,
480,-61.65643502772895,15.664191718111175,,,
481,-61.65644657017717,15.664197765664538,,,
482,-61.65645810878223,15.664203811815502,,,
483,-61.656469643544156,15.664209856564073,,,
484,-61.65648117446293,15.66421589991025,,,
485,-61.656492701538575,15.664221941854032,,,
486,-61.656504224771055,15.664227982395413,,,
487,-61.65651574416041,15.664234021534407,,,
488,-61.65652725970661,15.664240059271005,,,
489,-61.656538771409664,15.664246095605202,,,
490,-61.65655027926958,15.66425213053701,,,
491,-61.65656178328634,15.664258164066418,,,
492,-61.65657328345997,15.664264196193434,,,
493,-61.65658477979045,15.664270226918056,,,
494,-61.65659627227779,15.664276256240278,,,
495,-61.656607760921986,15.66428228416011,,,
496,-61.656619245723014,15.664288310677541,,,
497,-61.65663072668093,15.664294335792581,,,
498,-61.65664220379569,15.664300359505226,,,
499,-61.6566536770673,15.664306381815475,,,
500,-61.65666514649576,15.664312402723327,,,
501,-61.6566766120811,15.664318422228789,,,
502,-61.656688073823275,15.66432444033185,,,
503,-61.65669953172229,15.664330457032516,,,
504,-61.6567109857782,15.66433647233079,,,
505,-61.65672243599094,15.664342486226671,,,
506,-61.656733882360555,15.664348498720154,,,
507,-61.65674532488701,15.66435450981124,,,
508,-61.65675676357032,15.664360519499933,,,
509,-61.6567681984105,15.664366527786232,,,
510,-61.65677962940752,15.664372534670134,,,
511,-61.656791056561396,15.664378540151636,,,
512,-61.656802479872134,15.664384544230751,,,
513,-61.65681389933973,15.664390546907468,,,
514,-61.65682531496417,15.66439654818179,,,
515,-61.65683672674548,15.664402548053713,,,
516,-61.65684813468364,15.664408546523248,,,
517,-61.656859538778654,15.66441454359038,,,
518,-61.65687093903052,15.664420539255122,,,
519,-61.65688233543924,15.664426533517467,,,
520,-61.65689372800483,15.66443252637742,,,
521,-61.65690511672727,15.664438517834974,,,
522,-61.656916501606545,15.664444507890131,,,
523,-61.656927882642705,15.664450496542898,,,
524,-61.6569392598357,15.664456483793268,,,
525,-61.656950633185566,15.664462469641242,,,
526,-61.65696200269228,15.664468454086826,,,
527,-61.65697336835585,15.664474437130007,,,
528,-61.65698473017629,15.664480418770797,,,
529,-61.656996088153576,15.664486399009192,,,
530,-61.6570074422877,15.664492377845189,,,
531,-61.657018792578704,15.664498355278793,,,
532,-61.657030139026546,15.66450433131,,,
533,-61.657041481631246,15.664510305938814,,,
534,-61.65705282039281,15.664516279165234,,,
535,-61.657064155311225,15.664522250989254,,,
536,-61.657075486386496,15.664528221410883,,,
537,-61.657086813618626,15.664534190430118,,,
538,-61.65709813700761,15.664540158046954,,,
539,-61.65710945655344,15.664546124261395,,,
540,-61.657120772256135,15.664552089073444,,,
541,-61.657132084115695,15.664558052483098,,,
542,-61.6571433921321,15.664564014490356,,,
543,-61.657154696305355,15.664569975095214,,,
544,-61.65716599663548,15.664575934297682,,,
545,-61.65717729312244,15.664581892097752,,,
546,-61.65718858576627,15.66458784849543,,,
547,-61.65719987456695,15.664593803490709,,,
548,-61.65721115952449,15.664599757083597,,,
549,-61.65722244063889,15.664605709274088,,,
550,-61.65723371791014,15.664611660062185,,,
551,-61.657244991338246,15.664617609447884,,,
552,-61.657256260923205,15.664623557431186,,,
553,-61.65726752666502,15.664629504012098,,,
554,-61.6572787885637,15.664635449190616,,,
555,-61.65729004661922,15.664641392966733,,,
556,-61.65730130083161,15.664647335340458,,,
557,-61.65731255120086,15.664653276311787,,,
558,-61.657323797726946,15.664659215880723,,,
559,-61.6573350404099,15.664665154047261,,,
560,-61.657346279249694,15.664671090811403,,,
561,-61.657357514246364,15.664677026173154,,,
562,-61.65736874539988,15.664682960132508,,,
563,-61.657379972710245,15.664688892689464,,,
564,-61.657391196177485,15.66469482384403,,,
565,-61.65740241580157,15.6647007535962,,,
566,-61.65741363158251,15.664706681945969,,,
567,-61.6574248435203,15.66471260889335,,,
568,-61.65743605161495,15.66471853443833,,,
569,-61.657447255866465,15.664724458580919,,,
570,-61.65745845627483,15.664730381321112,,,
571,-61.65746965284004,15.664736302658905,,,
572,-61.65748084556211,15.664742222594311,,,
573,-61.657492034441034,15.664748141127316,,,
574,-61.65750321947683,15.664754058257927,,,
575,-61.65751440066947,15.664759973986147,,,
576,-61.65752557801896,15.664765888311965,,,
577,-61.65753675152533,15.664771801235393,,,
578,-61.65754792118853,15.664777712756425,,,
579,-61.657559087008586,15.66478362287506,,,
580,-61.65757024898549,15.664789531591298,,,
581,-61.65758140711928,15.664795438905145,,,
582,-61.65759256140991,15.664801344816597,,,
583,-61.65760371185739,15.66480724932565,,,
584,-61.65761485846174,15.66481315243231,,,
585,-61.65762600122294,15.664819054136577,,,
586,-61.657637140141,15.664824954438451,,,
587,-61.6576482752159,15.664830853337923,,,
588,-61.65765940644766,15.664836750834999,,,
589,-61.65767053383628,15.664842646929683,,,
590,-61.65768165738176,15.664848541621975,,,
591,-61.65769277708408,15.664854434911867,,,
592,-61.657703892943275,15.664860326799367,,,
593,-61.657715004959314,15.664866217284473,,,
594,-61.65772611313223,15.664872106367183,,,
595,-61.65773721746197,15.664877994047492,,,
596,-61.65774831794857,15.664883880325409,,,
597,-61.657759414592036,15.664889765200932,,,
598,-61.657770507392364,15.664895648674062,,,
599,-61.65778159634953,15.664901530744793,,,
600,-61.65779268146357,15.664907411413134,,,
601,-61.65780376273446,15.664913290679076,,,
602,-61.65781484016219,15.664919168542621,,,
603,-61.6578259137468,15.664925045003775,,,
604,-61.657836983488245,15.66493092006253,,,
605,-61.657848049386565,15.664936793718894,,,
606,-61.657859111441724,15.664942665972859,,,
607,-61.65787016965375,15.66494853682443,,,
608,-61.657881224022624,15.664954406273607,,,
609,-61.65789227454835,15.664960274320388,,,
610,-61.65790332123094,15.664966140964772,,,
611,-61.65791436407038,15.664972006206765,,,
612,-61.65792540306668,15.664977870046359,,,
613,-61.657936438219835,15.664983732483558,,,
614,-61.657947469529844,15.664989593518367,,,
615,-61.65795849699672,15.664995453150775,,,
616,-61.657969520620426,15.665001311380788,,,
617,-61.657980540401,15.665007168208408,,,
618,-61.657991556338445,15.665013023633634,,,
619,-61.65800256843273,15.665018877656463,,,
620,-61.658013576683864,15.665024730276897,,,
621,-61.65802458109187,15.665030581494939,,,
622,-61.65803558165673,15.665036431310583,,,
623,-61.65804657837843,15.66504227972383,,,
624,-61.658057571257,15.665048126734682,,,
625,-61.65806856029242,15.665053972343141,,,
626,-61.6580795454847,15.665059816549206,,,
627,-61.65809052683384,15.665065659352871,,,
628,-61.65810150433983,15.665071500754145,,,
629,-61.65811247800267,15.665077340753026,,,
630,-61.65812344782236,15.665083179349505,,,
631,-61.658134413798926,15.665089016543593,,,
632,-61.65814537593233,15.665094852335285,,,
633,-61.6581563342226,15.665100686724585,,,
634,-61.65816728866972,15.665106519711488,,,
635,-61.658178239273695,15.66511235129599,,,
636,-61.658189186034534,15.665118181478105,,,
637,-61.658200128952224,15.66512401025782,,,
638,-61.658211068026766,15.665129837635142,,,
639,-61.65822200325818,15.66513566361007,,,
640,-61.65823293464643,15.665141488182597,,,
641,-61.65824386219153,15.665147311352735,,,
642,-61.65825478589351,15.665153133120478,,,
643,-61.65826570575233,15.665158953485822,,,
644,-61.65827662176801,15.665164772448774,,,
645,-61.658287533940545,15.665170590009327,,,
646,-61.65829844226993,15.665176406167488,,,
647,-61.65830934675618,15.665182220923253,,,
648,-61.658320247399274,15.66518803427662,,,
649,-61.65833114419923,15.665193846227595,,,
650,-61.65834203715605,15.665199656776178,,,
651,-61.658352926269714,15.66520546592236,,,
652,-61.65836381154023,15.665211273666147,,,
653,-61.658374692967605,15.665217080007542,,,
654,-61.65838557055186,15.665222884946541,,,
655,-61.65839644429295,15.665228688483145,,,
656,-61.65840731419089,15.665234490617355,,,
657,-61.6584181802457,15.665240291349168,,,
658,-61.65842904245734,15.665246090678583,,,
659,-61.65843990082586,15.665251888605606,,,
660,-61.65845075535122,15.665257685130234,,,
661,-61.658461606033455,15.66526348025247,,,
662,-61.658472452872545,15.665269273972308,,,
663,-61.65848329586848,15.66527506628975,,,
664,-61.658494135021265,15.665280857204795,,,
665,-61.6585049703309,15.665286646717446,,,
666,-61.6585158017974,15.665292434827702,,,
667,-61.65852662942077,15.665298221535565,,,
668,-61.65853745320098,15.665304006841032,,,
669,-61.658548273138045,15.665309790744104,,,
670,-61.658559089231986,15.665315573244781,,,
671,-61.65856990148276,15.665321354343062,,,
672,-61.658580709890394,15.665327134038945,,,
673,-61.65859151445488,15.665332912332437,,,
674,-61.65860231517623,15.665338689223534,,,
675,-61.65861311205443,15.665344464712232,,,
676,-61.658623905089485,15.665350238798538,,,
677,-61.6586346942814,15.66535601148245,,,
678,-61.65864547963018,15.665361782763965,,,
679,-61.658656261135796,15.665367552643081,,,
680,-61.65866703879828,15.665373321119809,,,
681,-61.65867781261761,15.665379088194136,,,
682,-61.65868858259381,15.66538485386607,,,
683,-61.65869934872686,15.665390618135612,,,
684,-61.65871011101676,15.665396381002752,,,
685,-61.65872086946353,15.665402142467505,,,
686,-61.65873162406713,15.665407902529855,,,
687,-61.658742374827604,15.665413661189817,,,
688,-61.65875312174494,15.665419418447382,,,
689,-61.658763864819115,15.665425174302547,,,
690,-61.65877460405015,15.66543092875532,,,
691,-61.65878533943805,15.6654366818057,,,
692,-61.658796070982795,15.66544243345368,,,
693,-61.65880679868439,15.665448183699265,,,
694,-61.65881752254285,15.665453932542459,,,
695,-61.65882824255818,15.665459679983256,,,
696,-61.658838958730335,15.665465426021656,,,
697,-61.658849671059365,15.665471170657664,,,
698,-61.65886037954525,15.665476913891279,,,
699,-61.65887108418799,15.665482655722496,,,
700,-61.658881784987585,15.665488396151316,,,
701,-61.65889248194402,15.665494135177738,,,
702,-61.65890317505733,15.665499872801771,,,
703,-61.6589138643275,15.665505609023409,,,
704,-61.65892454975451,15.665511343842647,,,
705,-61.65893523133839,15.665517077259494,,,
706,-61.65894590907912,15.665522809273947,,,
707,-61.65895658297669,15.665528539886,,,
708,-61.658967253031136,15.66553426909566,,,
709,-61.658977919242425,15.665539996902924,,,
710,-61.65898858161058,15.665545723307794,,,
711,-61.65899924013558,15.66555144831027,,,
712,-61.65900989481744,15.665557171910347,,,
713,-61.659020545656155,15.665562894108032,,,
714,-61.659031192651724,15.66556861490332,,,
715,-61.65904183580415,15.665574334296213,,,
716,-61.65905247511345,15.665580052286714,,,
717,-61.65906311057958,15.665585768874816,,,
718,-61.65907374220258,15.665591484060526,,,
719,-61.65908436998243,15.66559719784384,,,
720,-61.659094993919126,15.665602910224758,,,
721,-61.65910561401269,15.66560862120328,,,
722,-61.6591162302631,15.665614330779405,,,
723,-61.65912684267038,15.66562003895314,,,
724,-61.659137451234514,15.665625745724478,,,
725,-61.6591480559555,15.66563145109342,,,
726,-61.65915865683334,15.665637155059969,,,
727,-61.659169253868036,15.66564285762412,,,
728,-61.659179847059576,15.665648558785874,,,
729,-61.65919043640798,15.665654258545233,,,
730,-61.65920102191325,15.665659956902202,,,
731,-61.65921160357537,15.665665653856776,,,
732,-61.65922218139435,15.665671349408951,,,
733,-61.65923275537017,15.66567704355873,,,
734,-61.659243325502864,15.665682736306119,,,
735,-61.65925389179238,15.665688427651107,,,
736,-61.65926445423879,15.665694117593702,,,
737,-61.65927501284204,15.665699806133905,,,
738,-61.65928556760215,15.665705493271707,,,
739,-61.65929611851911,15.66571117900712,,,
740,-61.65930666559292,15.665716863340132,,,
741,-61.6593172088236,15.665722546270755,,,
742,-61.659327748211126,15.665728227798976,,,
743,-61.659338283755524,15.665733907924807,,,
744,-61.65934881545676,15.665739586648243,,,
745,-61.65935934331485,15.665745263969278,,,
746,-61.6593698673298,15.665750939887923,,,
747,-61.65938038750163,15.665756614404176,,,
748,-61.65939090383028,15.665762287518026,,,
749,-61.659401416315795,15.665767959229484,,,
750,-61.659411924958164,15.665773629538547,,,
751,-61.6594224297574,15.665779298445216,,,
752,-61.65943293071349,15.66578496594949,,,
753,-61.659443427826425,15.665790632051367,,,
754,-61.65945392109622,15.665796296750852,,,
755,-61.65946441052288,15.665801960047938,,,
756,-61.65947489610639,15.66580762194263,,,
757,-61.65948537784675,15.665813282434927,,,
758,-61.65949585574396,15.665818941524826,,,
759,-61.65950632979804,15.665824599212335,,,
760,-61.65951680000898,15.665830255497447,,,
761,-61.65952726637675,15.66583591038016,,,
762,-61.65953772890141,15.665841563860486,,,
763,-61.65954818758289,15.66584721593841,,,
764,-61.65955864242125,15.66585286661394,,,
765,-61.65956909341646,15.665858515887075,,,
766,-61.65957954056852,15.665864163757817,,,
767,-61.659589983877446,15.665869810226162,,,
768,-61.65960042334323,15.665875455292113,,,
769,-61.659610858965856,15.66588109895567,,,
770,-61.659621290745335,15.665886741216827,,,
771,-61.65963171868168,15.665892382075592,,,
772,-61.659642142774885,15.665898021531962,,,
773,-61.65965256302493,15.665903659585934,,,
774,-61.65966297943184,15.665909296237515,,,
775,-61.65967339199561,15.665914931486702,,,
776,-61.65968380071624,15.665920565333494,,,
777,-61.6596942055937,15.665926197777885,,,
778,-61.65970460662803,15.665931828819879,,,
779,-61.65971500381922,15.665937458459483,,,
780,-61.65972539716728,15.665943086696696,,,
781,-61.65973578667216,15.665948713531504,,,
782,-61.659746172333925,15.665954338963925,,,
783,-61.65975655415253,15.66595996299395,,,
784,-61.659766932127994,15.665965585621576,,,
785,-61.659777306260324,15.665971206846809,,,
786,-61.659787676549485,15.665976826669644,,,
787,-61.659798042995526,15.665982445090085,,,
788,-61.65980840559842,15.665988062108136,,,
789,-61.65981876435816,15.665993677723785,,,
790,-61.65982911927476,15.665999291937043,,,
791,-61.6598394703482,15.666004904747904,,,
792,-61.659849817578525,15.66601051615637,,,
793,-61.65986016096569,15.666016126162443,,,
794,-61.659870500509705,15.666021734766119,,,
795,-61.65988083621059,15.6660273419674,,,
796,-61.659891168068334,15.666032947766288,,,
797,-61.65990149608291,15.666038552162776,,,
798,-61.659911820254344,15.66604415515687,,,
799,-61.65992214058265,15.666049756748572,,,
800,-61.659932457067804,15.666055356937877,,,
801,-61.659942769709836,15.666060955724788,,,
802,-61.659953078508686,15.666066553109301,,,
803,-61.65996338346442,15.666072149091422,,,
804,-61.659973684577,15.666077743671147,,,
805,-61.65998398184643,15.666083336848477,,,
806,-61.65999427527271,15.666088928623406,,,
807,-61.66000456485586,15.666094518995948,,,
808,-61.660014850595864,15.666100107966093,,,
809,-61.660025132492706,15.666105695533838,,,
810,-61.66003541054642,15.666111281699193,,,
811,-61.660045684757,15.666116866462154,,,
812,-61.66005595512443,15.666122449822714,,,
813,-61.6600662216487,15.666128031780884,,,
814,-61.66007648432982,15.666133612336655,,,
815,-61.66008674316782,15.666139191490032,,,
816,-61.660096998162665,15.666144769241017,,,
817,-61.660107249314365,15.666150345589601,,,
818,-61.660117496622924,15.666155920535797,,,
819,-61.66012774008833,15.666161494079592,,,
820,-61.660137979710605,15.666167066220995,,,
821,-61.66014821548974,15.666172636960004,,,
822,-61.6601584474257,15.666178206296612,,,
823,-61.66016867551854,15.666183774230829,,,
824,-61.66017889976823,15.666189340762651,,,
825,-61.66018912017477,15.666194905892077,,,
826,-61.66019933673817,15.666200469619104,,,
827,-61.660209549458436,15.66620603194374,,,
828,-61.66021975833555,15.666211592865984,,,
829,-61.660229963369524,15.66621715238583,,,
830,-61.66024016456034,15.666222710503279,,,
831,-61.66025036190803,15.666228267218335,,,
832,-61.66026055541257,15.666233822530996,,,
833,-61.66027074507395,15.66623937644126,,,
834,-61.66028093089219,15.666244928949126,,,
835,-61.660291112867284,15.666250480054602,,,
836,-61.660301290999264,15.666256029757681,,,
837,-61.660311465288075,15.666261578058368,,,
838,-61.66032163573374,15.666267124956656,,,
839,-61.660331802336266,15.666272670452548,,,
840,-61.66034196509565,15.666278214546047,,,
841,-61.66035212401189,15.666283757237151,,,
842,-61.660362279084964,15.666289298525857,,,
843,-61.660372430314915,15.666294838412172,,,
844,-61.660382577701725,15.666300376896091,,,
845,-61.66039272124539,15.666305913977615,,,
846,-61.660402860945894,15.66631144965674,,,
847,-61.66041299680326,15.666316983933472,,,
848,-61.66042312881749,15.66632251680781,,,
849,-61.66043325698857,15.666328048279754,,,
850,-61.660443381316504,15.6663335783493,,,
851,-61.6604535018013,15.66633910701645,,,
852,-61.66046361844295,15.66634463428121,,,
853,-61.66047373124146,15.66635016014357,,,
854,-61.66048384019681,15.666355684603536,,,
855,-61.660493945309014,15.666361207661106,,,
856,-61.6605040465781,15.666366729316282,,,
857,-61.660514144004026,15.666372249569067,,,
858,-61.6605242375868,15.666377768419448,,,
859,-61.660534327326445,15.666383285867441,,,
860,-61.660544413222944,15.666388801913037,,,
861,-61.66055449527628,15.666394316556234,,,
862,-61.66056457348648,15.666399829797042,,,
863,-61.66057464785354,15.66640534163545,,,
864,-61.66058471837746,15.666410852071465,,,
865,-61.66059478505824,15.666416361105087,,,
866,-61.66060484789585,15.66642186873631,,,
867,-61.660614906890345,15.66642737496514,,,
868,-61.66062496204168,15.666432879791573,,,
869,-61.66063501334988,15.666438383215613,,,
870,-61.660645060814915,15.666443885237255,,,
871,-61.66065510443683,15.666449385856502,,,
872,-61.660665144215585,15.666454885073358,,,
873,-61.66067518015121,15.66646038288782,,,
874,-61.66068521224368,15.66646587929988,,,
875,-61.66069524049299,15.666471374309545,,,
876,-61.660705264899185,15.666476867916817,,,
877,-61.66071528546222,15.666482360121698,,,
878,-61.660725302182115,15.66648785092418,,,
879,-61.66073531505887,15.666493340324267,,,
880,-61.66074532409247,15.666498828321961,,,
881,-61.660755329282935,15.666504314917258,,,
882,-61.66076533063025,15.666509800110157,,,
883,-61.66077532813442,15.666515283900665,,,
884,-61.660785321795444,15.666520766288773,,,
885,-61.66079531161334,15.666526247274493,,,
886,-61.66080529758808,15.666531726857814,,,
887,-61.660815279719664,15.66653720503874,,,
888,-61.66082525800812,15.66654268181727,,,
889,-61.66083523245342,15.666548157193406,,,
890,-61.660845203055594,15.666553631167147,,,
891,-61.660855169814596,15.666559103738491,,,
892,-61.66086513273048,15.666564574907442,,,
893,-61.660875091803206,15.666570044673998,,,
894,-61.660885047032785,15.666575513038158,,,
895,-61.66089499841923,15.666580979999924,,,
896,-61.660904945962514,15.66658644555929,,,
897,-61.66091488966267,15.666591909716265,,,
898,-61.66092482951968,15.666597372470845,,,
899,-61.66093476553354,15.666602833823028,,,
900,-61.66094469770425,15.66660829377282,,,
901,-61.66095462603184,15.666613752320215,,,
902,-61.660964550516255,15.66661920946521,,,
903,-61.66097447115754,15.666624665207813,,,
904,-61.66098438795568,15.66663011954802,,,
905,-61.66099430091069,15.666635572485836,,,
906,-61.66100421002254,15.666641024021255,,,
907,-61.66101411529124,15.666646474154277,,,
908,-61.6610240167168,15.666651922884904,,,
909,-61.66103391429924,15.666657370213137,,,
910,-61.6610438080385,15.666662816138974,,,
911,-61.66105369793461,15.666668260662414,,,
912,-61.661063583987605,15.666673703783461,,,
913,-61.66107346619746,15.666679145502114,,,
914,-61.661083344564155,15.666684585818372,,,
915,-61.6610932190877,15.666690024732231,,,
916,-61.66110308976812,15.6666954622437,,,
917,-61.66111295660537,15.666700898352767,,,
918,-61.661122819599484,15.666706333059444,,,
919,-61.661132678750455,15.666711766363724,,,
920,-61.66114253405829,15.666717198265612,,,
921,-61.66115238552298,15.666722628765102,,,
922,-61.661162233144516,15.666728057862198,,,
923,-61.661172076922924,15.666733485556897,,,
924,-61.661181916858155,15.666738911849201,,,
925,-61.66119175295027,15.666744336739113,,,
926,-61.66120158519925,15.666749760226628,,,
927,-61.66121141360506,15.666755182311745,,,
928,-61.66122123816774,15.666760602994472,,,
929,-61.66123105888727,15.666766022274802,,,
930,-61.66124087576365,15.666771440152733,,,
931,-61.661250688796905,15.666776856628273,,,
932,-61.661260497986994,15.666782271701416,,,
933,-61.66127030333395,15.666787685372165,,,
934,-61.661280104837765,15.666793097640522,,,
935,-61.66128990249841,15.666798508506474,,,
936,-61.661299696315936,15.666803917970041,,,
937,-61.66130948629032,15.66680932603121,,,
938,-61.66131927242155,15.666814732689982,,,
939,-61.661329054709626,15.666820137946358,,,
940,-61.66133883315457,15.666825541800339,,,
941,-61.66134860775638,15.666830944251927,,,
942,-61.66135837851504,15.666836345301121,,,
943,-61.66136814543054,15.666841744947916,,,
944,-61.66137790850291,15.666847143192319,,,
945,-61.661387667732114,15.666852540034323,,,
946,-61.661397423118196,15.666857935473935,,,
947,-61.66140717466113,15.666863329511152,,,
948,-61.66141692236092,15.666868722145974,,,
949,-61.661426666217565,15.666874113378402,,,
950,-61.66143640623107,15.666879503208433,,,
951,-61.66144614240141,15.666884891636066,,,
952,-61.66145587472862,15.666890278661306,,,
953,-61.66146560321269,15.666895664284151,,,
954,-61.661475327853616,15.666901048504604,,,
955,-61.661485048651386,15.666906431322655,,,
956,-61.66149476560603,15.666911812738318,,,
957,-61.66150447871752,15.666917192751583,,,
958,-61.661514187985865,15.666922571362454,,,
959,-61.661523893411065,15.666927948570926,,,
960,-61.6615335949931,15.666933324377002,,,
961,-61.66154329273202,15.666938698780688,,,
962,-61.6615529866278,15.666944071781979,,,
963,-61.661562676680404,15.66694944338087,,,
964,-61.66157236288989,15.66695481357737,,,
965,-61.661582045256225,15.666960182371476,,,
966,-61.66159172377941,15.666965549763182,,,
967,-61.66160139845945,15.666970915752493,,,
968,-61.66161106929635,15.666976280339412,,,
969,-61.66162073629011,15.666981643523934,,,
970,-61.66163039944073,15.666987005306064,,,
971,-61.66164005874818,15.666992365685795,,,
972,-61.661649714212516,15.666997724663133,,,
973,-61.66165936583368,15.667003082238075,,,
974,-61.66166901361172,15.667008438410623,,,
975,-61.66167865754661,15.667013793180773,,,
976,-61.66168829763835,15.667019146548528,,,
977,-61.66169793388696,15.667024498513891,,,
978,-61.661707566292414,15.667029849076858,,,
979,-61.661717194854724,15.667035198237429,,,
980,-61.661726819573886,15.667040545995603,,,
981,-61.66173644044991,15.667045892351384,,,
982,-61.66174605748279,15.66705123730477,,,
983,-61.66175567067253,15.667056580855762,,,
984,-61.66176528001911,15.667061923004354,,,
985,-61.66177488552257,15.66706726375056,,,
986,-61.66178448718287,15.667072603094363,,,
987,-61.66179408500002,15.667077941035771,,,
988,-61.661803678974024,15.667083277574783,,,
989,-61.661813269104904,15.667088612711405,,,
990,-61.661822855392636,15.66709394644563,,,
991,-61.661832437837205,15.667099278777458,,,
992,-61.66184201643864,15.667104609706891,,,
993,-61.66185159119693,15.667109939233931,,,
994,-61.66186116211208,15.667115267358577,,,
995,-61.66187072918408,15.667120594080824,,,
996,-61.661880292412924,15.667125919400675,,,
997,-61.66188985179865,15.667131243318137,,,
998,-61.66189940734122,15.667136565833196,,,
999,-61.66190895904064,15.667141886945867,,,
1000,-61.66191850689692,15.66714720665614,,,
1001,-61.66192805091005,15.667152524964015,,,
1002,-61.66193759108005,15.667157841869496,,,
1003,-61.6619471274069,15.667163157372588,,,
1004,-61.66195665989059,15.667168471473277,,,
1005,-61.66196618853115,15.667173784171574,,,
1006,-61.66197571332858,15.66717909546748,,,
1007,-61.66198523428284,15.667184405360983,,,
1008,-61.66199475139395,15.667189713852093,,,
1009,-61.662004264661945,15.66719502094081,,,
1010,-61.66201377408679,15.667200326627132,,,
1011,-61.66202327966848,15.66720563091106,,,
1012,-61.662032781407014,15.667210933792587,,,
1013,-61.66204227930242,15.667216235271725,,,
1014,-61.66205177335469,15.667221535348466,,,
1015,-61.6620612635638,15.667226834022811,,,
1016,-61.662070749929754,15.667232131294757,,,
1017,-61.66208023245259,15.667237427164316,,,
1018,-61.66208971113226,15.667242721631473,,,
1019,-61.66209918596881,15.66724801469624,,,
1020,-61.6621086569622,15.667253306358607,,,
1021,-61.66211812411245,15.667258596618584,,,
1022,-61.662127587419555,15.66726388547616,,,
1023,-61.6621370468835,15.667269172931345,,,
1024,-61.662146502504314,15.667274458984133,,,
1025,-61.66215595428199,15.667279743634529,,,
1026,-61.66216540221652,15.667285026882528,,,
1027,-61.6621748463079,15.667290308728129,,,
1028,-61.66218428655614,15.667295589171339,,,
1029,-61.66219372296123,15.66730086821215,,,
1030,-61.66220315552318,15.667306145850569,,,
1031,-61.66221258424199,15.667311422086593,,,
1032,-61.66222200911764,15.667316696920217,,,
1033,-61.662231430150165,15.66732197035145,,,
1034,-61.66224084733953,15.66732724238029,,,
1035,-61.66225026068576,15.66733251300673,,,
1036,-61.66225967018885,15.667337782230778,,,
1037,-61.66226907584877,15.667343050052427,,,
1038,-61.662278477665566,15.667348316471687,,,
1039,-61.66228787563924,15.667353581488547,,,
1040,-61.66229726976972,15.667358845103012,,,
1041,-61.66230666005709,15.667364107315086,,,
1042,-61.66231604650131,15.66736936812476,,,
1043,-61.66232542910238,15.667374627532041,,,
1044,-61.662334807860304,15.667379885536928,,,
1045,-61.66234418277508,15.667385142139416,,,
1046,-61.66235355384673,15.667390397339513,,,
1047,-61.66236292107522,15.667395651137214,,,
1048,-61.66237228446056,15.667400903532515,,,
1049,-61.66238164400277,15.667406154525427,,,
1050,-61.66239099970183,15.66741140411594,,,
1051,-61.66240035155775,15.66741665230406,,,
1052,-61.66240969957052,15.667421899089783,,,
1053,-61.66241904374015,15.667427144473114,,,
1054,-61.662428384066644,15.667432388454047,,,
1055,-61.66243772054999,15.66743763103259,,,
1056,-61.66244705319016,15.667442872208731,,,
1057,-61.66245638198721,15.667448111982477,,,
1058,-61.66246570694113,15.667453350353833,,,
1059,-61.662475028051894,15.667458587322791,,,
1060,-61.6624843453195,15.667463822889353,,,
1061,-61.66249365874397,15.667469057053522,,,
1062,-61.66250296832531,15.667474289815294,,,
1063,-61.6625122740635,15.667479521174672,,,
1064,-61.66252157595853,15.667484751131653,,,
1065,-61.662530874010415,15.667489979686238,,,
1066,-61.66254016821917,15.667495206838433,,,
1067,-61.66254945858478,15.66750043258823,,,
1068,-61.66255874510724,15.66750565693563,,,
1069,-61.66256802778656,15.667510879880638,,,
1070,-61.662577306622744,15.667516101423251,,,
1071,-61.662586581615756,15.667521321563466,,,
1072,-61.66259585276565,15.667526540301287,,,
1073,-61.662605120072385,15.667531757636711,,,
1074,-61.66261438353599,15.667536973569742,,,
1075,-61.66262364315644,15.667542188100379,,,
1076,-61.662632898933744,15.667547401228619,,,
1077,-61.66264215086791,15.667552612954466,,,
1078,-61.662651398958914,15.667557823277914,,,
1079,-61.66266064320679,15.667563032198968,,,
1080,-61.662669883611535,15.66756823971763,,,
1081,-61.6626791201731,15.667573445833892,,,
1082,-61.66268835289156,15.667578650547764,,,
1083,-61.66269758176686,15.667583853859238,,,
1084,-61.66270680679901,15.667589055768316,,,
1085,-61.66271602798799,15.667594256274997,,,
1086,-61.662725245333874,15.667599455379289,,,
1087,-61.662734458836596,15.667604653081185,,,
1088,-61.66274366849617,15.667609849380682,,,
1089,-61.662752874312595,15.667615044277783,,,
1090,-61.66276207628589,15.667620237772494,,,
1091,-61.66277127441602,15.667625429864808,,,
1092,-61.662780468703026,15.667630620554723,,,
1093,-61.66278965914687,15.667635809842242,,,
1094,-61.66279884574758,15.667640997727373,,,
1095,-61.66280802850515,15.667646184210104,,,
1096,-61.66281720741956,15.667651369290441,,,
1097,-61.66282638249085,15.667656552968385,,,
1098,-61.66283555371897,15.667661735243929,,,
1099,-61.66284472110396,15.667666916117081,,,
1100,-61.6628538846458,15.66767209558784,,,
1101,-61.66286304434449,15.6676772736562,,,
1102,-61.66287220020005,15.667682450322166,,,
1103,-61.662881352212466,15.667687625585739,,,
1104,-61.66289050038173,15.667692799446913,,,
1105,-61.66289964470784,15.667697971905692,,,
1106,-61.66290878519081,15.667703142962077,,,
1107,-61.66291792183065,15.66770831261607,,,
1108,-61.66292705462734,15.667713480867667,,,
1109,-61.66293618358088,15.667718647716866,,,
1110,-61.662945308691285,15.66772381316367,,,
1111,-61.66295442995853,15.66772897720808,,,
1112,-61.66296354738264,15.667734139850094,,,
1113,-61.66297266096361,15.667739301089714,,,
1114,-61.66298177070142,15.667744460926935,,,
1115,-61.66299087659611,15.667749619361768,,,
1116,-61.66299997864764,15.667754776394201,,,
1117,-61.66300907685602,15.66775993202424,,,
1118,-61.66301817122127,15.667765086251883,,,
1119,-61.66302726174337,15.667770239077132,,,
1120,-61.66303634842232,15.667775390499983,,,
1121,-61.663045431258126,15.667780540520441,,,
1122,-61.66305451025079,15.667785689138507,,,
1123,-61.66306358540032,15.667790836354174,,,
1124,-61.663072656706696,15.667795982167446,,,
1125,-61.66308172416993,15.667801126578324,,,
1126,-61.66309078779001,15.667806269586805,,,
1127,-61.66309984756696,15.667811411192893,,,
1128,-61.66310890350076,15.667816551396585,,,
1129,-61.6631179555914,15.66782169019788,,,
1130,-61.66312700383892,15.667826827596782,,,
1131,-61.663136048243295,15.66783196359329,,,
1132,-61.66314508880453,15.667837098187404,,,
1133,-61.66315412552259,15.667842231379117,,,
1134,-61.66316315839751,15.667847363168436,,,
1135,-61.66317218742931,15.667852493555362,,,
1136,-61.66318121261796,15.667857622539895,,,
1137,-61.66319023396346,15.66786275012203,,,
1138,-61.66319925146581,15.66786787630177,,,
1139,-61.66320826512503,15.667873001079117,,,
1140,-61.66321727494108,15.667878124454065,,,
1141,-61.663226280914024,15.667883246426623,,,
1142,-61.66323528304378,15.667888366996777,,,
1143,-61.66324428133043,15.667893486164543,,,
1144,-61.66325327577391,15.667898603929915,,,
1145,-61.66326226637427,15.66790372029289,,,
1146,-61.663271253131455,15.667908835253465,,,
1147,-61.66328023604552,15.667913948811652,,,
1148,-61.66328921511643,15.667919060967442,,,
1149,-61.6632981903442,15.667924171720832,,,
1150,-61.66330716172882,15.667929281071832,,,
1151,-61.6633161292703,15.667934389020436,,,
1152,-61.66332509296864,15.667939495566644,,,
1153,-61.66333405282383,15.667944600710454,,,
1154,-61.66334300883588,15.667949704451875,,,
1155,-61.66335196100477,15.667954806790895,,,
1156,-61.66336090933052,15.667959907727523,,,
1157,-61.66336985381314,15.667965007261756,,,
1158,-61.66337879445261,15.667970105393593,,,
1159,-61.66338773124894,15.667975202123035,,,
1160,-61.66339666420212,15.667980297450084,,,
1161,-61.66340559331214,15.667985391374733,,,
1162,-61.663414518579025,15.667990483896988,,,
1163,-61.66342344000278,15.66799557501685,,,
1164,-61.66343235758339,15.668000664734317,,,
1165,-61.663441271320835,15.668005753049387,,,
1166,-61.66345018121515,15.668010839962061,,,
1167,-61.66345908726633,15.668015925472346,,,
1168,-61.663467989474356,15.668021009580231,,,
1169,-61.66347688783923,15.668026092285722,,,
1170,-61.66348578236096,15.668031173588815,,,
1171,-61.66349467303956,15.668036253489513,,,
1172,-61.66350355987501,15.66804133198782,,,
1173,-61.663512442867294,15.668046409083729,,,
1174,-61.66352132201647,15.668051484777244,,,
1175,-61.66353019732247,15.668056559068365,,,
1176,-61.66353906878534,15.668061631957087,,,
1177,-61.66354793640507,15.668066703443415,,,
1178,-61.66355680018165,15.66807177352735,,,
1179,-61.66356566011508,15.668076842208887,,,
1180,-61.663574516205394,15.668081909488034,,,
1181,-61.66358336845253,15.668086975364783,,,
1182,-61.663592216856536,15.668092039839133,,,
1183,-61.66360106141739,15.66809710291109,,,
1184,-61.6636099021351,15.668102164580654,,,
1185,-61.66361873900968,15.668107224847825,,,
1186,-61.663627572041094,15.668112283712595,,,
1187,-61.663636401229375,15.668117341174973,,,
1188,-61.663645226574516,15.668122397234956,,,
1189,-61.66365404807651,15.668127451892543,,,
1190,-61.66366286573534,15.66813250514773,,,
1191,-61.663671679551044,15.668137557000527,,,
1192,-61.663680489523614,15.668142607450932,,,
1193,-61.66368929565304,15.668147656498938,,,
1194,-61.663698097939296,15.668152704144548,,,
1195,-61.66370689638243,15.668157750387765,,,
1196,-61.663715690982414,15.668162795228588,,,
1197,-61.66372448173924,15.668167838667012,,,
1198,-61.66373326865294,15.668172880703043,,,
1199,-61.66374205172349,15.668177921336678,,,
1200,-61.6637508309509,15.66818296056792,,,
1201,-61.663759606335155,15.668187998396764,,,
1202,-61.663768377876266,15.668193034823213,,,
1203,-61.663777145574244,15.668198069847271,,,
1204,-61.66378590942906,15.66820310346893,,,
1205,-61.66379466944075,15.668208135688191,,,
1206,-61.663803425609295,15.668213166505058,,,
1207,-61.66381217793468,15.668218195919534,,,
1208,-61.66382092641693,15.668223223931614,,,
1209,-61.663829671056035,15.668228250541299,,,
1210,-61.66383841185199,15.66823327574859,,,
1211,-61.663847148804805,15.668238299553481,,,
1212,-61.66385588191448,15.668243321955979,,,
1213,-61.66386461118101,15.66824834295608,,,
1214,-61.6638733366044,15.668253362553791,,,
1215,-61.66388205818463,15.668258380749103,,,
1216,-61.66389077592173,15.66826339754202,,,
1217,-61.663899489815684,15.668268412932546,,,
1218,-61.66390819986647,15.668273426920669,,,
1219,-61.663916906074135,15.668278439506402,,,
1220,-61.66392560843867,15.668283450689742,,,
1221,-61.66393430696004,15.66828846047068,,,
1222,-61.66394300163826,15.66829346884923,,,
1223,-61.66395169247335,15.668298475825383,,,
1224,-61.66396037946529,15.668303481399137,,,
1225,-61.66396906261407,15.668308485570497,,,
1226,-61.66397774191972,15.668313488339464,,,
1227,-61.66398641738223,15.668318489706035,,,
1228,-61.663995089001595,15.668323489670211,,,
1229,-61.66400375677781,15.66832848823199,,,
1230,-61.66401242071089,15.66833348539138,,,
1231,-61.66402108080082,15.668338481148368,,,
1232,-61.66402973704759,15.66834347550296,,,
1233,-61.664038389451235,15.66834846845516,,,
1234,-61.66404703801174,15.668353460004967,,,
1235,-61.664055682729085,15.668358450152375,,,
1236,-61.6640643236033,15.668363438897392,,,
1237,-61.664072960634364,15.66836842624001,,,
1238,-61.66408159382228,15.668373412180236,,,
1239,-61.664090223167044,15.668378396718063,,,
1240,-61.66409884866867,15.668383379853495,,,
1241,-61.664107470327146,15.668388361586535,,,
1242,-61.6641160881425,15.668393341917177,,,
1243,-61.66412470211469,15.668398320845428,,,
1244,-61.66413331224375,15.668403298371281,,,
1245,-61.66414191852966,15.668408274494737,,,
1246,-61.66415052097241,15.6684132492158,,,
1247,-61.664159119572034,15.668418222534466,,,
1248,-61.664167714328514,15.66842319445074,,,
1249,-61.66417630524183,15.668428164964617,,,
1250,-61.664184892312015,15.6684331340761,,,
1251,-61.66419347553906,15.668438101785185,,,
1252,-61.66420205492297,15.66844306809188,,,
1253,-61.664210630463714,15.668448032996176,,,
1254,-61.66421920216131,15.668452996498079,,,
1255,-61.664227770015785,15.668457958597585,,,
1256,-61.6642363340271,15.668462919294695,,,
1257,-61.664244894195285,15.66846787858941,,,
1258,-61.66425345052031,15.668472836481733,,,
1259,-61.66426200300219,15.66847779297166,,,
1260,-61.664270551640925,15.668482748059185,,,
1261,-61.66427909643652,15.668487701744324,,,
1262,-61.66428763738898,15.668492654027062,,,
1263,-61.664296174498304,15.66849760490741,,,
1264,-61.664304707764465,15.66850255438536,,,
1265,-61.664313237187486,15.668507502460914,,,
1266,-61.66432176276736,15.668512449134075,,,
1267,-61.66433028450408,15.668517394404837,,,
1268,-61.664338802397666,15.668522338273206,,,
1269,-61.664347316448115,15.668527280739182,,,
1270,-61.66435582665541,15.668532221802758,,,
1271,-61.664364333019556,15.668537161463945,,,
1272,-61.66437283554057,15.668542099722734,,,
1273,-61.66438133421844,15.668547036579126,,,
1274,-61.66438982905316,15.668551972033125,,,
1275,-61.66439832004473,15.668556906084728,,,
1276,-61.66440680719316,15.668561838733936,,,
1277,-61.664415290498454,15.66856676998075,,,
1278,-61.66442376996059,15.668571699825165,,,
1279,-61.66443224557959,15.66857662826719,,,
1280,-61.664440717355454,15.668581555306817,,,
1281,-61.664449185288156,15.668586480944047,,,
1282,-61.66445764937772,15.668591405178883,,,
1283,-61.66446610962414,15.668596328011327,,,
1284,-61.66447456602742,15.668601249441373,,,
1285,-61.664483018587546,15.668606169469022,,,
1286,-61.66449146730454,15.66861108809428,,,
1287,-61.66449991217838,15.668616005317142,,,
1288,-61.66450835320908,15.668620921137608,,,
1289,-61.66451679039663,15.668625835555678,,,
1290,-61.66452522374104,15.668630748571353,,,
1291,-61.66453365324231,15.668635660184634,,,
1292,-61.664542078900425,15.668640570395521,,,
1293,-61.66455050071541,15.668645479204013,,,
1294,-61.66455891868725,15.668650386610105,,,
1295,-61.66456733281593,15.668655292613806,,,
1296,-61.66457574310147,15.66866019721511,,,
1297,-61.66458414954387,15.668665100414021,,,
1298,-61.664592552143134,15.668670002210535,,,
1299,-61.66460095089924,15.668674902604653,,,
1300,-61.6646093458122,15.668679801596376,,,
1301,-61.66461773688203,15.668684699185706,,,
1302,-61.6646261241087,15.66868959537264,,,
1303,-61.66463450749224,15.668694490157177,,,
1304,-61.66464288703263,15.668699383539321,,,
1305,-61.664651262729876,15.66870427551907,,,
1306,-61.66465963458398,15.668709166096424,,,
1307,-61.66466800259493,15.668714055271382,,,
1308,-61.66467636676274,15.668718943043945,,,
1309,-61.6646847270874,15.66872382941411,,,
1310,-61.66469308356892,15.668728714381881,,,
1311,-61.6647014362073,15.668733597947263,,,
1312,-61.664709785002536,15.668738480110243,,,
1313,-61.66471812995463,15.66874336087083,,,
1314,-61.664726471063574,15.668748240229027,,,
1315,-61.66473480832937,15.668753118184817,,,
1316,-61.664743141752034,15.668757994738222,,,
1317,-61.664751471331535,15.668762869889225,,,
1318,-61.6647597970679,15.668767743637838,,,
1319,-61.664768118961135,15.668772615984057,,,
1320,-61.66477643701121,15.668777486927874,,,
1321,-61.66478475121816,15.668782356469302,,,
1322,-61.664793061581946,15.668787224608332,,,
1323,-61.66480136810258,15.668792091344963,,,
1324,-61.664809670780095,15.668796956679206,,,
1325,-61.66481796961444,15.668801820611051,,,
1326,-61.66482626460566,15.6688066831405,,,
1327,-61.66483455575373,15.668811544267557,,,
1328,-61.66484284305865,15.668816403992215,,,
1329,-61.664851126520425,15.66882126231448,,,
1330,-61.66485940613906,15.668826119234348,,,
1331,-61.66486768191455,15.668830974751822,,,
1332,-61.66487595384689,15.6688358288669,,,
1333,-61.664884221936106,15.668840681579585,,,
1334,-61.66489248618216,15.668845532889874,,,
1335,-61.66490074658507,15.668850382797768,,,
1336,-61.664909003144835,15.668855231303265,,,
1337,-61.664917255861454,15.668860078406368,,,
1338,-61.664925504734946,15.668864924107078,,,
1339,-61.664933749765275,15.66886976840539,,,
1340,-61.66494199095247,15.668874611301309,,,
1341,-61.66495022829652,15.668879452794831,,,
1342,-61.66495846179742,15.668884292885958,,,
1343,-61.664966691455184,15.668889131574693,,,
1344,-61.66497491726979,15.668893968861026,,,
1345,-61.66498313924126,15.668898804744966,,,
1346,-61.664991357369594,15.668903639226516,,,
1347,-61.66499957165477,15.668908472305667,,,
1348,-61.6650077820968,15.668913303982421,,,
1349,-61.66501598869569,15.668918134256787,,,
1350,-61.66502419145144,15.668922963128749,,,
1351,-61.66503239036404,15.668927790598318,,,
1352,-61.66504058543351,15.668932616665497,,,
1353,-61.665048776659816,15.668937441330277,,,
1354,-61.665056964042996,15.66894226459266,,,
1355,-61.665065147583014,15.668947086452652,,,
1356,-61.66507332727989,15.668951906910248,,,
1357,-61.66508150313363,15.668956725965446,,,
1358,-61.66508967514421,15.66896154361825,,,
1359,-61.66509784331166,15.66896635986866,,,
1360,-61.66510600763598,15.668971174716676,,,
1361,-61.665114168117135,15.668975988162297,,,
1362,-61.665122324755146,15.668980800205517,,,
1363,-61.66513047755002,15.668985610846345,,,
1364,-61.66513862650175,15.668990420084782,,,
1365,-61.66514677161032,15.66899522792082,,,
1366,-61.665154912875764,15.669000034354463,,,
1367,-61.665163050298055,15.66900483938571,,,
1368,-61.66517118387721,15.669009643014567,,,
1369,-61.665179313613216,15.669014445241023,,,
1370,-61.66518743950608,15.669019246065083,,,
1371,-61.66519556155579,15.669024045486752,,,
1372,-61.66520367976236,15.669028843506025,,,
1373,-61.66521179412578,15.6690336401229,,,
1374,-61.66521990464607,15.669038435337384,,,
1375,-61.66522801132321,15.669043229149471,,,
1376,-61.66523611415719,15.66904802155916,,,
1377,-61.66524421314806,15.669052812566461,,,
1378,-61.665252308295756,15.669057602171362,,,
1379,-61.66526039960032,15.669062390373867,,,
1380,-61.66526848706173,15.669067177173977,,,
1381,-61.66527657067999,15.669071962571692,,,
1382,-61.66528465045513,15.669076746567017,,,
1383,-61.665292726387115,15.669081529159941,,,
1384,-61.665300798475954,15.669086310350473,,,
1385,-61.665308866721645,15.669091090138606,,,
1386,-61.66531693112419,15.669095868524346,,,
1387,-61.66532499168359,15.66910064550769,,,
1388,-61.665333048399866,15.66910542108864,,,
1389,-61.66534110127298,15.669110195267194,,,
1390,-61.66534915030295,15.669114968043354,,,
1391,-61.665357195489776,15.66911973941712,,,
1392,-61.66536523683346,15.669124509388489,,,
1393,-61.66537327433401,15.669129277957463,,,
1394,-61.665381307991396,15.669134045124041,,,
1395,-61.66538933780564,15.669138810888224,,,
1396,-61.665397363776755,15.669143575250015,,,
1397,-61.66540538590471,15.669148338209407,,,
1398,-61.665413404189536,15.669153099766405,,,
1399,-61.665421418631205,15.669157859921008,,,
1400,-61.66542942922973,15.669162618673216,,,
1401,-61.66543743598512,15.669167376023028,,,
1402,-61.66544543889736,15.669172131970445,,,
1403,-61.665453437966455,15.66917688651547,,,
1404,-61.665461433192405,15.669181639658095,,,
1405,-61.66546942457521,15.669186391398329,,,
1406,-61.66547741211486,15.669191141736164,,,
1407,-61.66548539581139,15.669195890671606,,,
1408,-61.66549337566475,15.669200638204652,,,
1409,-61.66550135167499,15.669205384335303,,,
1410,-61.66550932384207,15.669210129063561,,,
1411,-61.665517292166015,15.669214872389421,,,
1412,-61.66552525664682,15.669219614312889,,,
1413,-61.66553321728446,15.669224354833961,,,
1414,-61.66554117407897,15.669229093952634,,,
1415,-61.66554912703033,15.669233831668913,,,
1416,-61.665557076138555,15.669238567982799,,,
1417,-61.66556502140362,15.669243302894289,,,
1418,-61.66557296282556,15.669248036403385,,,
1419,-61.66558090040434,15.669252768510084,,,
1420,-61.66558883413998,15.669257499214389,,,
1421,-61.665596764032486,15.669262228516299,,,
1422,-61.66560469008183,15.669266956415813,,,
1423,-61.66561261228804,15.66927168291293,,,
1424,-61.665620530651104,15.669276408007658,,,
1425,-61.66562844517103,15.669281131699984,,,
1426,-61.6656363558478,15.66928585398992,,,
1427,-61.66564426268143,15.669290574877458,,,
1428,-61.665652165671915,15.669295294362602,,,
1429,-61.66566006481926,15.669300012445348,,,
1430,-61.66566796012344,15.669304729125702,,,
1431,-61.6656758515845,15.66930944440366,,,
1432,-61.66568373920242,15.66931415827922,,,
1433,-61.66569162297718,15.669318870752388,,,
1434,-61.66569950290881,15.669323581823162,,,
1435,-61.665707378997276,15.669328291491539,,,
1436,-61.665715251242595,15.66933299975752,,,
1437,-61.665723119644795,15.669337706621107,,,
1438,-61.66573098420383,15.669342412082301,,,
1439,-61.66573884491973,15.669347116141097,,,
1440,-61.665746701792486,15.669351818797496,,,
1441,-61.6657545548221,15.669356520051505,,,
1442,-61.665762404008554,15.669361219903115,,,
1443,-61.66577024935188,15.669365918352332,,,
1444,-61.66577809085205,15.669370615399153,,,
1445,-61.66578592850908,15.669375311043577,,,
1446,-61.66579376232297,15.669380005285609,,,
1447,-61.66580159229372,15.669384698125244,,,
1448,-61.66580941842132,15.669389389562484,,,
1449,-61.66581724070577,15.669394079597327,,,
1450,-61.665825059147075,15.669398768229778,,,
1451,-61.66583287374524,15.669403455459832,,,
1452,-61.66584068450027,15.669408141287493,,,
1453,-61.665848491412135,15.669412825712756,,,
1454,-61.665856294480875,15.669417508735624,,,
1455,-61.66586409370646,15.6694221903561,,,
1456,-61.6658718890889,15.669426870574178,,,
1457,-61.665879680628194,15.669431549389861,,,
1458,-61.66588746832436,15.669436226803148,,,
1459,-61.665895252177364,15.669440902814044,,,
1460,-61.66590303218723,15.669445577422541,,,
1461,-61.665910808353956,15.669450250628644,,,
1462,-61.665918580677534,15.669454922432351,,,
1463,-61.66592634915796,15.669459592833665,,,
1464,-61.66593411379524,15.669464261832582,,,
1465,-61.66594187458939,15.669468929429103,,,
1466,-61.66594963154039,15.669473595623232,,,
1467,-61.66595738464825,15.669478260414962,,,
1468,-61.66596513391296,15.669482923804301,,,
1469,-61.66597287933453,15.669487585791243,,,
1470,-61.66598062091295,15.669492246375787,,,
1471,-61.665988358648214,15.66949690555794,,,
1472,-61.665996092540354,15.669501563337695,,,
1473,-61.66600382258935,15.669506219715059,,,
1474,-61.6660115487952,15.669510874690024,,,
1475,-61.66601927115789,15.669515528262592,,,
1476,-61.666026989677455,15.669520180432771,,,
1477,-61.66603470435386,15.66952483120055,,,
1478,-61.666042415187114,15.66952948056593,,,
1479,-61.66605012217725,15.669534128528925,,,
1480,-61.66605782532423,15.669538775089519,,,
1481,-61.66606552462807,15.669543420247718,,,
1482,-61.66607322008876,15.669548064003527,,,
1483,-61.666080911706295,15.669552706356933,,,
1484,-61.666088599480695,15.669557347307949,,,
1485,-61.666096283411946,15.669561986856566,,,
1486,-61.66610396350006,15.669566625002792,,,
1487,-61.66611163974503,15.66957126174662,,,
1488,-61.666119312146854,15.669575897088054,,,
1489,-61.666126980705535,15.669580531027092,,,
1490,-61.66613464542107,15.669585163563735,,,
1491,-61.66614230629346,15.669589794697982,,,
1492,-61.666149963322695,15.669594424429832,,,
1493,-61.66615761650881,15.669599052759294,,,
1494,-61.66616526585176,15.669603679686357,,,
1495,-61.66617291135158,15.669608305211023,,,
1496,-61.66618055300825,15.669612929333296,,,
1497,-61.66618819082177,15.669617552053174,,,
1498,-61.66619582479214,15.669622173370655,,,
1499,-61.666203454919376,15.669626793285738,,,
1500,-61.66621108120347,15.669631411798434,,,
1501,-61.66621870364442,15.66963602890873,,,
1502,-61.666226322242224,15.669640644616633,,,
1503,-61.66623393699689,15.66964525892214,,,
1504,-61.66624154790839,15.66964987182525,,,
1505,-61.666249154976754,15.669654483325964,,,
1506,-61.66625675820198,15.669659093424285,,,
1507,-61.666264357584055,15.66966370212021,,,
1508,-61.66627195312301,15.669668309413742,,,
1509,-61.66627954481879,15.669672915304876,,,
1510,-61.66628713267144,15.669677519793616,,,
1511,-61.66629471668094,15.669682122879962,,,
1512,-61.6663022968473,15.66968672456391,,,
1513,-61.66630987317051,15.669691324845466,,,
1514,-61.666317445650584,15.669695923724625,,,
1515,-61.66632501428751,15.66970052120139,,,
1516,-61.666332579081285,15.669705117275758,,,
1517,-61.666340140031934,15.669709711947736,,,
1518,-61.66634769713942,15.669714305217314,,,
1519,-61.66635525040377,15.669718897084493,,,
1520,-61.66636279982497,15.669723487549282,,,
1521,-61.66637034540303,15.669728076611678,,,
1522,-61.66637788713794,15.669732664271676,,,
1523,-61.666385425029716,15.669737250529277,,,
1524,-61.666392959078344,15.669741835384485,,,
1525,-61.666400489283824,15.669746418837299,,,
1526,-61.66640801564616,15.669751000887715,,,
1527,-61.666415538165346,15.669755581535737,,,
1528,-61.66642305684139,15.669760160781363,,,
1529,-61.666430571674304,15.669764738624597,,,
1530,-61.66643808266406,15.669769315065432,,,
1531,-61.66644558981068,15.669773890103876,,,
1532,-61.66645309311415,15.66977846373992,,,
1533,-61.666460592574474,15.669783035973573,,,
1534,-61.66646808819166,15.66978760680483,,,
1535,-61.66647557996569,15.669792176233688,,,
1536,-61.66648306789658,15.669796744260154,,,
1537,-61.66649055198434,15.669801310884228,,,
1538,-61.666498032228944,15.669805876105903,,,
1539,-61.66650550863041,15.669810439925184,,,
1540,-61.66651298118871,15.669815002342066,,,
1541,-61.66652044990388,15.669819563356555,,,
1542,-61.66652791477592,15.669824122968652,,,
1543,-61.66653537580479,15.669828681178352,,,
1544,-61.66654283299052,15.669833237985655,,,
1545,-61.666550286333134,15.669837793390567,,,
1546,-61.66655773583257,15.66984234739308,,,
1547,-61.66656518148888,15.6698468999932,,,
1548,-61.66657262330204,15.669851451190922,,,
1549,-61.66658006127206,15.66985600098625,,,
1550,-61.66658749539892,15.669860549379186,,,
1551,-61.66659492568265,15.669865096369723,,,
1552,-61.666602352123235,15.669869641957867,,,
1553,-61.666609774720676,15.669874186143614,,,
1554,-61.66661719347498,15.669878728926967,,,
1555,-61.66662460838611,15.669883270307924,,,
1556,-61.66663201945413,15.669887810286488,,,
1557,-61.666639426679,15.669892348862657,,,
1558,-61.666646830060714,15.669896886036428,,,
1559,-61.666654229599274,15.669901421807806,,,
1560,-61.66666162529471,15.669905956176787,,,
1561,-61.66666901714699,15.669910489143373,,,
1562,-61.666676405156124,15.669915020707565,,,
1563,-61.666683789322114,15.66991955086936,,,
1564,-61.66669116964498,15.669924079628762,,,
1565,-61.66669854612468,15.66992860698577,,,
1566,-61.66670591876124,15.669933132940379,,,
1567,-61.666713287554664,15.669937657492598,,,
1568,-61.66672065250493,15.669942180642416,,,
1569,-61.66672801361205,15.66994670238984,,,
1570,-61.66673537087603,15.669951222734872,,,
1571,-61.66674272429688,15.669955741677509,,,
1572,-61.66675007387459,15.66996025921775,,,
1573,-61.66675741960913,15.669964775355592,,,
1574,-61.66676476150054,15.66996929009104,,,
1575,-61.66677209954879,15.669973803424092,,,
1576,-61.666779433753916,15.669978315354754,,,
1577,-61.666786764115884,15.66998282588302,,,
1578,-61.666794090634724,15.669987335008889,,,
1579,-61.6668014133104,15.669991842732362,,,
1580,-61.66680873214294,15.66999634905344,,,
1581,-61.66681604713234,15.670000853972127,,,
1582,-61.66682335827859,15.670005357488412,,,
1583,-61.66683066558169,15.670009859602306,,,
1584,-61.66683796904166,15.670014360313804,,,
1585,-61.66684526865848,15.670018859622905,,,
1586,-61.666852564432155,15.670023357529615,,,
1587,-61.666859856362684,15.670027854033927,,,
1588,-61.666867144450066,15.670032349135845,,,
1589,-61.666874428694314,15.67003684283537,,,
1590,-61.66688170909541,15.670041335132494,,,
1591,-61.66688898565336,15.670045826027224,,,
1592,-61.66689625836816,15.670050315519562,,,
1593,-61.66690352723983,15.670054803609505,,,
1594,-61.666910792268354,15.670059290297052,,,
1595,-61.666918053453735,15.670063775582204,,,
1596,-61.66692531079595,15.670068259464959,,,
1597,-61.66693256429504,15.670072741945319,,,
1598,-61.66693981395099,15.670077223023284,,,
1599,-61.66694705976378,15.670081702698853,,,
1600,-61.66695430173343,15.670086180972032,,,
1601,-61.66696153985995,15.670090657842813,,,
1602,-61.6669687741433,15.670095133311197,,,
1603,-61.666976004583525,15.670099607377187,,,
1604,-61.666983231180595,15.670104080040781,,,
1605,-61.66699045393453,15.67010855130198,,,
1606,-61.666997672845326,15.670113021160788,,,
1607,-61.66700488791295,15.670117489617194,,,
1608,-61.667012099137466,15.67012195667121,,,
1609,-61.6670193065188,15.670126422322827,,,
1610,-61.66702651005702,15.67013088657205,,,
1611,-61.66703370975208,15.67013534941888,,,
1612,-61.667040905604004,15.670139810863313,,,
1613,-61.66704809761278,15.67014427090535,,,
1614,-61.66705528577842,15.670148729544994,,,
1615,-61.6670624701009,15.670153186782242,,,
1616,-61.667069650580245,15.670157642617097,,,
1617,-61.667076827216434,15.670162097049554,,,
1618,-61.66708400000949,15.670166550079616,,,
1619,-61.66709116895941,15.670171001707285,,,
1620,-61.667098334066175,15.670175451932558,,,
1621,-61.667105495329785,15.670179900755434,,,
1622,-61.667112652750276,15.670184348175917,,,
1623,-61.667119806327605,15.670188794194004,,,
1624,-61.667126956061786,15.670193238809691,,,
1625,-61.66713410195283,15.67019768202299,,,
1626,-61.667141244000724,15.67020212383389,,,
1627,-61.667148382205475,15.670206564242397,,,
1628,-61.6671555165671,15.670211003248507,,,
1629,-61.66716264708556,15.670215440852223,,,
1630,-61.6671697737609,15.670219877053547,,,
1631,-61.66717689659306,15.670224311852468,,,
1632,-61.66718401558209,15.670228745248997,,,
1633,-61.667191130727986,15.670233177243134,,,
1634,-61.66719824203073,15.670237607834876,,,
1635,-61.66720534949032,15.670242037024218,,,
1636,-61.66721245310678,15.67024646481117,,,
1637,-61.667219552880084,15.670250891195725,,,
1638,-61.66722664881026,15.670255316177883,,,
1639,-61.667233740897274,15.670259739757647,,,
1640,-61.66724082914115,15.670264161935016,,,
1641,-61.667247913541885,15.670268582709989,,,
1642,-61.66725499409948,15.670273002082569,,,
1643,-61.66726207081392,15.670277420052752,,,
1644,-61.66726914368523,15.670281836620541,,,
1645,-61.66727621271338,15.670286251785935,,,
1646,-61.667283277898385,15.67029066554893,,,
1647,-61.66729033924026,15.670295077909534,,,
1648,-61.667297396738974,15.670299488867741,,,
1649,-61.66730445039456,15.670303898423555,,,
1650,-61.66731150020699,15.670308306576972,,,
1651,-61.66731854617629,15.670312713327995,,,
1652,-61.66732558830242,15.67031711867662,,,
1653,-61.66733262658543,15.670321522622851,,,
1654,-61.66733966102528,15.67032592516669,,,
1655,-61.667346691622,15.67033032630813,,,
1656,-61.66735371837556,15.670334726047177,,,
1657,-61.66736074128599,15.67033912438383,,,
1658,-61.66736776035327,15.670343521318086,,,
1659,-61.66737477557741,15.670347916849945,,,
1660,-61.667381786958394,15.67035231097941,,,
1661,-61.66738879449623,15.670356703706481,,,
1662,-61.667395798190945,15.670361095031158,,,
1663,-61.66740279804249,15.670365484953436,,,
1664,-61.66740979405091,15.670369873473323,,,
1665,-61.66741678621619,15.670374260590814,,,
1666,-61.66742377453829,15.670378646305906,,,
1667,-61.66743075901728,15.670383030618606,,,
1668,-61.66743773965311,15.67038741352891,,,
1669,-61.667444716445814,15.670391795036823,,,
1670,-61.66745168939535,15.670396175142333,,,
1671,-61.66745865850175,15.670400553845452,,,
1672,-61.667465623765004,15.670404931146177,,,
1673,-61.66747258518513,15.670409307044507,,,
1674,-61.66747954276209,15.670413681540438,,,
1675,-61.66748649649592,15.670418054633979,,,
1676,-61.667493446386594,15.670422426325121,,,
1677,-61.66750039243414,15.67042679661387,,,
1678,-61.667507334638536,15.670431165500222,,,
1679,-61.667514272999775,15.670435532984177,,,
1680,-61.66752120751787,15.670439899065741,,,
1681,-61.66752813819283,15.670444263744907,,,
1682,-61.667535065024644,15.67044862702168,,,
1683,-61.66754198801331,15.670452988896058,,,
1684,-61.667548907158846,15.670457349368041,,,
1685,-61.66755582246122,15.670461708437628,,,
1686,-61.66756273392047,15.670466066104819,,,
1687,-61.667569641536545,15.670470422369615,,,
1688,-61.66757654530949,15.670474777232016,,,
1689,-61.667583445239295,15.670479130692021,,,
1690,-61.66759034132596,15.670483482749633,,,
1691,-61.667597233569474,15.670487833404849,,,
1692,-61.66760412196985,15.670492182657668,,,
1693,-61.66761100652707,15.670496530508094,,,
1694,-61.66761788724115,15.670500876956124,,,
1695,-61.66762476411209,15.67050522200176,,,
1696,-61.66763163713987,15.670509565644998,,,
1697,-61.66763850632452,15.670513907885844,,,
1698,-61.66764537166603,15.670518248724294,,,
1699,-61.6676522331644,15.670522588160347,,,
1700,-61.66765909081962,15.67052692619401,,,
1701,-61.667665944631686,15.670531262825271,,,
1702,-61.667672794600605,15.670535598054142,,,
1703,-61.667679640726384,15.670539931880615,,,
1704,-61.66768648300903,15.670544264304693,,,
1705,-61.667693321448525,15.670548595326379,,,
1706,-61.667700156044866,15.670552924945664,,,
1707,-61.66770698679808,15.670557253162562,,,
1708,-61.667713813708126,15.670561579977054,,,
1709,-61.667720636775044,15.670565905389159,,,
1710,-61.667727455998815,15.670570229398864,,,
1711,-61.66773427137945,15.670574552006178,,,
1712,-61.667741082916926,15.670578873211095,,,
1713,-61.66774789061127,15.670583193013616,,,
1714,-61.667754694462474,15.670587511413746,,,
1715,-61.66776149447051,15.670591828411476,,,
1716,-61.66776829063541,15.670596144006813,,,
1717,-61.667775082957164,15.670600458199754,,,
1718,-61.66778187143579,15.670604770990298,,,
1719,-61.66778865607126,15.670609082378453,,,
1720,-61.66779543686359,15.670613392364208,,,
1721,-61.66780221381278,15.67061770094757,,,
1722,-61.66780898691881,15.670622008128536,,,
1723,-61.667815756181696,15.670626313907103,,,
1724,-61.66782252160145,15.67063061828328,,,
1725,-61.667829283178065,15.670634921257063,,,
1726,-61.667836040911524,15.670639222828445,,,
1727,-61.66784279480184,15.670643522997436,,,
1728,-61.66784954484901,15.670647821764032,,,
1729,-61.667856291053035,15.670652119128231,,,
1730,-61.66786303341392,15.670656415090034,,,
1731,-61.66786977193166,15.670660709649445,,,
1732,-61.66787650660625,15.670665002806457,,,
1733,-61.667883237437714,15.670669294561076,,,
1734,-61.667889964426,15.670673584913303,,,
1735,-61.66789668757117,15.67067787386313,,,
1736,-61.66790340687319,15.670682161410562,,,
1737,-61.66791012233207,15.6706864475556,,,
1738,-61.66791683394779,15.670690732298244,,,
1739,-61.66792354172038,15.67069501563849,,,
1740,-61.66793024564981,15.670699297576345,,,
1741,-61.667936945736116,15.670703578111803,,,
1742,-61.66794364197927,15.670707857244867,,,
1743,-61.66795033437927,15.670712134975531,,,
1744,-61.66795702293613,15.670716411303804,,,
1745,-61.66796370764985,15.67072068622968,,,
1746,-61.66797038852044,15.670724959753162,,,
1747,-61.667977065547845,15.67072923187425,,,
1748,-61.66798373873214,15.670733502592942,,,
1749,-61.66799040807329,15.670737771909238,,,
1750,-61.667997073571264,15.670742039823136,,,
1751,-61.66800373522613,15.670746306334644,,,
1752,-61.66801039303783,15.670750571443754,,,
1753,-61.668017047006394,15.670754835150472,,,
1754,-61.66802369713181,15.670759097454791,,,
1755,-61.668030343414095,15.670763358356718,,,
1756,-61.66803698585322,15.670767617856246,,,
1757,-61.668043624449204,15.670771875953381,,,
1758,-61.66805025920204,15.670776132648122,,,
1759,-61.66805689011173,15.670780387940466,,,
1760,-61.6680635171783,15.670784641830418,,,
1761,-61.668070140401696,15.670788894317967,,,
1762,-61.66807675978197,15.670793145403128,,,
1763,-61.66808337531909,15.670797395085895,,,
1764,-61.668089987013055,15.67080164336626,,,
1765,-61.66809659486388,15.670805890244234,,,
1766,-61.66810319887158,15.670810135719815,,,
1767,-61.668109799036124,15.670814379792997,,,
1768,-61.668116395357515,15.670818622463786,,,
1769,-61.66812298783577,15.67082286373218,,,
1770,-61.668129576470875,15.670827103598176,,,
1771,-61.668136161262844,15.670831342061781,,,
1772,-61.66814274221166,15.670835579122985,,,
1773,-61.66814931931734,15.670839814781798,,,
1774,-61.66815589257988,15.670844049038218,,,
1775,-61.668162461999245,15.670848281892237,,,
1776,-61.6681690275755,15.670852513343865,,,
1777,-61.668175589308596,15.670856743393099,,,
1778,-61.66818214719855,15.670860972039934,,,
1779,-61.668188701245356,15.670865199284377,,,
1780,-61.66819525144903,15.670869425126421,,,
1781,-61.66820179780954,15.670873649566074,,,
1782,-61.66820834032693,15.670877872603329,,,
1783,-61.668214879001155,15.67088209423819,,,
1784,-61.66822141383224,15.670886314470655,,,
1785,-61.668227944820174,15.670890533300726,,,
1786,-61.66823447196498,15.670894750728399,,,
1787,-61.66824099526662,15.670898966753677,,,
1788,-61.668247514725145,15.670903181376566,,,
1789,-61.668254030340506,15.670907394597055,,,
1790,-61.668260542112726,15.670911606415153,,,
1791,-61.668267050041806,15.67091581683085,,,
1792,-61.66827355412774,15.670920025844152,,,
1793,-61.66828005437052,15.670924233455063,,,
1794,-61.66828655077016,15.670928439663575,,,
1795,-61.66829304332667,15.670932644469698,,,
1796,-61.66829953204002,15.670936847873422,,,
1797,-61.66830601691023,15.67094104987475,,,
1798,-61.6683124979373,15.670945250473682,,,
1799,-61.66831897512122,15.670949449670221,,,
1800,-61.668325448462,15.670953647464362,,,
1801,-61.66833191795962,15.670957843856108,,,
1802,-61.66833838361412,15.670962038845465,,,
1803,-61.668344845425466,15.670966232432423,,,
1804,-61.66835130339366,15.670970424616984,,,
1805,-61.66835775751872,15.67097461539915,,,
1806,-61.66836420780063,15.670978804778922,,,
1807,-61.66837065423939,15.6709829927563,,,
1808,-61.66837709683501,15.670987179331279,,,
1809,-61.6683835355875,15.67099136450387,,,
1810,-61.66838997049683,15.670995548274062,,,
1811,-61.668396401563015,15.670999730641856,,,
1812,-61.66840282878607,15.671003911607258,,,
1813,-61.66840925216596,15.671008091170263,,,
1814,-61.66841567170271,15.671012269330872,,,
1815,-61.66842208739634,15.671016446089089,,,
1816,-61.66842849924681,15.67102062144491,,,
1817,-61.66843490725412,15.671024795398337,,,
1818,-61.668441311418306,15.671028967949367,,,
1819,-61.66844771173933,15.671033139098,,,
1820,-61.66845410821722,15.67103730884424,,,
1821,-61.668460500851964,15.671041477188083,,,
1822,-61.66846688964357,15.671045644129533,,,
1823,-61.66847327459202,15.671049809668588,,,
1824,-61.66847965569735,15.67105397380525,,,
1825,-61.66848603295951,15.671058136539513,,,
1826,-61.66849240637853,15.671062297871384,,,
1827,-61.66849877595441,15.671066457800855,,,
1828,-61.66850514168714,15.671070616327931,,,
1829,-61.668511503576724,15.671074773452617,,,
1830,-61.66851786162318,15.671078929174904,,,
1831,-61.66852421582649,15.6710830834948,,,
1832,-61.66853056618663,15.671087236412296,,,
1833,-61.66853691270365,15.671091387927397,,,
1834,-61.668543255377514,15.671095538040104,,,
1835,-61.668549594208244,15.671099686750416,,,
1836,-61.66855592919582,15.671103834058334,,,
1837,-61.66856226034026,15.671107979963859,,,
1838,-61.66856858764154,15.671112124466985,,,
1839,-61.66857491109969,15.671116267567715,,,
1840,-61.6685812307147,15.671120409266054,,,
1841,-61.66858754648655,15.671124549561991,,,
1842,-61.668593858415264,15.671128688455543,,,
1843,-61.66860016650083,15.67113282594669,,,
1844,-61.668606470743256,15.671136962035447,,,
1845,-61.66861277114254,15.671141096721806,,,
1846,-61.668619067698685,15.671145230005777,,,
1847,-61.668625360411674,15.671149361887343,,,
1848,-61.668631649281515,15.67115349236652,,,
1849,-61.668637934308215,15.6711576214433,,,
1850,-61.668644215491774,15.671161749117683,,,
1851,-61.66865049283219,15.671165875389676,,,
1852,-61.66865676632946,15.671170000259268,,,
1853,-61.66866303598358,15.671174123726468,,,
1854,-61.66866930179457,15.671178245791273,,,
1855,-61.6686755637624,15.67118236645368,,,
1856,-61.66868182188709,15.671186485713692,,,
1857,-61.668688076168635,15.671190603571313,,,
1858,-61.66869432660704,15.671194720026538,,,
1859,-61.6687005732023,15.671198835079366,,,
1860,-61.668706815954415,15.671202948729798,,,
1861,-61.66871305486339,15.671207060977837,,,
1862,-61.66871928992921,15.671211171823478,,,
1863,-61.66872552115189,15.67121528126673,,,
1864,-61.66873174853143,15.67121938930758,,,
1865,-61.66873797206783,15.67122349594604,,,
1866,-61.668744191761064,15.6712276011821,,,
1867,-61.66875040761117,15.671231705015767,,,
1868,-61.668756619618144,15.671235807447042,,,
1869,-61.66876282778194,15.671239908475915,,,
1870,-61.66876903210261,15.671244008102398,,,
1871,-61.668775232580145,15.671248106326486,,,
1872,-61.66878142921452,15.671252203148175,,,
1873,-61.66878762200577,15.671256298567473,,,
1874,-61.668793810953865,15.671260392584376,,,
1875,-61.668799996058816,15.67126448519888,,,
1876,-61.66880617732061,15.67126857641099,,,
1877,-61.66881235473927,15.671272666220705,,,
1878,-61.66881852831478,15.671276754628025,,,
1879,-61.66882469804716,15.671280841632951,,,
1880,-61.668830863936385,15.671284927235481,,,
1881,-61.66883702598246,15.671289011435615,,,
1882,-61.66884318418541,15.67129309423336,,,
1883,-61.66884933854519,15.671297175628698,,,
1884,-61.66885548906184,15.67130125562165,,,
1885,-61.668861635735354,15.671305334212205,,,
1886,-61.66886777856571,15.67130941140036,,,
1887,-61.668873917552936,15.671313487186127,,,
1888,-61.668880052697006,15.671317561569495,,,
1889,-61.66888618399794,15.671321634550472,,,
1890,-61.668892311455714,15.67132570612905,,,
1891,-61.668898435070346,15.671329776305232,,,
1892,-61.668904554841845,15.671333845079019,,,
1893,-61.6689106707702,15.671337912450412,,,
1894,-61.668916782855405,15.67134197841941,,,
1895,-61.66892289109745,15.671346042986013,,,
1896,-61.668928995496394,15.671350106150223,,,
1897,-61.668935096052145,15.67135416791203,,,
1898,-61.668941192764784,15.67135822827145,,,
1899,-61.66894728563427,15.67136228722847,,,
1900,-61.6689533746606,15.671366344783099,,,
1901,-61.66895945984381,15.671370400935333,,,
1902,-61.66896554118385,15.671374455685166,,,
1903,-61.668971618680764,15.67137850903261,,,
1904,-61.668977692334515,15.671382560977653,,,
1905,-61.668983762145125,15.671386611520305,,,
1906,-61.668989828112615,15.671390660660562,,,
1907,-61.66899589023694,15.671394708398424,,,
1908,-61.669001948518115,15.67139875473389,,,
1909,-61.66900800295616,15.671402799666959,,,
1910,-61.66901405355107,15.671406843197634,,,
1911,-61.66902010030281,15.671410885325914,,,
1912,-61.66902614321141,15.671414926051797,,,
1913,-61.66903218227687,15.671418965375286,,,
1914,-61.66903821749919,15.671423003296383,,,
1915,-61.66904424887837,15.671427039815082,,,
1916,-61.6690502764144,15.671431074931386,,,
1917,-61.669056300107286,15.671435108645298,,,
1918,-61.66906231995702,15.671439140956812,,,
1919,-61.66906833596362,15.671443171865928,,,
1920,-61.669074348127076,15.67144720137265,,,
1921,-61.66908035644738,15.671451229476979,,,
1922,-61.669086360924545,15.671455256178913,,,
1923,-61.66909236155856,15.671459281478453,,,
1924,-61.66909835834944,15.671463305375593,,,
1925,-61.669104351297165,15.67146732787034,,,
1926,-61.66911034040175,15.671471348962696,,,
1927,-61.66911632566319,15.67147536865265,,,
1928,-61.669122307081494,15.671479386940215,,,
1929,-61.66912828465665,15.671483403825382,,,
1930,-61.66913425838864,15.671487419308153,,,
1931,-61.66914022827751,15.671491433388532,,,
1932,-61.669146194323226,15.67149544606651,,,
1933,-61.669152156525804,15.671499457342097,,,
1934,-61.669158114885235,15.671503467215288,,,
1935,-61.66916406940152,15.671507475686086,,,
1936,-61.66917002007467,15.671511482754486,,,
1937,-61.66917596690466,15.671515488420491,,,
1938,-61.66918190989152,15.671519492684105,,,
1939,-61.66918784903521,15.671523495545317,,,
1940,-61.66919378433579,15.671527497004138,,,
1941,-61.669199715793205,15.671531497060561,,,
1942,-61.66920564340749,15.671535495714595,,,
1943,-61.669211567178614,15.671539492966229,,,
1944,-61.66921748710659,15.671543488815468,,,
1945,-61.669223403191445,15.671547483262314,,,
1946,-61.669229315433135,15.67155147630676,,,
1947,-61.6692352238317,15.671555467948815,,,
1948,-61.66924112838711,15.671559458188476,,,
1949,-61.66924702909936,15.671563447025742,,,
1950,-61.66925292596849,15.67156743446061,,,
1951,-61.66925881899446,15.671571420493082,,,
1952,-61.669264708177295,15.67157540512316,,,
1953,-61.66927059351698,15.671579388350843,,,
1954,-61.669276475013525,15.67158337017613,,,
1955,-61.66928235266692,15.671587350599022,,,
1956,-61.669288226477185,15.671591329619524,,,
1957,-61.66929409644429,15.671595307237626,,,
1958,-61.66929996256826,15.671599283453332,,,
1959,-61.66930582484908,15.671603258266646,,,
1960,-61.66931168328676,15.671607231677562,,,
1961,-61.669317537881284,15.671611203686082,,,
1962,-61.66932338863268,15.671615174292208,,,
1963,-61.66932923554092,15.671619143495942,,,
1964,-61.66933507860602,15.67162311129728,,,
1965,-61.66934091782797,15.671627077696218,,,
1966,-61.66934675320678,15.671631042692768,,,
1967,-61.66935258474245,15.671635006286916,,,
1968,-61.66935841243496,15.671638968478673,,,
1969,-61.669364236284345,15.671642929268032,,,
1970,-61.66937005629058,15.671646888655,,,
1971,-61.66937587245367,15.671650846639569,,,
1972,-61.66938168477362,15.671654803221745,,,
1973,-61.66938749325042,15.671658758401527,,,
1974,-61.66939329788406,15.67166271217891,,,
1975,-61.669399098674575,15.671666664553898,,,
1976,-61.66940489562194,15.671670615526493,,,
1977,-61.66941068872617,15.671674565096694,,,
1978,-61.66941647798724,15.671678513264498,,,
1979,-61.66942226340518,15.671682460029906,,,
1980,-61.669428044979966,15.671686405392919,,,
1981,-61.66943382271161,15.671690349353538,,,
1982,-61.66943959660011,15.671694291911763,,,
1983,-61.66944536664546,15.67169823306759,,,
1984,-61.669451132847676,15.671702172821023,,,
1985,-61.669456895206736,15.67170611117206,,,
1986,-61.66946265372267,15.671710048120707,,,
1987,-61.66946840839545,15.671713983666953,,,
1988,-61.669474159225075,15.671717917810804,,,
1989,-61.66947990621156,15.671721850552261,,,
1990,-61.66948564935491,15.671725781891324,,,
1991,-61.66949138865512,15.671729711827993,,,
1992,-61.669497124112176,15.671733640362266,,,
1993,-61.66950285572609,15.671737567494139,,,
1994,-61.66950858349686,15.671741493223625,,,
1995,-61.66951430742448,15.67174541755071,,,
1996,-61.66952002750895,15.671749340475401,,,
1997,-61.66952574375029,15.671753261997695,,,
1998,-61.669531456148476,15.671757182117599,,,
1999,-61.66953716470353,15.671761100835102,,,
2000,-61.66954286941543,15.671765018150214,,,
2001,-61.66954857028419,15.671768934062932,,,
2002,-61.66955426730979,15.671772848573248,,,
2003,-61.66955996049226,15.671776761681175,,,
2004,-61.66956564983158,15.671780673386705,,,
2005,-61.669571335327774,15.671784583689838,,,
2006,-61.6695770169808,15.67178849259058,,,
2007,-61.66958269479069,15.671792400088922,,,
2008,-61.66958836875745,15.671796306184875,,,
2009,-61.66959403888104,15.671800210878427,,,
2010,-61.6695997051615,15.671804114169586,,,
2011,-61.66960536759881,15.67180801605835,,,
2012,-61.66961102619299,15.67181191654472,,,
2013,-61.669616680944,15.671815815628692,,,
2014,-61.66962233185189,15.67181971331027,,,
2015,-61.66962797891664,15.671823609589453,,,
2016,-61.669633622138214,15.67182750446624,,,
2017,-61.669639261516664,15.671831397940634,,,
2018,-61.66964489705196,15.671835290012632,,,
2019,-61.66965052874412,15.671839180682232,,,
2020,-61.669656156593135,15.671843069949443,,,
2021,-61.66966178059901,15.671846957814253,,,
2022,-61.66966740076174,15.671850844276673,,,
2023,-61.669673017081315,15.671854729336692,,,
2024,-61.669678629557744,15.671858612994319,,,
2025,-61.66968423819104,15.67186249524955,,,
2026,-61.669689842981185,15.67186637610239,,,
2027,-61.66969544392819,15.671870255552829,,,
2028,-61.66970104103205,15.671874133600875,,,
2029,-61.669706634292766,15.671878010246527,,,
2030,-61.669712223710334,15.671881885489782,,,
2031,-61.66971780928476,15.671885759330642,,,
2032,-61.669723391016035,15.671889631769107,,,
2033,-61.66972896890419,15.67189350280518,,,
2034,-61.66973454294917,15.671897372438854,,,
2035,-61.66974011315102,15.671901240670133,,,
2036,-61.669745679509724,15.671905107499018,,,
2037,-61.669751242025285,15.671908972925507,,,
2038,-61.66975680069769,15.671912836949602,,,
2039,-61.66976235552697,15.671916699571302,,,
2040,-61.6697679065131,15.671920560790605,,,
2041,-61.669773453656084,15.671924420607514,,,
2042,-61.66977899695592,15.671928279022028,,,
2043,-61.669784536412614,15.671932136034147,,,
2044,-61.669790072026146,15.67193599164387,,,
2045,-61.669795603796565,15.671939845851197,,,
2046,-61.66980113172382,15.671943698656131,,,
2047,-61.66980665580794,15.671947550058672,,,
2048,-61.66981217604891,15.671951400058813,,,
2049,-61.669817692446735,15.67195524865656,,,
2050,-61.66982320500142,15.671959095851914,,,
2051,-61.66982871371295,15.67196294164487,,,
2052,-61.66983421858134,15.67196678603543,,,
2053,-61.6698397196066,15.671970629023601,,,
2054,-61.6698452167887,15.67197447060937,,,
2055,-61.66985071012766,15.671978310792749,,,
2056,-61.66985619962348,15.671982149573727,,,
2057,-61.66986168527616,15.671985986952317,,,
2058,-61.669867167085684,15.671989822928508,,,
2059,-61.66987264505206,15.671993657502302,,,
2060,-61.669878119175294,15.671997490673704,,,
2061,-61.669883589455395,15.672001322442709,,,
2062,-61.66988905589235,15.672005152809321,,,
2063,-61.66989451848616,15.672008981773537,,,
2064,-61.669899977236824,15.672012809335358,,,
2065,-61.669905432144326,15.672016635494781,,,
2066,-61.66991088320871,15.67202046025181,,,
2067,-61.66991633042993,15.672024283606445,,,
2068,-61.66992177380802,15.672028105558685,,,
2069,-61.66992721334295,15.672031926108529,,,
2070,-61.669932649034756,15.672035745255979,,,
2071,-61.6699380808834,15.672039563001034,,,
2072,-61.66994350888891,15.672043379343691,,,
2073,-61.669948933051266,15.672047194283955,,,
2074,-61.669954353370485,15.672051007821823,,,
2075,-61.669959769846564,15.6720548199573,,,
2076,-61.669965182479494,15.672058630690376,,,
2077,-61.66997059126928,15.672062440021062,,,
2078,-61.66997599621592,15.672066247949349,,,
2079,-61.669981397319404,15.67207005447524,,,
2080,-61.66998679457976,15.672073859598738,,,
2081,-61.66999218799697,15.67207766331984,,,
2082,-61.66999757757104,15.672081465638549,,,
2083,-61.67000296330195,15.672085266554861,,,
2084,-61.67000834518972,15.672089066068777,,,
2085,-61.670013723234355,15.672092864180302,,,
2086,-61.67001909743584,15.672096660889427,,,
2087,-61.67002446779417,15.672100456196157,,,
2088,-61.670029834309375,15.672104250100492,,,
2089,-61.670035196981424,15.672108042602435,,,
2090,-61.67004055581034,15.672111833701983,,,
2091,-61.67004591079609,15.672115623399133,,,
2092,-61.67005126193872,15.67211941169389,,,
2093,-61.67005660923819,15.672123198586247,,,
2094,-61.67006195269452,15.672126984076213,,,
2095,-61.67006729230771,15.672130768163784,,,
2096,-61.67007262807775,15.672134550848961,,,
2097,-61.67007796000465,15.672138332131741,,,
2098,-61.6700832880884,15.672142112012125,,,
2099,-61.67008861232901,15.672145890490116,,,
2100,-61.67009393272647,15.672149667565709,,,
2101,-61.67009924928078,15.672153443238907,,,
2102,-61.67010456199195,15.67215721750971,,,
2103,-61.670109870859996,15.672160990378119,,,
2104,-61.670115175884874,15.672164761844131,,,
2105,-61.67012047706662,15.672168531907753,,,
2106,-61.67012577440522,15.672172300568976,,,
2107,-61.67013106790067,15.672176067827802,,,
2108,-61.67013635755298,15.672179833684238,,,
2109,-61.670141643362136,15.672183598138275,,,
2110,-61.670146925328154,15.672187361189918,,,
2111,-61.67015220345104,15.672191122839166,,,
2112,-61.670157477730775,15.67219488308602,,,
2113,-61.67016274816736,15.672198641930477,,,
2114,-61.6701680147608,15.672202399372537,,,
2115,-61.67017327751109,15.672206155412203,,,
2116,-61.670178536418256,15.672209910049475,,,
2117,-61.67018379148226,15.672213663284353,,,
2118,-61.67018904270312,15.672217415116835,,,
2119,-61.67019429008085,15.672221165546922,,,
2120,-61.670199533615424,15.672224914574612,,,
2121,-61.67020477330684,15.672228662199906,,,
2122,-61.670210009155134,15.67223240842281,,,
2123,-61.67021524116028,15.672236153243313,,,
2124,-61.67022046932228,15.672239896661425,,,
2125,-61.670225693641136,15.672243638677141,,,
2126,-61.67023091411684,15.67224737929046,,,
2127,-61.670236130749416,15.672251118501388,,,
2128,-61.67024134353883,15.672254856309914,,,
2129,-61.670246552485104,15.67225859271605,,,
2130,-61.67025175758825,15.67226232771979,,,
2131,-61.67025695884823,15.672266061321135,,,
2132,-61.67026215626507,15.672269793520083,,,
2133,-61.67026734983877,15.672273524316637,,,
2134,-61.67027253956933,15.672277253710797,,,
2135,-61.67027772545673,15.672280981702558,,,
2136,-61.670282907501,15.67228470829193,,,
2137,-61.67028808570212,15.6722884334789,,,
2138,-61.6702932600601,15.672292157263481,,,
2139,-61.67029843057493,15.672295879645663,,,
2140,-61.670303597246615,15.67229960062545,,,
2141,-61.670308760075166,15.672303320202845,,,
2142,-61.670313919060554,15.672307038377841,,,
2143,-61.670319074202816,15.672310755150443,,,
2144,-61.67032422550193,15.67231447052065,,,
2145,-61.6703293729579,15.672318184488464,,,
2146,-61.67033451657072,15.672321897053878,,,
2147,-61.670339656340396,15.672325608216902,,,
2148,-61.67034479226693,15.67232931797753,,,
2149,-61.670349924350326,15.67233302633576,,,
2150,-61.67035505259056,15.672336733291596,,,
2151,-61.67036017698766,15.672340438845035,,,
2152,-61.67036529754163,15.672344142996083,,,
2153,-61.67037041425243,15.672347845744735,,,
2154,-61.6703755271201,15.67235154709099,,,
2155,-61.670380636144635,15.67235524703485,,,
2156,-61.670385741325994,15.672358945576315,,,
2157,-61.670390842664226,15.672362642715385,,,
2158,-61.670395940159324,15.672366338452061,,,
2159,-61.670401033811274,15.672370032786343,,,
2160,-61.67040612362007,15.672373725718225,,,
2161,-61.67041120958573,15.672377417247715,,,
2162,-61.67041629170824,15.67238110737481,,,
2163,-61.67042136998761,15.672384796099509,,,
2164,-61.67042644442383,15.672388483421814,,,
2165,-61.67043151501691,15.672392169341721,,,
2166,-61.67043658176685,15.672395853859237,,,
2167,-61.67044164467364,15.672399536974353,,,
2168,-61.670446703737284,15.67240321868708,,,
2169,-61.67045175895779,15.672406898997405,,,
2170,-61.67045681033514,15.672410577905339,,,
2171,-61.67046185786935,15.672414255410876,,,
2172,-61.67046690156042,15.672417931514019,,,
2173,-61.67047194140834,15.672421606214767,,,
2174,-61.670476977413124,15.672425279513119,,,
2175,-61.670482009574755,15.672428951409078,,,
2176,-61.67048703789326,15.672432621902642,,,
2177,-61.670492062368595,15.672436290993804,,,
2178,-61.6704970830008,15.672439958682576,,,
2179,-61.67050209978986,15.672443624968952,,,
2180,-61.67050711273577,15.672447289852935,,,
2181,-61.67051212183854,15.672450953334524,,,
2182,-61.67051712709817,15.672454615413713,,,
2183,-61.670522128514655,15.672458276090511,,,
2184,-61.670527126087975,15.67246193536491,,,
2185,-61.670532119818176,15.672465593236916,,,
2186,-61.670537109705215,15.672469249706527,,,
2187,-61.67054209574912,15.672472904773743,,,
2188,-61.67054707794989,15.672476558438564,,,
2189,-61.67055205630749,15.672480210700988,,,
2190,-61.670557030821975,15.67248386156102,,,
2191,-61.670562001493295,15.672487511018653,,,
2192,-61.67056696832147,15.672491159073891,,,
2193,-61.670571931306505,15.672494805726735,,,
2194,-61.67057689044841,15.672498450977185,,,
2195,-61.670581845747144,15.672502094825237,,,
2196,-61.67058679720275,15.672505737270898,,,
2197,-61.67059174481521,15.672509378314164,,,
2198,-61.670596688584524,15.67251301795503,,,
2199,-61.6706016285107,15.672516656193505,,,
2200,-61.67060656459372,15.67252029302958,,,
2201,-61.6706114968336,15.672523928463264,,,
2202,-61.67061642523035,15.672527562494553,,,
2203,-61.67062134978393,15.672531195123446,,,
2204,-61.67062627049438,15.672534826349942,,,
2205,-61.67063118736169,15.672538456174046,,,
2206,-61.670636100385835,15.67254208459575,,,
2207,-61.67064100956686,15.672545711615063,,,
2208,-61.67064591490473,15.67254933723198,,,
2209,-61.67065081639945,15.672552961446502,,,
2210,-61.670655714051044,15.67255658425863,,,
2211,-61.670660607859475,15.672560205668363,,,
2212,-61.670665497824764,15.672563825675697,,,
2213,-61.67067038394692,15.672567444280636,,,
2214,-61.67067526622591,15.672571061483183,,,
2215,-61.67068014466179,15.672574677283334,,,
2216,-61.670685019254506,15.672578291681091,,,
2217,-61.67068989000408,15.67258190467645,,,
2218,-61.67069475691051,15.672585516269418,,,
2219,-61.670699619973774,15.672589126459986,,,
2220,-61.670704479193915,15.67259273524816,,,
2221,-61.670709334570915,15.672596342633943,,,
2222,-61.67071418610476,15.672599948617327,,,
2223,-61.670719033795464,15.672603553198314,,,
2224,-61.670723877643034,15.672607156376912,,,
2225,-61.67072871764744,15.672610758153109,,,
2226,-61.6707335538087,15.67261435852691,,,
2227,-61.67073838612684,15.672617957498323,,,
2228,-61.67074321460183,15.672621555067334,,,
2229,-61.670748039233665,15.672625151233953,,,
2230,-61.670752860022354,15.672628745998178,,,
2231,-61.6707576769679,15.672632339360005,,,
2232,-61.670762490070324,15.67263593131944,,,
2233,-61.670767299329576,15.672639521876475,,,
2234,-61.67077210474569,15.672643111031118,,,
2235,-61.670776906318665,15.672646698783367,,,
2236,-61.67078170404849,15.672650285133217,,,
2237,-61.670786497935175,15.672653870080676,,,
2238,-61.670791287978716,15.672657453625739,,,
2239,-61.670796074179115,15.672661035768407,,,
2240,-61.67080085653636,15.672664616508678,,,
2241,-61.67080563505046,15.672668195846553,,,
2242,-61.670810409721426,15.672671773782035,,,
2243,-61.670815180549255,15.672675350315123,,,
2244,-61.67081994753392,15.672678925445812,,,
2245,-61.67082471067545,15.672682499174106,,,
2246,-61.67082946997384,15.672686071500008,,,
2247,-61.670834225429076,15.672689642423514,,,
2248,-61.670838977041164,15.672693211944624,,,
2249,-61.670843724810126,15.672696780063339,,,
2250,-61.670848468735926,15.67270034677966,,,
2251,-61.67085320881859,15.672703912093585,,,
2252,-61.67085794505811,15.672707476005115,,,
2253,-61.67086267745449,15.67271103851425,,,
2254,-61.670867406007716,15.672714599620988,,,
2255,-61.6708721307178,15.672718159325335,,,
2256,-61.67087685158473,15.672721717627281,,,
2257,-61.670881568608536,15.672725274526837,,,
2258,-61.67088628178919,15.672728830023996,,,
2259,-61.6708909911267,15.672732384118758,,,
2260,-61.67089569662106,15.672735936811128,,,
2261,-61.67090039827227,15.6727394881011,,,
2262,-61.67090509608035,15.672743037988678,,,
2263,-61.67090979004528,15.672746586473862,,,
2264,-61.67091448016707,15.672750133556649,,,
2265,-61.670919166445714,15.672753679237044,,,
2266,-61.6709238488812,15.67275722351504,,,
2267,-61.67092852747356,15.672760766390642,,,
2268,-61.67093320222276,15.672764307863849,,,
2269,-61.67093787312882,15.67276784793466,,,
2270,-61.67094254019174,15.672771386603078,,,
2271,-61.67094720341152,15.672774923869099,,,
2272,-61.67095186278815,15.672778459732726,,,
2273,-61.67095651832164,15.672781994193958,,,
2274,-61.670961170011985,15.672785527252795,,,
2275,-61.67096581785917,15.672789058909235,,,
2276,-61.67097046186323,15.672792589163281,,,
2277,-61.67097510202414,15.672796118014931,,,
2278,-61.670979738341906,15.672799645464188,,,
2279,-61.67098437081653,15.672803171511047,,,
2280,-61.670988999448,15.672806696155513,,,
2281,-61.67099362423634,15.672810219397586,,,
2282,-61.67099824518152,15.672813741237258,,,
2283,-61.67100286228356,15.672817261674535,,,
2284,-61.67100747554246,15.672820780709422,,,
2285,-61.67101208495822,15.672824298341913,,,
2286,-61.67101669053082,15.672827814572006,,,
2287,-61.67102129226029,15.672831329399706,,,
2288,-61.67102589014661,15.67283484282501,,,
2289,-61.67103048418978,15.672838354847919,,,
2290,-61.67103507438981,15.672841865468433,,,
2291,-61.6710396607467,15.672845374686547,,,
2292,-61.67104424326044,15.672848882502272,,,
2293,-61.67104882193105,15.672852388915603,,,
2294,-61.671053396758495,15.672855893926533,,,
2295,-61.67105796774281,15.672859397535074,,,
2296,-61.67106253488397,15.672862899741215,,,
2297,-61.671067098181986,15.672866400544962,,,
2298,-61.671071657636865,15.672869899946313,,,
2299,-61.671076213248604,15.672873397945272,,,
2300,-61.67108076501719,15.672876894541833,,,
2301,-61.67108531294264,15.672880389736001,,,
2302,-61.67108985702493,15.672883883527774,,,
2303,-61.67109439726408,15.672887375917146,,,
2304,-61.671098933660105,15.672890866904131,,,
2305,-61.67110346621296,15.672894356488715,,,
2306,-61.67110799492269,15.67289784467091,,,
2307,-61.67111251978926,15.672901331450705,,,
2308,-61.67111704081269,15.672904816828103,,,
2309,-61.671121557993,15.672908300803112,,,
2310,-61.67112607133012,15.672911783375719,,,
2311,-61.67113058082413,15.672915264545935,,,
2312,-61.671135086474976,15.672918744313755,,,
2313,-61.6711395882827,15.67292222267918,,,
2314,-61.67114408624726,15.67292569964221,,,
2315,-61.67114858036869,15.672929175202846,,,
2316,-61.67115307064697,15.672932649361085,,,
2317,-61.6711575570821,15.672936122116926,,,
2318,-61.67116203967409,15.672939593470378,,,
2319,-61.67116651842292,15.672943063421428,,,
2320,-61.67117099332863,15.67294653197009,,,
2321,-61.67117546439118,15.672949999116353,,,
2322,-61.671179931610595,15.672953464860221,,,
2323,-61.67118439498687,15.672956929201696,,,
2324,-61.67118885451998,15.672960392140773,,,
2325,-61.67119331020996,15.672963853677455,,,
2326,-61.671197762056806,15.672967313811744,,,
2327,-61.67120221006049,15.672970772543637,,,
2328,-61.67120665422104,15.672974229873134,,,
2329,-61.67121109453844,15.672977685800237,,,
2330,-61.6712155310127,15.672981140324945,,,
2331,-61.67121996364381,15.672984593447255,,,
2332,-61.671224392431775,15.672988045167171,,,
2333,-61.6712288173766,15.672991495484695,,,
2334,-61.67123323847828,15.672994944399822,,,
2335,-61.67123765573681,15.672998391912554,,,
2336,-61.67124206915219,15.673001838022886,,,
2337,-61.67124647872445,15.67300528273083,,,
2338,-61.67125088445354,15.673008726036374,,,
2339,-61.6712552863395,15.673012167939525,,,
2340,-61.67125968438231,15.673015608440283,,,
2341,-61.671264078581984,15.673019047538642,,,
2342,-61.671268468938514,15.67302248523461,,,
2343,-61.67127285545189,15.673025921528176,,,
2344,-61.67127723812213,15.673029356419354,,,
2345,-61.671281616949216,15.673032789908131,,,
2346,-61.67128599193317,15.673036221994515,,,
2347,-61.67129036307396,15.673039652678504,,,
2348,-61.67129473037163,15.6730430819601,,,
2349,-61.67129909382614,15.673046509839299,,,
2350,-61.67130345343751,15.673049936316103,,,
2351,-61.67130780920573,15.673053361390512,,,
2352,-61.671312161130814,15.673056785062526,,,
2353,-61.67131650921275,15.673060207332144,,,
2354,-61.67132085345153,15.673063628199365,,,
2355,-61.67132519384719,15.673067047664194,,,
2356,-61.671329530399696,15.67307046572663,,,
2357,-61.67133386310904,15.673073882386664,,,
2358,-61.67133819197526,15.673077297644308,,,
2359,-61.67134251699834,15.673080711499555,,,
2360,-61.67134683817825,15.673084123952407,,,
2361,-61.671351155515026,15.673087535002862,,,
2362,-61.671355469008674,15.673090944650928,,,
2363,-61.671359778659166,15.673094352896594,,,
2364,-61.67136408446652,15.673097759739866,,,
2365,-61.67136838643073,15.673101165180743,,,
2366,-61.67137268455177,15.673104569219221,,,
2367,-61.67137697882969,15.67310797185531,,,
2368,-61.67138126926446,15.673111373089,,,
2369,-61.67138555585609,15.673114772920297,,,
2370,-61.671389838604576,15.673118171349197,,,
2371,-61.67139411750991,15.673121568375702,,,
2372,-61.6713983925721,15.673124963999815,,,
2373,-61.67140266379114,15.673128358221529,,,
2374,-61.67140693116705,15.673131751040847,,,
2375,-61.671411194699814,15.673135142457774,,,
2376,-61.67141545438943,15.673138532472304,,,
2377,-61.671419710235895,15.673141921084436,,,
2378,-61.671423962239224,15.673145308294178,,,
2379,-61.6714282103994,15.673148694101522,,,
2380,-61.67143245471643,15.673152078506469,,,
2381,-61.67143669519034,15.673155461509023,,,
2382,-61.67144093182108,15.673158843109182,,,
2383,-61.67144516460869,15.673162223306944,,,
2384,-61.671449393553154,15.673165602102314,,,
2385,-61.67145361865446,15.673168979495287,,,
2386,-61.671457839912634,15.673172355485866,,,
2387,-61.67146205732766,15.673175730074048,,,
2388,-61.671466270899536,15.673179103259834,,,
2389,-61.671470480628294,15.673182475043228,,,
2390,-61.671474686513875,15.673185845424227,,,
2391,-61.67147888855632,15.673189214402829,,,
2392,-61.671483086755636,15.673192581979036,,,
2393,-61.6714872811118,15.673195948152848,,,
2394,-61.671491471624805,15.673199312924263,,,
2395,-61.67149565829469,15.673202676293286,,,
2396,-61.6714998411214,15.673206038259911,,,
2397,-61.67150402010499,15.673209398824142,,,
2398,-61.67150819524544,15.673212757985981,,,
2399,-61.67151236654273,15.673216115745422,,,
2400,-61.67151653399688,15.673219472102467,,,
2401,-61.67152069760788,15.673222827057117,,,
2402,-61.671524857375736,15.67322618060937,,,
2403,-61.67152901330046,15.673229532759231,,,
2404,-61.67153316538203,15.673232883506698,,,
2405,-61.67153731362046,15.673236232851767,,,
2406,-61.67154145801575,15.673239580794444,,,
2407,-61.67154559856789,15.673242927334723,,,
2408,-61.671549735276876,15.673246272472605,,,
2409,-61.67155386814273,15.673249616208098,,,
2410,-61.671557997165436,15.67325295854119,,,
2411,-61.671562122345,15.67325629947189,,,
2412,-61.67156624368141,15.673259639000193,,,
2413,-61.67157036117469,15.673262977126102,,,
2414,-61.67157447482482,15.673266313849616,,,
2415,-61.6715785846318,15.673269649170734,,,
2416,-61.67158269059564,15.673272983089456,,,
2417,-61.67158679271634,15.673276315605785,,,
2418,-61.67159089099388,15.673279646719717,,,
2419,-61.6715949854283,15.673282976431258,,,
2420,-61.67159907601956,15.673286304740397,,,
2421,-61.67160316276768,15.673289631647148,,,
2422,-61.67160724567264,15.673292957151496,,,
2423,-61.67161132473448,15.673296281253455,,,
2424,-61.67161539995316,15.673299603953016,,,
2425,-61.67161947132871,15.673302925250184,,,
2426,-61.6716235388611,15.673306245144955,,,
2427,-61.67162760255035,15.673309563637332,,,
2428,-61.671631662396464,15.673312880727313,,,
2429,-61.671635718399415,15.673316196414898,,,
2430,-61.67163977055924,15.67331951070009,,,
2431,-61.67164381887592,15.673322823582886,,,
2432,-61.67164786334945,15.673326135063286,,,
2433,-61.671651903979836,15.673329445141292,,,
2434,-61.671655940767074,15.673332753816902,,,
2435,-61.67165997371118,15.673336061090119,,,
2436,-61.67166400281212,15.673339366960937,,,
2437,-61.67166802806993,15.673342671429364,,,
2438,-61.67167204948459,15.673345974495389,,,
2439,-61.671676067056126,15.673349276159028,,,
2440,-61.67168008078449,15.673352576420266,,,
2441,-61.67168409066972,15.673355875279109,,,
2442,-61.67168809671181,15.67335917273556,,,
2443,-61.671692098910746,15.67336246878961,,,
2444,-61.67169609726654,15.673365763441268,,,
2445,-61.6717000917792,15.673369056690534,,,
2446,-61.67170408244871,15.673372348537404,,,
2447,-61.671708069275084,15.673375638981877,,,
2448,-61.671712052258286,15.673378928023954,,,
2449,-61.67171603139837,15.673382215663638,,,
2450,-61.6717200066953,15.673385501900924,,,
2451,-61.67172397814909,15.673388786735817,,,
2452,-61.67172794575973,15.673392070168312,,,
2453,-61.67173190952724,15.673395352198417,,,
2454,-61.67173586945158,15.673398632826123,,,
2455,-61.6717398255328,15.673401912051437,,,
2456,-61.671743777770864,15.673405189874355,,,
2457,-61.671747726165776,15.673408466294873,,,
2458,-61.671751670717555,15.673411741313,,,
2459,-61.671755611426185,15.673415014928732,,,
2460,-61.671759548291675,15.67341828714207,,,
2461,-61.671763481314024,15.67342155795301,,,
2462,-61.67176741049322,15.673424827361554,,,
2463,-61.67177133582928,15.673428095367708,,,
2464,-61.67177525732218,15.67343136197146,,,
2465,-61.671779174971945,15.67343462717282,,,
2466,-61.67178308877856,15.673437890971785,,,
2467,-61.671786998742036,15.673441153368355,,,
2468,-61.67179090486238,15.673444414362532,,,
2469,-61.67179480713957,15.67344767395431,,,
2470,-61.67179870557361,15.673450932143696,,,
2471,-61.6718026001645,15.673454188930684,,,
2472,-61.67180649091226,15.673457444315277,,,
2473,-61.67181037781687,15.673460698297475,,,
2474,-61.67181426087834,15.67346395087728,,,
2475,-61.67181814009666,15.67346720205469,,,
2476,-61.67182201547184,15.673470451829703,,,
2477,-61.671825887003884,15.673473700202322,,,
2478,-61.67182975469276,15.673476947172544,,,
2479,-61.67183361853851,15.67348019274037,,,
2480,-61.6718374785411,15.673483436905805,,,
2481,-61.67184133470056,15.673486679668844,,,
2482,-61.67184518701687,15.673489921029487,,,
2483,-61.671849035490034,15.673493160987736,,,
2484,-61.671852880120056,15.673496399543586,,,
2485,-61.67185672090693,15.673499636697041,,,
2486,-61.671860557850664,15.673502872448102,,,
2487,-61.67186439095126,15.673506106796768,,,
2488,-61.6718682202087,15.673509339743042,,,
2489,-61.671872045623005,15.67351257128692,,,
2490,-61.67187586719416,15.6735158014284,,,
2491,-61.671879684922175,15.673519030167487,,,
2492,-61.67188349880704,15.673522257504175,,,
2493,-61.67188730884875,15.673525483438471,,,
2494,-61.67189111504734,15.673528707970373,,,
2495,-61.67189491740278,15.673531931099879,,,
2496,-61.67189871591506,15.673535152826988,,,
2497,-61.67190251058422,15.673538373151704,,,
2498,-61.67190630141022,15.673541592074026,,,
2499,-61.67191008839307,15.673544809593949,,,
2500,-61.67191387153278,15.673548025711478,,,
2501,-61.67191765082934,15.67355124042661,,,
2502,-61.67192142628277,15.673554453739353,,,
2503,-61.671925197893046,15.673557665649696,,,
2504,-61.67192896566018,15.673560876157644,,,
2505,-61.67193272958417,15.673564085263198,,,
2506,-61.671936489665015,15.673567292966355,,,
2507,-61.671940245902725,15.67357049926712,,,
2508,-61.67194399829728,15.67357370416549,,,
2509,-61.67194774684869,15.673576907661461,,,
2510,-61.67195149155696,15.673580109755042,,,
2511,-61.67195523242209,15.673583310446222,,,
2512,-61.67195896944407,15.673586509735014,,,
2513,-61.67196270262289,15.673589707621403,,,
2514,-61.67196643195859,15.6735929041054,,,
2515,-61.671970157451135,15.673596099187002,,,
2516,-61.67197387910054,15.673599292866209,,,
2517,-61.6719775969068,15.67360248514302,,,
2518,-61.67198131086991,15.673605676017436,,,
2519,-61.67198502098988,15.673608865489461,,,
2520,-61.6719887272667,15.673612053559086,,,
2521,-61.67199242970038,15.673615240226315,,,
2522,-61.67199612829093,15.673618425491153,,,
2523,-61.67199982303832,15.673621609353594,,,
2524,-61.67200351394256,15.67362479181364,,,
2525,-61.672007201003666,15.673627972871289,,,
2526,-61.67201088422163,15.673631152526546,,,
2527,-61.672014563596434,15.673634330779405,,,
2528,-61.6720182391281,15.67363750762987,,,
2529,-61.672021910816625,15.673640683077942,,,
2530,-61.672025578662016,15.673643857123615,,,
2531,-61.67202924266425,15.673647029766895,,,
2532,-61.67203290282335,15.673650201007781,,,
2533,-61.67203655913929,15.67365337084627,,,
2534,-61.672040211612085,15.673656539282362,,,
2535,-61.67204386024174,15.673659706316059,,,
2536,-61.67204750502826,15.673662871947364,,,
2537,-61.67205114597163,15.673666036176272,,,
2538,-61.67205478307186,15.673669199002786,,,
2539,-61.672058416328944,15.673672360426906,,,
2540,-61.672062045742884,15.673675520448631,,,
2541,-61.672065671313675,15.673678679067956,,,
2542,-61.67206929304132,15.673681836284889,,,
2543,-61.67207291092582,15.673684992099425,,,
2544,-61.67207652496718,15.673688146511571,,,
2545,-61.6720801351654,15.673691299521316,,,
2546,-61.67208374152047,15.67369445112867,,,
2547,-61.6720873440324,15.673697601333625,,,
2548,-61.67209094270118,15.673700750136188,,,
2549,-61.67209453752682,15.673703897536354,,,
2550,-61.672098128509305,15.673707043534126,,,
2551,-61.672101715648665,15.673710188129503,,,
2552,-61.67210529894487,15.673713331322485,,,
2553,-61.67210887839793,15.673716473113071,,,
2554,-61.672112454007845,15.67371961350126,,,
2555,-61.672116025774606,15.673722752487054,,,
2556,-61.67211959369824,15.673725890070456,,,
2557,-61.672123157778714,15.673729026251461,,,
2558,-61.67212671801606,15.673732161030072,,,
2559,-61.67213027441026,15.673735294406288,,,
2560,-61.672133826961314,15.673738426380107,,,
2561,-61.67213737566921,15.673741556951532,,,
2562,-61.67214092053397,15.67374468612056,,,
2563,-61.67214446155558,15.673747813887195,,,
2564,-61.672147998734054,15.673750940251434,,,
2565,-61.67215153206939,15.673754065213279,,,
2566,-61.672155061561575,15.67375718877273,,,
2567,-61.6721585872106,15.673760310929781,,,
2568,-61.67216210901651,15.673763431684442,,,
2569,-61.67216562697925,15.673766551036703,,,
2570,-61.672169141098856,15.673769668986571,,,
2571,-61.67217265137533,15.673772785534046,,,
2572,-61.672176157808636,15.673775900679123,,,
2573,-61.672179660398804,15.673779014421804,,,
2574,-61.67218315914584,15.673782126762092,,,
2575,-61.672186654049725,15.673785237699986,,,
2576,-61.672190145110456,15.673788347235481,,,
2577,-61.67219363232806,15.673791455368585,,,
2578,-61.6721971157025,15.67379456209929,,,
2579,-61.672200595233804,15.673797667427603,,,
2580,-61.67220407092198,15.67380077135352,,,
2581,-61.672207542767,15.673803873877041,,,
2582,-61.67221101076887,15.67380697499817,,,
2583,-61.6722144749276,15.6738100747169,,,
2584,-61.672217935243175,15.673813173033235,,,
2585,-61.672221391715624,15.673816269947176,,,
2586,-61.67222484434492,15.673819365458721,,,
2587,-61.67222829313107,15.673822459567873,,,
2588,-61.672231738074075,15.673825552274629,,,
2589,-61.67223517917394,15.67382864357899,,,
2590,-61.67223861643065,15.673831733480952,,,
2591,-61.67224204984423,15.673834821980524,,,
2592,-61.672245479414656,15.673837909077697,,,
2593,-61.67224890514195,15.67384099477248,,,
2594,-61.67225232702609,15.673844079064862,,,
2595,-61.672255745067076,15.67384716195485,,,
2596,-61.67225915926494,15.673850243442446,,,
2597,-61.67226256961963,15.673853323527643,,,
2598,-61.6722659761312,15.673856402210447,,,
2599,-61.672269378799626,15.673859479490854,,,
2600,-61.672272777624904,15.673862555368869,,,
2601,-61.67227617260703,15.673865629844485,,,
2602,-61.67227956374602,15.673868702917712,,,
2603,-61.67228295104186,15.673871774588541,,,
2604,-61.672286334494544,15.673874844856968,,,
2605,-61.6722897141041,15.673877913723008,,,
2606,-61.672293089870514,15.673880981186652,,,
2607,-61.67229646179378,15.673884047247899,,,
2608,-61.6722998298739,15.67388711190675,,,
2609,-61.67230319411087,15.673890175163207,,,
2610,-61.67230655450471,15.67389323701727,,,
2611,-61.672309911055386,15.673896297468934,,,
2612,-61.672313263762916,15.673899356518207,,,
2613,-61.67231661262733,15.673902414165084,,,
2614,-61.67231995764858,15.673905470409565,,,
2615,-61.67232329882668,15.673908525251651,,,
2616,-61.67232663616166,15.673911578691342,,,
2617,-61.672329969653475,15.673914630728639,,,
2618,-61.67233329930215,15.673917681363537,,,
2619,-61.672336625107675,15.673920730596041,,,
2620,-61.672339947070064,15.67392377842615,,,
2621,-61.67234326518931,15.673926824853867,,,
2622,-61.67234657946541,15.673929869879188,,,
2623,-61.672349889898356,15.673932913502112,,,
2624,-61.672353196488174,15.673935955722644,,,
2625,-61.67235649923484,15.673938996540777,,,
2626,-61.67235979813836,15.673942035956514,,,
2627,-61.672363093198726,15.67394507396986,,,
2628,-61.672366384415966,15.673948110580808,,,
2629,-61.67236967179005,15.673951145789363,,,
2630,-61.672372955321,15.673954179595519,,,
2631,-61.672376235008805,15.673957211999285,,,
2632,-61.672379510853446,15.673960243000652,,,
2633,-61.67238278285495,15.673963272599625,,,
2634,-61.67238605101332,15.6739663007962,,,
2635,-61.672389315328545,15.673969327590386,,,
2636,-61.67239257580063,15.673972352982174,,,
2637,-61.67239583242956,15.673975376971566,,,
2638,-61.672399085215346,15.673978399558566,,,
2639,-61.67240233415798,15.673981420743164,,,
2640,-61.67240557925749,15.673984440525372,,,
2641,-61.67240882051384,15.673987458905183,,,
2642,-61.67241205792705,15.673990475882599,,,
2643,-61.672415291497124,15.673993491457622,,,
2644,-61.672418521224046,15.673996505630248,,,
2645,-61.67242174710782,15.673999518400478,,,
2646,-61.67242496914845,15.674002529768314,,,
2647,-61.67242818734594,15.674005539733754,,,
2648,-61.67243140170028,15.674008548296799,,,
2649,-61.67243461221148,15.67401155545745,,,
2650,-61.67243781887953,15.674014561215706,,,
2651,-61.67244102170445,15.674017565571566,,,
2652,-61.672444220686224,15.674020568525034,,,
2653,-61.672447415824834,15.674023570076102,,,
2654,-61.67245060712032,15.674026570224775,,,
2655,-61.67245379457265,15.674029568971054,,,
2656,-61.67245697818184,15.67403256631494,,,
2657,-61.67246015794789,15.674035562256432,,,
2658,-61.67246333387079,15.674038556795525,,,
2659,-61.672466505950545,15.674041549932223,,,
2660,-61.67246967418716,15.674044541666527,,,
2661,-61.672472838580624,15.674047531998433,,,
2662,-61.67247599913094,15.674050520927945,,,
2663,-61.67247915583813,15.674053508455067,,,
2664,-61.67248230870216,15.674056494579789,,,
2665,-61.67248545772305,15.674059479302118,,,
2666,-61.672488602900785,15.67406246262205,,,
2667,-61.67249174423539,15.674065444539586,,,
2668,-61.67249488172685,15.674068425054728,,,
2669,-61.67249801537516,15.674071404167478,,,
2670,-61.67250114518032,15.674074381877828,,,
2671,-61.67250427114235,15.674077358185787,,,
2672,-61.67250739326124,15.674080333091347,,,
2673,-61.67251051153697,15.674083306594516,,,
2674,-61.67251362596955,15.674086278695283,,,
2675,-61.672516736559004,15.67408924939366,,,
2676,-61.67251984330531,15.67409221868964,,,
2677,-61.67252294620846,15.674095186583228,,,
2678,-61.67252604526848,15.674098153074418,,,
2679,-61.672529140485345,15.674101118163215,,,
2680,-61.67253223185907,15.674104081849617,,,
2681,-61.67253531938964,15.674107044133619,,,
2682,-61.672538403077084,15.674110005015232,,,
2683,-61.672541482921375,15.674112964494444,,,
2684,-61.672544558922525,15.674115922571268,,,
2685,-61.67254763108053,15.67411887924569,,,
2686,-61.67255069939537,15.674121834517717,,,
2687,-61.67255376386709,15.674124788387353,,,
2688,-61.672556824495665,15.67412774085459,,,
2689,-61.67255988128109,15.674130691919435,,,
2690,-61.672562934223365,15.674133641581884,,,
2691,-61.6725659833225,15.67413658984194,,,
2692,-61.67256902857849,15.674139536699597,,,
2693,-61.67257206999135,15.67414248215486,,,
2694,-61.672575107561045,15.674145426207728,,,
2695,-61.67257814128761,15.674148368858202,,,
2696,-61.672581171171025,15.67415131010628,,,
2697,-61.672584197211286,15.674154249951963,,,
2698,-61.67258721940841,15.67415718839525,,,
2699,-61.67259023776239,15.674160125436142,,,
2700,-61.67259325227324,15.67416306107464,,,
2701,-61.67259626294093,15.674165995310744,,,
2702,-61.67259926976546,15.674168928144448,,,
2703,-61.67260227274687,15.674171859575758,,,
2704,-61.672605271885125,15.674174789604674,,,
2705,-61.67260826718025,15.674177718231197,,,
2706,-61.67261125863222,15.674180645455326,,,
2707,-61.672614246241054,15.674183571277055,,,
2708,-61.67261723000673,15.674186495696391,,,
2709,-61.67262020992926,15.67418941871333,,,
2710,-61.67262318600866,15.674192340327876,,,
2711,-61.6726261582449,15.674195260540028,,,
2712,-61.67262912663802,15.674198179349784,,,
2713,-61.67263209118798,15.674201096757143,,,
2714,-61.67263505189478,15.674204012762107,,,
2715,-61.67263800875846,15.67420692736468,,,
2716,-61.67264096177898,15.67420984056485,,,
2717,-61.67264391095635,15.674212752362632,,,
2718,-61.672646856290605,15.674215662758016,,,
2719,-61.672649797781695,15.674218571751005,,,
2720,-61.67265273542965,15.6742214793416,,,
2721,-61.67265566923445,15.6742243855298,,,
2722,-61.67265859919611,15.674227290315603,,,
2723,-61.67266152531462,15.674230193699008,,,
2724,-61.672664447589995,15.674233095680021,,,
2725,-61.672667366022225,15.674235996258641,,,
2726,-61.672670280611314,15.674238895434865,,,
2727,-61.67267319135725,15.674241793208692,,,
2728,-61.67267609826005,15.674244689580126,,,
2729,-61.6726790013197,15.674247584549164,,,
2730,-61.67268190053619,15.674250478115802,,,
2731,-61.67268479590956,15.674253370280052,,,
2732,-61.67268768743976,15.674256261041903,,,
2733,-61.67269057512684,15.674259150401358,,,
2734,-61.67269345897077,15.674262038358421,,,
2735,-61.672696338971555,15.67426492491309,,,
2736,-61.67269921512919,15.674267810065361,,,
2737,-61.67270208744369,15.674270693815236,,,
2738,-61.67270495591504,15.674273576162717,,,
2739,-61.67270782054324,15.674276457107801,,,
2740,-61.672710681328304,15.674279336650493,,,
2741,-61.67271353827023,15.67428221479079,,,
2742,-61.672716391369,15.674285091528692,,,
2743,-61.67271924062462,15.674287966864195,,,
2744,-61.672722086037105,15.674290840797305,,,
2745,-61.67272492760645,15.67429371332802,,,
2746,-61.67272776533264,15.67429658445634,,,
2747,-61.6727305992157,15.674299454182263,,,
2748,-61.6727334292556,15.674302322505794,,,
2749,-61.67273625545236,15.674305189426928,,,
2750,-61.67273907780599,15.67430805494567,,,
2751,-61.67274189631645,15.674310919062012,,,
2752,-61.672744710983785,15.67431378177596,,,
2753,-61.67274752180797,15.674316643087515,,,
2754,-61.672750328789014,15.674319502996672,,,
2755,-61.6727531319269,15.674322361503435,,,
2756,-61.67275593122166,15.674325218607802,,,
2757,-61.672758726673266,15.674328074309777,,,
2758,-61.67276151828172,15.674330928609354,,,
2759,-61.67276430604704,15.674333781506537,,,
2760,-61.67276708996921,15.674336633001325,,,
2761,-61.67276987004825,15.674339483093716,,,
2762,-61.67277264628413,15.674342331783713,,,
2763,-61.67277541867688,15.674345179071315,,,
2764,-61.67277818722647,15.674348024956522,,,
2765,-61.67278095193292,15.674350869439335,,,
2766,-61.67278371279622,15.674353712519748,,,
2767,-61.67278646981639,15.67435655419777,,,
2768,-61.67278922299341,15.674359394473395,,,
2769,-61.67279197232729,15.67436223334663,,,
2770,-61.672794717818014,15.674365070817466,,,
2771,-61.6727974594656,15.674367906885905,,,
2772,-61.67280019727003,15.674370741551948,,,
2773,-61.67280293123133,15.6743735748156,,,
2774,-61.672805661349486,15.674376406676855,,,
2775,-61.6728083876245,15.674379237135717,,,
2776,-61.67281111005636,15.674382066192182,,,
2777,-61.672813828645076,15.67438489384625,,,
2778,-61.67281654339067,15.674387720097926,,,
2779,-61.67281925429309,15.674390544947205,,,
2780,-61.67282196135237,15.674393368394087,,,
2781,-61.672824664568516,15.674396190438575,,,
2782,-61.672827363941515,15.674399011080672,,,
2783,-61.672830059471366,15.67440183032037,,,
2784,-61.672832751158076,15.674404648157674,,,
2785,-61.67283543900165,15.674407464592583,,,
2786,-61.67283812300205,15.674410279625095,,,
2787,-61.67284080315934,15.674413093255213,,,
2788,-61.672843479473464,15.674415905482936,,,
2789,-61.67284615194446,15.674418716308267,,,
2790,-61.6728488205723,15.674421525731198,,,
2791,-61.67285148535699,15.674424333751734,,,
2792,-61.67285414629856,15.674427140369879,,,
2793,-61.672856803396954,15.674429945585624,,,
2794,-61.67285945665222,15.674432749398974,,,
2795,-61.67286210606434,15.674435551809934,,,
2796,-61.67286475163331,15.674438352818495,,,
2797,-61.672867393359155,15.674441152424661,,,
2798,-61.67287003124184,15.674443950628433,,,
2799,-61.67287266528138,15.674446747429808,,,
2800,-61.67287529547778,15.674449542828789,,,
2801,-61.67287792183103,15.674452336825375,,,
2802,-61.67288054434114,15.674455129419565,,,
2803,-61.672883163008116,15.67445792061136,,,
2804,-61.67288577783194,15.674460710400762,,,
2805,-61.67288838881261,15.674463498787766,,,
2806,-61.67289099595014,15.674466285772379,,,
2807,-61.67289359924453,15.67446907135459,,,
2808,-61.67289619869577,15.674471855534408,,,
2809,-61.67289879430387,15.674474638311835,,,
2810,-61.67290138606883,15.674477419686864,,,
2811,-61.67290397399064,15.6744801996595,,,
2812,-61.6729065580693,15.674482978229737,,,
2813,-61.67290913830483,15.67448575539758,,,
2814,-61.67291171469721,15.674488531163032,,,
2815,-61.67291428724645,15.674491305526086,,,
2816,-61.67291685595252,15.674494078486742,,,
2817,-61.67291942081547,15.674496850045006,,,
2818,-61.672921981835266,15.674499620200875,,,
2819,-61.67292453901193,15.674502388954348,,,
2820,-61.67292709234545,15.674505156305425,,,
2821,-61.6729296418358,15.674507922254104,,,
2822,-61.67293218748303,15.674510686800392,,,
2823,-61.67293472928711,15.674513449944286,,,
2824,-61.67293726724804,15.674516211685784,,,
2825,-61.672939801365835,15.674518972024886,,,
2826,-61.67294233164047,15.674521730961594,,,
2827,-61.67294485807197,15.674524488495905,,,
2828,-61.67294738066033,15.674527244627821,,,
2829,-61.67294989940555,15.674529999357341,,,
2830,-61.6729524143076,15.674532752684467,,,
2831,-61.67295492536653,15.6745355046092,,,
2832,-61.67295743258231,15.674538255131534,,,
2833,-61.67295993595496,15.674541004251477,,,
2834,-61.67296243548444,15.674543751969022,,,
2835,-61.67296493117077,15.674546498284169,,,
2836,-61.672967423013986,15.674549243196928,,,
2837,-61.67296991101404,15.674551986707286,,,
2838,-61.672972395170945,15.674554728815249,,,
2839,-61.67297487548472,15.67455746952082,,,
2840,-61.67297735195534,15.674560208823996,,,
2841,-61.672979824582825,15.674562946724775,,,
2842,-61.67298229336716,15.67456568322316,,,
2843,-61.672984758308345,15.674568418319144,,,
2844,-61.67298721940639,15.67457115201274,,,
2845,-61.672989676661295,15.674573884303939,,,
2846,-61.672992130073055,15.674576615192745,,,
2847,-61.67299457964167,15.674579344679152,,,
2848,-61.67299702536714,15.674582072763167,,,
2849,-61.672999467249454,15.674584799444782,,,
2850,-61.673001905288636,15.674587524724007,,,
2851,-61.67300433948468,15.674590248600834,,,
2852,-61.67300676983756,15.674592971075267,,,
2853,-61.673009196347316,15.674595692147303,,,
2854,-61.67301161901391,15.674598411816946,,,
2855,-61.673014037837376,15.674601130084195,,,
2856,-61.673016452817684,15.674603846949045,,,
2857,-61.67301886395485,15.674606562411501,,,
2858,-61.67302127124887,15.674609276471562,,,
2859,-61.67302367469976,15.67461198912923,,,
2860,-61.67302607430749,15.6746147003845,,,
2861,-61.67302847007208,15.674617410237378,,,
2862,-61.67303086199354,15.67462011868786,,,
2863,-61.673033250071825,15.674622825735943,,,
2864,-61.67303563430699,15.674625531381633,,,
2865,-61.673038014699,15.67462823562493,,,
2866,-61.67304039124788,15.674630938465832,,,
2867,-61.67304276395361,15.674633639904338,,,
2868,-61.673045132816185,15.674636339940445,,,
2869,-61.67304749783562,15.674639038574162,,,
2870,-61.67304985901192,15.67464173580548,,,
2871,-61.67305221634506,15.674644431634404,,,
2872,-61.67305456983507,15.674647126060933,,,
2873,-61.67305691948192,15.674649819085069,,,
2874,-61.67305926528564,15.674652510706807,,,
2875,-61.67306160724621,15.67465520092615,,,
2876,-61.673063945363644,15.6746578897431,,,
2877,-61.67306627963792,15.674660577157649,,,
2878,-61.67306861006906,15.67466326316981,,,
2879,-61.67307093665704,15.674665947779571,,,
2880,-61.6730732594019,15.674668630986945,,,
2881,-61.6730755783036,15.674671312791915,,,
2882,-61.67307789336216,15.674673993194492,,,
2883,-61.67308020457758,15.674676672194677,,,
2884,-61.67308251194985,15.674679349792463,,,
2885,-61.67308481547897,15.674682025987854,,,
2886,-61.673087115164954,15.674684700780851,,,
2887,-61.673089411007794,15.674687374171455,,,
2888,-61.6730917030075,15.674690046159661,,,
2889,-61.67309399116404,15.674692716745472,,,
2890,-61.67309627547745,15.67469538592889,,,
2891,-61.67309855594769,15.674698053709909,,,
2892,-61.67310083257482,15.674700720088536,,,
2893,-61.673103105358784,15.674703385064767,,,
2894,-61.673105374299624,15.674706048638605,,,
2895,-61.67310763939731,15.674708710810043,,,
2896,-61.67310990065184,15.674711371579088,,,
2897,-61.67311215806323,15.67471403094574,,,
2898,-61.67311441163148,15.674716688909992,,,
2899,-61.67311666135659,15.674719345471853,,,
2900,-61.673118907238546,15.674722000631316,,,
2901,-61.673121149277364,15.674724654388386,,,
2902,-61.67312338747304,15.674727306743065,,,
2903,-61.67312562182556,15.674729957695343,,,
2904,-61.67312785233494,15.674732607245225,,,
2905,-61.67313007900119,15.674735255392715,,,
2906,-61.67313230182428,15.674737902137808,,,
2907,-61.673134520804226,15.674740547480505,,,
2908,-61.67313673594104,15.674743191420813,,,
2909,-61.673138947234705,15.674745833958719,,,
2910,-61.67314115468522,15.674748475094235,,,
2911,-61.6731433582926,15.674751114827352,,,
2912,-61.673145558056824,15.674753753158072,,,
2913,-61.6731477539779,15.6747563900864,,,
2914,-61.673149946055844,15.674759025612333,,,
2915,-61.67315213429064,15.67476165973587,,,
2916,-61.673154318682286,15.674764292457013,,,
2917,-61.67315649923079,15.674766923775758,,,
2918,-61.67315867593615,15.674769553692112,,,
2919,-61.673160848798375,15.67477218220607,,,
2920,-61.67316301781746,15.67477480931763,,,
2921,-61.67316518299337,15.674777435026794,,,
2922,-61.67316734432616,15.674780059333568,,,
2923,-61.673169501815806,15.674782682237943,,,
2924,-61.67317165546231,15.674785303739927,,,
2925,-61.67317380526565,15.67478792383951,,,
2926,-61.67317595122584,15.674790542536698,,,
2927,-61.67317809334291,15.674793159831495,,,
2928,-61.67318023161683,15.674795775723895,,,
2929,-61.67318236604761,15.674798390213901,,,
2930,-61.673184496635244,15.67480100330151,,,
2931,-61.67318662337973,15.674803614986727,,,
2932,-61.67318874628107,15.674806225269547,,,
2933,-61.67319086533926,15.674808834149971,,,
2934,-61.67319298055431,15.674811441627998,,,
2935,-61.67319509192622,15.674814047703633,,,
2936,-61.67319719945498,15.674816652376872,,,
2937,-61.673199303140606,15.674819255647716,,,
2938,-61.67320140298309,15.674821857516166,,,
2939,-61.67320349898242,15.674824457982218,,,
2940,-61.67320559113858,15.674827057045874,,,
2941,-61.673207679451636,15.67482965470714,,,
2942,-61.673209763921534,15.67483225096601,,,
2943,-61.67321184454829,15.674834845822481,,,
2944,-61.67321392133189,15.674837439276558,,,
2945,-61.67321599427236,15.674840031328241,,,
2946,-61.67321806336969,15.674842621977529,,,
2947,-61.67322012862385,15.67484521122442,,,
2948,-61.67322219003488,15.674847799068916,,,
2949,-61.673224247602775,15.674850385511018,,,
2950,-61.67322630132752,15.674852970550727,,,
2951,-61.67322835120911,15.674855554188037,,,
2952,-61.673230397247565,15.674858136422955,,,
2953,-61.67323243944288,15.674860717255477,,,
2954,-61.673234477795035,15.6748632966856,,,
2955,-61.67323651230405,15.67486587471333,,,
2956,-61.673238542969926,15.674868451338666,,,
2957,-61.67324056979267,15.674871026561608,,,
2958,-61.67324259277225,15.674873600382153,,,
2959,-61.673244611908686,15.674876172800303,,,
2960,-61.673246627202,15.674878743816059,,,
2961,-61.67324863865215,15.674881313429417,,,
2962,-61.67325064625915,15.674883881640381,,,
2963,-61.673252650023024,15.674886448448952,,,
2964,-61.67325464994374,15.674889013855127,,,
2965,-61.673256646021315,15.674891577858906,,,
2966,-61.673258638255746,15.674894140460292,,,
2967,-61.67326062664704,15.674896701659279,,,
2968,-61.67326261119517,15.674899261455872,,,
2969,-61.67326459190018,15.67490181985007,,,
2970,-61.67326656876203,15.674904376841873,,,
2971,-61.67326854178075,15.674906932431284,,,
2972,-61.673270510956314,15.674909486618297,,,
2973,-61.67327247628874,15.674912039402916,,,
2974,-61.67327443777801,15.67491459078514,,,
2975,-61.673276395424146,15.674917140764967,,,
2976,-61.67327834922713,15.674919689342394,,,
2977,-61.67328029918696,15.674922236517435,,,
2978,-61.67328224530367,15.674924782290077,,,
2979,-61.67328418757723,15.674927326660324,,,
2980,-61.67328612600764,15.674929869628176,,,
2981,-61.67328806059491,15.674932411193634,,,
2982,-61.67328999133902,15.67493495135669,,,
2983,-61.67329191824,15.674937490117358,,,
2984,-61.673293841297834,15.67494002747563,,,
2985,-61.67329576051253,15.674942563431507,,,
2986,-61.67329767588407,15.674945097984988,,,
2987,-61.67329958741247,15.674947631136074,,,
2988,-61.67330149509773,15.674950162884766,,,
2989,-61.67330339893984,15.674952693231058,,,
2990,-61.67330529893879,15.674955222174958,,,
2991,-61.67330719509462,15.674957749716464,,,
2992,-61.673309087407304,15.674960275855575,,,
2993,-61.67331097587685,15.67496280059229,,,
2994,-61.67331286050322,15.674965323926608,,,
2995,-61.673314741286475,15.674967845858534,,,
2996,-61.67331661822657,15.674970366388061,,,
2997,-61.67331849132353,15.674972885515196,,,
2998,-61.673320360577335,15.674975403239934,,,
2999,-61.67332222598801,15.674977919562277,,,
3000,-61.673324087555535,15.674980434482228,,,
3001,-61.67332594527991,15.674982947999782,,,
3002,-61.67332779916115,15.674985460114941,,,
3003,-61.67332964919924,15.6749879708277,,,
3004,-61.67333149539418,15.674990480138067,,,
3005,-61.67333333774599,15.674992988046041,,,
3006,-61.67333517625464,15.67499549455162,,,
3007,-61.67333701092015,15.674997999654803,,,
3008,-61.67333884174252,15.675000503355589,,,
3009,-61.673340668721735,15.675003005653982,,,
3010,-61.673342491857824,15.67500550654998,,,
3011,-61.67334431115076,15.67500800604358,,,
3012,-61.673346126600535,15.675010504134786,,,
3013,-61.67334793820719,15.675013000823599,,,
3014,-61.6733497459707,15.675015496110014,,,
3015,-61.67335154989105,15.675017989994036,,,
3016,-61.673353349968274,15.675020482475663,,,
3017,-61.673355146202326,15.67502297355489,,,
3018,-61.67335693859326,15.675025463231728,,,
3019,-61.673358727141036,15.67502795150617,,,
3020,-61.67336051184567,15.675030438378215,,,
3021,-61.67336229270717,15.675032923847866,,,
3022,-61.67336406972551,15.67503540791512,,,
3023,-61.67336584290072,15.675037890579983,,,
3024,-61.673367612232774,15.675040371842442,,,
3025,-61.673369377721684,15.675042851702514,,,
3026,-61.67337113936745,15.675045330160184,,,
3027,-61.673372897170076,15.675047807215467,,,
3028,-61.67337465112956,15.675050282868352,,,
3029,-61.673376401245896,15.67505275711884,,,
3030,-61.673378147519095,15.675055229966935,,,
3031,-61.67337988994913,15.675057701412632,,,
3032,-61.673381628536035,15.675060171455936,,,
3033,-61.6733833632798,15.675062640096844,,,
3034,-61.67338509418041,15.675065107335357,,,
3035,-61.67338682123788,15.675067573171475,,,
3036,-61.67338854445221,15.675070037605195,,,
3037,-61.6733902638234,15.675072500636528,,,
3038,-61.67339197935143,15.675074962265459,,,
3039,-61.67339369103631,15.675077422491993,,,
3040,-61.67339539887807,15.675079881316138,,,
3041,-61.67339710287667,15.675082338737884,,,
3042,-61.67339880303213,15.675084794757236,,,
3043,-61.67340049934444,15.675087249374192,,,
3044,-61.673402191813615,15.675089702588753,,,
3045,-61.67340388043963,15.67509215440092,,,
3046,-61.673405565222524,15.675094604810692,,,
3047,-61.673407246162256,15.675097053818067,,,
3048,-61.673408923258854,15.675099501423048,,,
3049,-61.673410596512305,15.675101947625635,,,
3050,-61.67341226592259,15.675104392425824,,,
3051,-61.67341393148976,15.67510683582362,,,
3052,-61.673415593213775,15.675109277819018,,,
3053,-61.67341725109465,15.675111718412024,,,
3054,-61.67341890513238,15.675114157602634,,,
3055,-61.67342055532696,15.675116595390847,,,
3056,-61.67342220167839,15.675119031776667,,,
3057,-61.673423844186686,15.675121466760093,,,
3058,-61.67342548285185,15.675123900341125,,,
3059,-61.67342711767384,15.675126332519753,,,
3060,-61.67342874865271,15.675128763295996,,,
3061,-61.67343037578841,15.675131192669836,,,
3062,-61.673431999081004,15.675133620641288,,,
3063,-61.67343361853042,15.67513604721034,,,
3064,-61.673435234136704,15.675138472376997,,,
3065,-61.67343684589984,15.675140896141263,,,
3066,-61.673438453819834,15.675143318503128,,,
3067,-61.67344005789668,15.6751457394626,,,
3068,-61.67344165813039,15.67514815901968,,,
3069,-61.67344325452095,15.675150577174362,,,
3070,-61.67344484706837,15.675152993926648,,,
3071,-61.67344643577264,15.675155409276542,,,
3072,-61.67344802063378,15.67515782322404,,,
3073,-61.67344960165174,15.67516023576914,,,
3074,-61.673451178826596,15.675162646911847,,,
3075,-61.67345275215828,15.675165056652155,,,
3076,-61.673454321646844,15.675167464990075,,,
3077,-61.67345588729224,15.675169871925595,,,
3078,-61.673457449094506,15.67517227745872,,,
3079,-61.673459007053616,15.675174681589453,,,
3080,-61.6734605611696,15.675177084317788,,,
3081,-61.67346211144242,15.675179485643728,,,
3082,-61.673463657872105,15.675181885567273,,,
3083,-61.673465200458644,15.675184284088424,,,
3084,-61.67346673920204,15.67518668120718,,,
3085,-61.6734682741023,15.675189076923537,,,
3086,-61.6734698051594,15.675191471237502,,,
3087,-61.67347133237336,15.675193864149072,,,
3088,-61.67347285574417,15.675196255658246,,,
3089,-61.67347437527185,15.675198645765025,,,
3090,-61.67347589095639,15.67520103446941,,,
3091,-61.673477402797765,15.675203421771398,,,
3092,-61.673478910796,15.675205807670991,,,
3093,-61.6734804149511,15.67520819216819,,,
3094,-61.67348191526305,15.675210575262993,,,
3095,-61.67348341173186,15.675212956955402,,,
3096,-61.67348490435752,15.675215337245413,,,
3097,-61.67348639314004,15.675217716133034,,,
3098,-61.67348787807942,15.675220093618258,,,
3099,-61.67348935917564,15.675222469701081,,,
3100,-61.673490836428726,15.675224844381516,,,
3101,-61.67349230983868,15.675227217659552,,,
3102,-61.67349377940546,15.675229589535196,,,
3103,-61.67349524512912,15.67523196000844,,,
3104,-61.67349670700963,15.675234329079291,,,
3105,-61.67349816504699,15.67523669674775,,,
3106,-61.673499619241205,15.67523906301381,,,
3107,-61.673501069592284,15.675241427877477,,,
3108,-61.6735025161002,15.675243791338747,,,
3109,-61.673503958765,15.675246153397623,,,
3110,-61.673505397586645,15.675248514054104,,,
3111,-61.67350683256514,15.675250873308189,,,
3112,-61.67350826370049,15.675253231159882,,,
3113,-61.6735096909927,15.675255587609175,,,
3114,-61.67351111444176,15.675257942656078,,,
3115,-61.67351253404769,15.67526029630058,,,
3116,-61.673513949810456,15.675262648542692,,,
3117,-61.67351536173008,15.675264999382403,,,
3118,-61.67351676980657,15.675267348819723,,,
3119,-61.67351817403991,15.675269696854649,,,
3120,-61.673519574430124,15.67527204348718,,,
3121,-61.673520970977165,15.675274388717312,,,
3122,-61.673522363681066,15.675276732545049,,,
3123,-61.67352375254184,15.675279074970394,,,
3124,-61.67352513755946,15.675281415993343,,,
3125,-61.67352651873394,15.675283755613897,,,
3126,-61.673527896065266,15.675286093832053,,,
3127,-61.673529269553455,15.675288430647816,,,
3128,-61.6735306391985,15.675290766061185,,,
3129,-61.6735320050004,15.675293100072158,,,
3130,-61.67353336695914,15.675295432680736,,,
3131,-61.67353472507476,15.675297763886915,,,
3132,-61.67353607934722,15.675300093690705,,,
3133,-61.673537429776545,15.675302422092098,,,
3134,-61.673538776362726,15.675304749091094,,,
3135,-61.67354011910576,15.675307074687694,,,
3136,-61.673541458005644,15.6753093988819,,,
3137,-61.67354279306239,15.675311721673715,,,
3138,-61.673544124275985,15.67531404306313,,,
3139,-61.67354545164644,15.67531636305015,,,
3140,-61.673546775173754,15.675318681634778,,,
3141,-61.673548094857914,15.675320998817007,,,
3142,-61.67354941069894,15.675323314596843,,,
3143,-61.67355072269681,15.675325628974285,,,
3144,-61.673552030851546,15.675327941949327,,,
3145,-61.673553335163135,15.67533025352198,,,
3146,-61.67355463563159,15.675332563692233,,,
3147,-61.67355593225688,15.675334872460093,,,
3148,-61.67355722503903,15.675337179825558,,,
3149,-61.673558513978044,15.675339485788626,,,
3150,-61.67355979907391,15.6753417903493,,,
3151,-61.673561080326635,15.675344093507581,,,
3152,-61.6735623577362,15.675346395263462,,,
3153,-61.67356363130265,15.675348695616956,,,
3154,-61.67356490102593,15.675350994568046,,,
3155,-61.67356616690608,15.675353292116746,,,
3156,-61.67356742894307,15.675355588263049,,,
3157,-61.67356868713693,15.675357883006956,,,
3158,-61.673569941487635,15.675360176348468,,,
3159,-61.67357119199521,15.675362468287586,,,
3160,-61.67357243865963,15.67536475882431,,,
3161,-61.67357368148092,15.67536704795864,,,
3162,-61.67357492045904,15.675369335690569,,,
3163,-61.673576155594034,15.675371622020107,,,
3164,-61.67357738688587,15.675373906947247,,,
3165,-61.67357861433457,15.675376190471995,,,
3166,-61.67357983794013,15.675378472594344,,,
3167,-61.67358105770255,15.675380753314306,,,
3168,-61.67358227362182,15.675383032631867,,,
3169,-61.67358348569793,15.675385310547032,,,
3170,-61.67358469393091,15.675387587059802,,,
3171,-61.67358589832075,15.675389862170178,,,
3172,-61.67358709886744,15.675392135878159,,,
3173,-61.67358829557099,15.675394408183744,,,
3174,-61.67358948843139,15.675396679086933,,,
3175,-61.67359067744866,15.67539894858773,,,
3176,-61.67359186262275,15.67540121668613,,,
3177,-61.67359304395372,15.675403483382134,,,
3178,-61.67359422144155,15.675405748675745,,,
3179,-61.673595395086224,15.675408012566958,,,
3180,-61.67359656488776,15.675410275055777,,,
3181,-61.67359773084616,15.675412536142204,,,
3182,-61.6735988929614,15.675414795826232,,,
3183,-61.6736000512335,15.675417054107866,,,
3184,-61.67360120566246,15.675419310987104,,,
3185,-61.67360235624827,15.675421566463946,,,
3186,-61.673603502990936,15.675423820538397,,,
3187,-61.673604645890464,15.67542607321045,,,
3188,-61.673605784946844,15.675428324480109,,,
3189,-61.67360692016009,15.67543057434737,,,
3190,-61.673608051530174,15.67543282281224,,,
3191,-61.673609179057124,15.67543506987471,,,
3192,-61.673610302740926,15.675437315534788,,,
3193,-61.67361142258158,15.675439559792473,,,
3194,-61.673612538579086,15.675441802647756,,,
3195,-61.67361365073346,15.67544404410065,,,
3196,-61.67361475904469,15.675446284151146,,,
3197,-61.67361586351278,15.67544852279925,,,
3198,-61.67361696413771,15.675450760044956,,,
3199,-61.673618060919495,15.675452995888266,,,
3200,-61.67361915385814,15.675455230329181,,,
3201,-61.673620242953646,15.675457463367705,,,
3202,-61.67362132820601,15.67545969500383,,,
3203,-61.67362240961522,15.67546192523756,,,
3204,-61.673623487181295,15.675464154068896,,,
3205,-61.673624560904216,15.675466381497836,,,
3206,-61.673625630783995,15.67546860752438,,,
3207,-61.673626696820634,15.675470832148532,,,
3208,-61.673627759014124,15.675473055370286,,,
3209,-61.673628817364474,15.675475277189644,,,
3210,-61.673629871871675,15.675477497606611,,,
3211,-61.673630922535736,15.67547971662118,,,
3212,-61.67363196935665,15.675481934233353,,,
3213,-61.67363301233441,15.67548415044313,,,
3214,-61.673634051469044,15.675486365250517,,,
3215,-61.673635086760534,15.675488578655505,,,
3216,-61.67363611820886,15.675490790658099,,,
3217,-61.67363714581406,15.675493001258298,,,
3218,-61.67363816957611,15.675495210456099,,,
3219,-61.67363918949501,15.67549741825151,,,
3220,-61.67364020557078,15.675499624644521,,,
3221,-61.67364121780338,15.675501829635138,,,
3222,-61.67364222619286,15.675504033223362,,,
3223,-61.67364323073919,15.67550623540919,,,
3224,-61.67364423144237,15.675508436192622,,,
3225,-61.673645228302405,15.675510635573659,,,
3226,-61.6736462213193,15.6755128335523,,,
3227,-61.673647210493044,15.675515030128546,,,
3228,-61.67364819582366,15.6755172253024,,,
3229,-61.67364917731111,15.675519419073854,,,
3230,-61.67365015495543,15.675521611442917,,,
3231,-61.6736511287566,15.675523802409582,,,
3232,-61.673652098714626,15.675525991973853,,,
3233,-61.67365306482952,15.67552818013573,,,
3234,-61.67365402710125,15.67553036689521,,,
3235,-61.67365498552984,15.675532552252294,,,
3236,-61.673655940115296,15.675534736206986,,,
3237,-61.6736568908576,15.675536918759281,,,
3238,-61.673657837756764,15.675539099909184,,,
3239,-61.67365878081278,15.675541279656688,,,
3240,-61.673659720025654,15.675543458001794,,,
3241,-61.67366065539538,15.675545634944509,,,
3242,-61.673661586921966,15.67554781048483,,,
3243,-61.6736625146054,15.675549984622752,,,
3244,-61.6736634384457,15.675552157358283,,,
3245,-61.67366435844285,15.675554328691417,,,
3246,-61.67366527459685,15.675556498622157,,,
3247,-61.67366618690772,15.675558667150499,,,
3248,-61.67366709537543,15.675560834276448,,,
3249,-61.673668,15.675563,,,
3250,-61.67366890078143,15.67556516432116,,,
3251,-61.67366979771971,15.67556732723992,,,
3252,-61.67367069081485,15.675569488756288,,,
3253,-61.67367158006685,15.67557164887026,,,
3254,-61.673672465475704,15.67557380758184,,,
3255,-61.6736733470414,15.67557596489102,,,
3256,-61.67367422476398,15.675578120797809,,,
3257,-61.67367509864338,15.675580275302199,,,
3258,-61.67367596867967,15.675582428404198,,,
3259,-61.673676834872786,15.675584580103799,,,
3260,-61.67367769722278,15.675586730401005,,,
3261,-61.67367855572961,15.675588879295816,,,
3262,-61.673679410393305,15.675591026788231,,,
3263,-61.673680261213846,15.67559317287825,,,
3264,-61.67368110819127,15.67559531756588,,,
3265,-61.67368195132554,15.675597460851108,,,
3266,-61.67368279061665,15.675599602733946,,,
3267,-61.67368362606462,15.675601743214386,,,
3268,-61.67368445766946,15.67560388229243,,,
3269,-61.673685285431134,15.675606019968079,,,
3270,-61.67368610934969,15.675608156241335,,,
3271,-61.673686929425074,15.675610291112193,,,
3272,-61.67368774565733,15.675612424580661,,,
3273,-61.673688558046436,15.67561455664673,,,
3274,-61.673689366592406,15.675616687310402,,,
3275,-61.67369017129522,15.675618816571681,,,
3276,-61.6736909721549,15.675620944430566,,,
3277,-61.67369176917142,15.675623070887054,,,
3278,-61.67369256234481,15.675625195941148,,,
3279,-61.673693351675055,15.675627319592845,,,
3280,-61.67369413716216,15.67562944184215,,,
3281,-61.673694918806106,15.675631562689059,,,
3282,-61.67369569660691,15.675633682133572,,,
3283,-61.67369647056458,15.675635800175687,,,
3284,-61.67369724067909,15.675637916815411,,,
3285,-61.67369800695047,15.675640032052737,,,
3286,-61.6736987693787,15.67564214588767,,,
3287,-61.67369952796379,15.675644258320206,,,
3288,-61.673700282705745,15.675646369350352,,,
3289,-61.67370103360453,15.675648478978097,,,
3290,-61.673701780660174,15.675650587203446,,,
3291,-61.673702523872684,15.675652694026402,,,
3292,-61.67370326324205,15.675654799446965,,,
3293,-61.673703998768275,15.675656903465132,,,
3294,-61.67370473045136,15.675659006080904,,,
3295,-61.67370545829128,15.675661107294276,,,
3296,-61.67370618228807,15.67566320710526,,,
3297,-61.673706902441715,15.675665305513846,,,
3298,-61.6737076187522,15.675667402520034,,,
3299,-61.67370833121955,15.675669498123828,,,
3300,-61.67370903984378,15.675671592325228,,,
3301,-61.673709744624844,15.675673685124233,,,
3302,-61.67371044556276,15.675675776520846,,,
3303,-61.67371114265754,15.67567786651506,,,
3304,-61.67371183590916,15.675679955106874,,,
3305,-61.673712525317654,15.675682042296302,,,
3306,-61.673713210883,15.67568412808333,,,
3307,-61.6737138926052,15.675686212467964,,,
3308,-61.67371457048425,15.675688295450202,,,
3309,-61.67371524452016,15.675690377030046,,,
3310,-61.673715914712936,15.675692457207496,,,
3311,-61.67371658106254,15.675694535982545,,,
3312,-61.673717243569016,15.675696613355203,,,
3313,-61.673717902232355,15.675698689325468,,,
3314,-61.673718557052545,15.675700763893335,,,
3315,-61.67371920802959,15.675702837058807,,,
3316,-61.6737198551635,15.675704908821887,,,
3317,-61.67372049845425,15.67570697918257,,,
3318,-61.67372113790186,15.675709048140854,,,
3319,-61.67372177350633,15.675711115696748,,,
3320,-61.67372240526765,15.675713181850243,,,
3321,-61.67372303318582,15.675715246601346,,,
3322,-61.67372365726086,15.675717309950052,,,
3323,-61.673724277492745,15.675719371896363,,,
3324,-61.6737248938815,15.67572143244028,,,
3325,-61.67372550642709,15.675723491581802,,,
3326,-61.67372611512954,15.675725549320925,,,
3327,-61.67372671998886,15.675727605657658,,,
3328,-61.67372732100502,15.67572966059199,,,
3329,-61.67372791817805,15.675731714123934,,,
3330,-61.67372851150792,15.675733766253478,,,
3331,-61.67372910099466,15.675735816980627,,,
3332,-61.67372968663824,15.675737866305381,,,
3333,-61.67373026843869,15.67573991422774,,,
3334,-61.67373084639598,15.675741960747704,,,
3335,-61.67373142051016,15.675744005865276,,,
3336,-61.673731990781164,15.67574604958045,,,
3337,-61.673732557209036,15.67574809189323,,,
3338,-61.67373311979376,15.675750132803614,,,
3339,-61.67373367853533,15.6757521723116,,,
3340,-61.67373423343376,15.675754210417193,,,
3341,-61.673734784489056,15.675756247120395,,,
3342,-61.6737353317012,15.675758282421194,,,
3343,-61.67373587507021,15.675760316319604,,,
3344,-61.673736414596064,15.675762348815615,,,
3345,-61.67373695027877,15.675764379909234,,,
3346,-61.673737482118334,15.675766409600456,,,
3347,-61.67373801011476,15.675768437889284,,,
3348,-61.67373853426805,15.675770464775715,,,
3349,-61.673739054578185,15.675772490259755,,,
3350,-61.67373957104517,15.675774514341395,,,
3351,-61.67374008366901,15.675776537020642,,,
3352,-61.67374059244972,15.675778558297493,,,
3353,-61.67374109738728,15.675780578171949,,,
3354,-61.67374159848168,15.67578259664401,,,
3355,-61.67374209573296,15.675784613713677,,,
3356,-61.673742589141085,15.675786629380948,,,
3357,-61.67374307870607,15.675788643645825,,,
3358,-61.6737435644279,15.675790656508305,,,
3359,-61.673744046306595,15.67579266796839,,,
3360,-61.673744524342126,15.675794678026078,,,
3361,-61.673744998534545,15.675796686681373,,,
3362,-61.67374546888379,15.675798693934272,,,
3363,-61.67374593538992,15.675800699784782,,,
3364,-61.67374639805288,15.67580270423289,,,
3365,-61.67374685687271,15.675804707278605,,,
3366,-61.67374731184939,15.675806708921922,,,
3367,-61.67374776298292,15.675808709162846,,,
3368,-61.67374821027331,15.675810708001373,,,
3369,-61.67374865372056,15.675812705437508,,,
3370,-61.67374909332466,15.675814701471246,,,
3371,-61.673749529085626,15.67581669610259,,,
3372,-61.67374996100343,15.67581868933154,,,
3373,-61.67375038907811,15.675820681158093,,,
3374,-61.67375081330964,15.675822671582251,,,
3375,-61.67375123369802,15.675824660604015,,,
3376,-61.67375165024325,15.67582664822338,,,
3377,-61.67375206294535,15.675828634440354,,,
3378,-61.67375247180429,15.675830619254928,,,
3379,-61.673752876820096,15.675832602667114,,,
3380,-61.67375327799276,15.675834584676899,,,
3381,-61.673753675322274,15.675836565284293,,,
3382,-61.67375406880865,15.675838544489288,,,
3383,-61.67375445845187,15.67584052229189,,,
3384,-61.673754844251945,15.675842498692093,,,
3385,-61.67375522620889,15.675844473689908,,,
3386,-61.67375560432268,15.675846447285323,,,
3387,-61.67375597859333,15.675848419478344,,,
3388,-61.673756349020834,15.67585039026897,,,
3389,-61.6737567156052,15.675852359657203,,,
3390,-61.673757078346405,15.675854327643036,,,
3391,-61.673757437244475,15.675856294226474,,,
3392,-61.6737577922994,15.67585825940752,,,
3393,-61.673758143511186,15.675860223186172,,,
3394,-61.67375849087983,15.675862185562426,,,
3395,-61.67375883440532,15.675864146536284,,,
3396,-61.673759174087664,15.67586610610775,,,
3397,-61.67375950992688,15.67586806427682,,,
3398,-61.67375984192293,15.675870021043492,,,
3399,-61.67376017007585,15.675871976407773,,,
3400,-61.67376049438563,15.675873930369658,,,
3401,-61.67376081485226,15.675875882929144,,,
3402,-61.67376113147573,15.675877834086236,,,
3403,-61.67376144425607,15.675879783840937,,,
3404,-61.67376175319326,15.675881732193236,,,
3405,-61.67376205828731,15.675883679143148,,,
3406,-61.673762359538216,15.675885624690657,,,
3407,-61.67376265694598,15.675887568835778,,,
3408,-61.67376295051059,15.6758895115785,,,
3409,-61.67376324023208,15.675891452918826,,,
3410,-61.67376352611039,15.675893392856759,,,
3411,-61.67376380814559,15.675895331392297,,,
3412,-61.67376408633762,15.675897268525436,,,
3413,-61.67376436068652,15.675899204256186,,,
3414,-61.67376463119227,15.675901138584537,,,
3415,-61.673764897854866,15.675903071510492,,,
3416,-61.673765160674336,15.675905003034053,,,
3417,-61.67376541965065,15.675906933155218,,,
3418,-61.67376567478382,15.67590886187399,,,
3419,-61.673765926073855,15.675910789190366,,,
3420,-61.673766173520725,15.675912715104346,,,
3421,-61.67376641712448,15.675914639615932,,,
3422,-61.67376665688508,15.675916562725122,,,
3423,-61.673766892802526,15.675918484431914,,,
3424,-61.67376712487683,15.675920404736317,,,
3425,-61.67376735310798,15.675922323638321,,,
3426,-61.673767577496,15.675924241137928,,,
3427,-61.67376779804088,15.675926157235144,,,
3428,-61.67376801474262,15.675928071929967,,,
3429,-61.673768227601194,15.675929985222389,,,
3430,-61.67376843661663,15.675931897112417,,,
3431,-61.67376864178894,15.675933807600051,,,
3432,-61.67376884311808,15.675935716685288,,,
3433,-61.67376904060409,15.675937624368132,,,
3434,-61.67376923424694,15.675939530648577,,,
3435,-61.67376942404667,15.675941435526635,,,
3436,-61.673769610003255,15.675943339002293,,,
3437,-61.67376979211667,15.675945241075553,,,
3438,-61.67376997038696,15.675947141746423,,,
3439,-61.6737701448141,15.675949041014892,,,
3440,-61.673770315398095,15.675950938880973,,,
3441,-61.673770482138956,15.675952835344654,,,
3442,-61.673770645036655,15.675954730405941,,,
3443,-61.67377080409122,15.675956624064831,,,
3444,-61.67377095930265,15.67595851632133,,,
3445,-61.67377111067091,15.675960407175431,,,
3446,-61.67377125819605,15.675962296627137,,,
3447,-61.67377140187803,15.675964184676445,,,
3448,-61.67377154171687,15.675966071323362,,,
3449,-61.673771677712566,15.675967956567884,,,
3450,-61.67377180986513,15.675969840410012,,,
3451,-61.673771938174525,15.675971722849741,,,
3452,-61.67377206264079,15.675973603887076,,,
3453,-61.67377218326391,15.675975483522015,,,
3454,-61.673772300043886,15.675977361754562,,,
3455,-61.673772412980725,15.67597923858471,,,
3456,-61.673772522074415,15.675981114012467,,,
3457,-61.67377262732495,15.675982988037827,,,
3458,-61.67377272873236,15.67598486066079,,,
3459,-61.6737728262966,15.675986731881359,,,
3460,-61.67377292001771,15.675988601699533,,,
3461,-61.67377300989567,15.675990470115309,,,
3462,-61.67377309593049,15.675992337128694,,,
3463,-61.67377317812217,15.675994202739684,,,
3464,-61.6737732564707,15.67599606694828,,,
3465,-61.67377333097609,15.675997929754477,,,
3466,-61.67377340163834,15.675999791158281,,,
3467,-61.673773468457426,15.676001651159686,,,
3468,-61.6737735314334,15.6760035097587,,,
3469,-61.673773590566185,15.676005366955316,,,
3470,-61.67377364585586,15.67600722274954,,,
3471,-61.67377369730239,15.676009077141366,,,
3472,-61.67377374490576,15.6760109301308,,,
3473,-61.67377378866599,15.676012781717834,,,
3474,-61.67377382858308,15.676014631902477,,,
3475,-61.67377386465701,15.676016480684721,,,
3476,-61.67377389688781,15.676018328064576,,,
3477,-61.673773925275476,15.67602017404203,,,
3478,-61.67377394981999,15.676022018617093,,,
3479,-61.67377397052135,15.676023861789758,,,
3480,-61.673773987379576,15.676025703560033,,,
3481,-61.673774000394644,15.676027543927903,,,
3482,-61.673774009566586,15.676029382893386,,,
3483,-61.67377401489537,15.67603122045647,,,
3484,-61.67377401638102,15.676033056617161,,,
3485,-61.673774014023515,15.676034891375457,,,
3486,-61.673774007822864,15.676036724731354,,,
3487,-61.67377399777908,15.676038556684858,,,
3488,-61.67377398389215,15.67604038723597,,,
3489,-61.67377396616207,15.676042216384683,,,
3490,-61.673773944588845,15.676044044131004,,,
3491,-61.67377391917248,15.676045870474928,,,
3492,-61.673773889912965,15.676047695416457,,,
3493,-61.673773856810314,15.67604951895559,,,
3494,-61.67377381986452,15.67605134109233,,,
3495,-61.67377377907557,15.676053161826669,,,
3496,-61.67377373444348,15.67605498115862,,,
3497,-61.67377368596824,15.67605679908817,,,
3498,-61.673773633649866,15.67605861561533,,,
3499,-61.67377357748835,15.676060430740094,,,
3500,-61.67377351748368,15.676062244462463,,,
3501,-61.673773453635874,15.676064056782433,,,
3502,-61.67377338594491,15.67606586770001,,,
3503,-61.673773314410816,15.676067677215192,,,
3504,-61.67377323903358,15.676069485327979,,,
3505,-61.673773159813194,15.676071292038372,,,
3506,-61.673773076749654,15.676073097346368,,,
3507,-61.67377298984298,15.676074901251969,,,
3508,-61.67377289909315,15.676076703755175,,,
3509,-61.67377280450019,15.676078504855985,,,
3510,-61.673772706064085,15.676080304554404,,,
3511,-61.67377260378481,15.676082102850422,,,
3512,-61.673772497662426,15.67608389974405,,,
3513,-61.67377238769689,15.67608569523528,,,
3514,-61.6737722738882,15.676087489324114,,,
3515,-61.67377215623637,15.676089282010555,,,
3516,-61.67377203474139,15.6760910732946,,,
3517,-61.673771909403264,15.676092863176248,,,
3518,-61.673771780222005,15.676094651655504,,,
3519,-61.6737716471976,15.676096438732365,,,
3520,-61.67377151033004,15.676098224406829,,,
3521,-61.67377136961934,15.676100008678898,,,
3522,-61.6737712250655,15.676101791548572,,,
3523,-61.673771076668515,15.676103573015851,,,
3524,-61.67377092442838,15.676105353080732,,,
3525,-61.67377076834511,15.676107131743219,,,
3526,-61.67377060841869,15.676108909003315,,,
3527,-61.67377044464912,15.676110684861014,,,
3528,-61.67377027703642,15.676112459316316,,,
3529,-61.67377010558056,15.676114232369223,,,
3530,-61.673769930281566,15.676116004019736,,,
3531,-61.673769751139424,15.676117774267855,,,
3532,-61.673769568154135,15.676119543113575,,,
3533,-61.673769381325705,15.676121310556905,,,
3534,-61.673769190654134,15.676123076597836,,,
3535,-61.673768996139415,15.676124841236375,,,
3536,-61.67376879778155,15.676126604472515,,,
3537,-61.67376859558054,15.676128366306262,,,
3538,-61.67376838953639,15.676130126737611,,,
3539,-61.67376817964909,15.676131885766566,,,
3540,-61.67376796591865,15.676133643393129,,,
3541,-61.67376774834507,15.676135399617298,,,
3542,-61.67376752692833,15.676137154439065,,,
3543,-61.67376730166845,15.67613890785844,,,
3544,-61.673767072565425,15.676140659875422,,,
3545,-61.673766839619276,15.676142410490009,,,
3546,-61.67376660282997,15.676144159702197,,,
3547,-61.67376636219751,15.676145907511993,,,
3548,-61.673766117721925,15.676147653919394,,,
3549,-61.673765869403184,15.676149398924398,,,
3550,-61.673765617241294,15.676151142527006,,,
3551,-61.67376536123626,15.67615288472722,,,
3552,-61.67376510138809,15.67615462552504,,,
3553,-61.673764837696766,15.676156364920462,,,
3554,-61.673764570162305,15.676158102913492,,,
3555,-61.673764298784704,15.676159839504127,,,
3556,-61.67376402356396,15.676161574692363,,,
3557,-61.673763744500064,15.676163308478209,,,
3558,-61.67376346159301,15.676165040861655,,,
3559,-61.67376317484283,15.67616677184271,,,
3560,-61.67376288424951,15.676168501421365,,,
3561,-61.67376258981303,15.676170229597627,,,
3562,-61.67376229153341,15.676171956371494,,,
3563,-61.67376198941065,15.67617368174297,,,
3564,-61.67376168344474,15.676175405712046,,,
3565,-61.67376137363569,15.676177128278727,,,
3566,-61.6737610599835,15.676178849443016,,,
3567,-61.673760742488156,15.676180569204906,,,
3568,-61.67376042114967,15.676182287564403,,,
3569,-61.67376009596805,15.676184004521502,,,
3570,-61.67375976694328,15.67618572007621,,,
3571,-61.673759434075365,15.676187434228524,,,
3572,-61.6737590973643,15.676189146978437,,,
3573,-61.67375875681009,15.676190858325958,,,
3574,-61.67375841241274,15.676192568271084,,,
3575,-61.67375806417225,15.676194276813815,,,
3576,-61.6737577120886,15.676195983954148,,,
3577,-61.67375735616183,15.676197689692088,,,
3578,-61.673756996391894,15.676199394027634,,,
3579,-61.67375663277882,15.676201096960783,,,
3580,-61.6737562653226,15.676202798491538,,,
3581,-61.673755894023245,15.676204498619898,,,
3582,-61.67375551888074,15.676206197345863,,,
3583,-61.67375513989509,15.676207894669432,,,
3584,-61.6737547570663,15.676209590590606,,,
3585,-61.67375437039436,15.676211285109385,,,
3586,-61.673753979879265,15.676212978225767,,,
3587,-61.673753585521055,15.676214669939757,,,
3588,-61.673753187319676,15.676216360251347,,,
3589,-61.67375278527517,15.676218049160548,,,
3590,-61.67375237938751,15.676219736667349,,,
3591,-61.673751969656706,15.676221422771759,,,
3592,-61.67375155608275,15.67622310747377,,,
3593,-61.673751138665665,15.67622479077339,,,
3594,-61.67375071740542,15.67622647267061,,,
3595,-61.67375029230203,15.676228153165438,,,
3596,-61.67374986335551,15.67622983225787,,,
3597,-61.67374943056584,15.676231509947906,,,
3598,-61.67374899393303,15.67623318623555,,,
3599,-61.67374855345707,15.676234861120795,,,
3600,-61.67374810913796,15.676236534603646,,,
3601,-61.67374766097571,15.676238206684102,,,
3602,-61.67374720897031,15.67623987736216,,,
3603,-61.67374675312179,15.67624154663783,,,
3604,-61.6737462934301,15.6762432145111,,,
3605,-61.67374582989528,15.676244880981976,,,
3606,-61.67374536251731,15.676246546050454,,,
3607,-61.67374489129618,15.67624820971654,,,
3608,-61.673744416231926,15.676249871980229,,,
3609,-61.67374393732453,15.676251532841526,,,
3610,-61.67374345457398,15.676253192300425,,,
3611,-61.67374296798029,15.67625485035693,,,
3612,-61.673742477543456,15.67625650701104,,,
3613,-61.67374198326347,15.676258162262753,,,
3614,-61.67374148514034,15.676259816112072,,,
3615,-61.67374098317407,15.676261468558994,,,
3616,-61.67374047736465,15.676263119603522,,,
3617,-61.67373996771211,15.676264769245659,,,
3618,-61.6737394542164,15.676266417485401,,,
3619,-61.673738936877555,15.67626806432274,,,
3620,-61.67373841569556,15.676269709757687,,,
3621,-61.673737890670424,15.67627135379024,,,
3622,-61.67373736180215,15.676272996420398,,,
3623,-61.67373682909073,15.676274637648163,,,
3624,-61.67373629253615,15.67627627747353,,,
3625,-61.67373575213844,15.676277915896502,,,
3626,-61.673735207897586,15.67627955291708,,,
3627,-61.673734659813576,15.67628118853526,,,
3628,-61.67373410788644,15.676282822751048,,,
3629,-61.67373355211615,15.67628445556444,,,
3630,-61.67373299250269,15.676286086975434,,,
3631,-61.673732429046126,15.676287716984037,,,
3632,-61.673731861746404,15.676289345590245,,,
3633,-61.67373129060353,15.676290972794053,,,
3634,-61.67373071561752,15.67629259859547,,,
3635,-61.673730136788365,15.676294222994489,,,
3636,-61.673729554116065,15.676295845991117,,,
3637,-61.67372896760061,15.676297467585346,,,
3638,-61.67372837724203,15.676299087777181,,,
3639,-61.673727783040285,15.676300706566622,,,
3640,-61.673727184995414,15.676302323953667,,,
3641,-61.673726583107396,15.676303939938316,,,
3642,-61.67372597737622,15.676305554520571,,,
3643,-61.67372536780191,15.676307167700429,,,
3644,-61.67372475438445,15.676308779477893,,,
3645,-61.673724137123855,15.676310389852963,,,
3646,-61.673723516020104,15.676311998825636,,,
3647,-61.67372289107321,15.676313606395915,,,
3648,-61.673722262283185,15.676315212563802,,,
3649,-61.673721629650004,15.676316817329287,,,
3650,-61.67372099317368,15.676318420692379,,,
3651,-61.67372035285422,15.67632002265308,,,
3652,-61.6737197086916,15.676321623211381,,,
3653,-61.67371906068585,15.676323222367289,,,
3654,-61.67371840883695,15.676324820120803,,,
3655,-61.6737177531449,15.67632641647192,,,
3656,-61.67371709360971,15.676328011420642,,,
3657,-61.67371643023138,15.676329604966968,,,
3658,-61.6737157630099,15.676331197110901,,,
3659,-61.67371509194528,15.676332787852438,,,
3660,-61.673714417037516,15.67633437719158,,,
3661,-61.673713738286594,15.676335965128324,,,
3662,-61.67371305569256,15.676337551662678,,,
3663,-61.67371236925534,15.676339136794631,,,
3664,-61.673711678975,15.676340720524195,,,
3665,-61.67371098485151,15.67634230285136,,,
3666,-61.673710286884884,15.67634388377613,,,
3667,-61.6737095850751,15.676345463298507,,,
3668,-61.67370887942218,15.676347041418486,,,
3669,-61.673708169926115,15.676348618136071,,,
3670,-61.673707456586904,15.676350193451263,,,
3671,-61.673706739404544,15.676351767364057,,,
3672,-61.67370601837905,15.676353339874455,,,
3673,-61.673705293510416,15.676354910982461,,,
3674,-61.67370456479862,15.676356480688069,,,
3675,-61.67370383224369,15.676358048991283,,,
3676,-61.67370309584561,15.676359615892103,,,
3677,-61.67370235560439,15.676361181390526,,,
3678,-61.67370161152003,15.676362745486557,,,
3679,-61.6737008635925,15.676364308180187,,,
3680,-61.67370011182187,15.676365869471429,,,
3681,-61.67369935620806,15.676367429360269,,,
3682,-61.673698596751116,15.676368987846718,,,
3683,-61.67369783345103,15.676370544930773,,,
3684,-61.673697066307795,15.676372100612427,,,
3685,-61.67369629532142,15.676373654891691,,,
3686,-61.673695520491904,15.676375207768558,,,
3687,-61.67369474181924,15.67637675924303,,,
3688,-61.67369395930342,15.676378309315107,,,
3689,-61.673693172944475,15.67637985798479,,,
3690,-61.673692382742374,15.676381405252076,,,
3691,-61.67369158869714,15.676382951116967,,,
3692,-61.67369079080875,15.676384495579466,,,
3693,-61.67368998907721,15.676386038639563,,,
3694,-61.673689183502546,15.676387580297272,,,
3695,-61.67368837408472,15.676389120552583,,,
3696,-61.67368756082376,15.676390659405499,,,
3697,-61.67368674371964,15.676392196856018,,,
3698,-61.6736859227724,15.676393732904145,,,
3699,-61.67368509798199,15.676395267549875,,,
3700,-61.673684269348456,15.67639680079321,,,
3701,-61.67368343687178,15.676398332634152,,,
3702,-61.673682600551935,15.676399863072692,,,
3703,-61.673681760388966,15.676401392108845,,,
3704,-61.67368091638285,15.6764029197426,,,
3705,-61.673680068533585,15.676404445973958,,,
3706,-61.67367921684117,15.676405970802923,,,
3707,-61.67367836130562,15.67640749422949,,,
3708,-61.67367750192693,15.676409016253666,,,
3709,-61.67367663870509,15.676410536875444,,,
3710,-61.67367577164009,15.676412056094827,,,
3711,-61.67367490073197,15.676413573911816,,,
3712,-61.67367402598069,15.676415090326408,,,
3713,-61.67367314738628,15.67641660533861,,,
3714,-61.673672264948706,15.676418118948408,,,
3715,-61.67367137866801,15.67641963115582,,,
3716,-61.67367048854415,15.67642114196083,,,
3717,-61.67366959457715,15.676422651363449,,,
3718,-61.67366869676702,15.67642415936367,,,
3719,-61.67366779511373,15.676425665961496,,,
3720,-61.673666889617294,15.676427171156929,,,
3721,-61.67366598027772,15.676428674949964,,,
3722,-61.673665067095016,15.67643017734061,,,
3723,-61.67366415006915,15.676431678328854,,,
3724,-61.67366322920014,15.676433177914705,,,
3725,-61.67366230448798,15.676434676098161,,,
3726,-61.67366137593268,15.676436172879221,,,
3727,-61.67366044353425,15.676437668257888,,,
3728,-61.67365950729267,15.676439162234157,,,
3729,-61.67365856720794,15.676440654808033,,,
3730,-61.673657623280064,15.676442145979513,,,
3731,-61.67365667550906,15.6764436357486,,,
3732,-61.67365572389488,15.676445124115288,,,
3733,-61.67365476843757,15.676446611079582,,,
3734,-61.67365380913712,15.676448096641483,,,
3735,-61.67365284599354,15.676449580800988,,,
3736,-61.673651879006805,15.676451063558098,,,
3737,-61.67365090817692,15.676452544912811,,,
3738,-61.67364993350388,15.67645402486513,,,
3739,-61.67364895498771,15.676455503415053,,,
3740,-61.67364797262839,15.67645698056258,,,
3741,-61.673646986425936,15.676458456307714,,,
3742,-61.67364599638033,15.676459930650456,,,
3743,-61.673645002491575,15.676461403590796,,,
3744,-61.67364400475968,15.676462875128745,,,
3745,-61.67364300318465,15.676464345264298,,,
3746,-61.67364199776645,15.676465813997456,,,
3747,-61.67364098850514,15.676467281328218,,,
3748,-61.673639975400654,15.676468747256582,,,
3749,-61.67363895845305,15.676470211782558,,,
3750,-61.67363793766229,15.676471674906137,,,
3751,-61.673636913028375,15.676473136627317,,,
3752,-61.67363588455133,15.676474596946104,,,
3753,-61.673634852231146,15.676476055862496,,,
3754,-61.67363381606779,15.67647751337649,,,
3755,-61.67363277606131,15.676478969488091,,,
3756,-61.67363173221168,15.676480424197297,,,
3757,-61.673630684518926,15.67648187750411,,,
3758,-61.673629632983,15.676483329408525,,,
3759,-61.673628577603935,15.676484779910545,,,
3760,-61.67362751838174,15.67648622901017,,,
3761,-61.67362645531638,15.6764876767074,,,
3762,-61.67362538840789,15.676489123002234,,,
3763,-61.67362431765626,15.676490567894676,,,
3764,-61.67362324306148,15.67649201138472,,,
3765,-61.673622164623545,15.676493453472371,,,
3766,-61.67362108234248,15.676494894157624,,,
3767,-61.673619996218264,15.676496333440486,,,
3768,-61.673618906250894,15.676497771320946,,,
3769,-61.6736178124404,15.676499207799019,,,
3770,-61.673616714786746,15.67650064287469,,,
3771,-61.67361561328996,15.676502076547969,,,
3772,-61.67361450795002,15.676503508818854,,,
3773,-61.67361339876693,15.67650493968734,,,
3774,-61.67361228574071,15.676506369153433,,,
3775,-61.67361116887134,15.676507797217134,,,
3776,-61.67361004815882,15.676509223878433,,,
3777,-61.67360892360317,15.676510649137342,,,
3778,-61.67360779520437,15.676512072993855,,,
3779,-61.67360666296241,15.676513495447972,,,
3780,-61.673605526877324,15.676514916499695,,,
3781,-61.673604386949094,15.676516336149025,,,
3782,-61.6736032431777,15.676517754395952,,,
3783,-61.67360209556318,15.67651917124049,,,
3784,-61.673600944105516,15.676520586682631,,,
3785,-61.67359978880471,15.676522000722379,,,
3786,-61.673598629660745,15.676523413359732,,,
3787,-61.673597466673634,15.676524824594683,,,
3788,-61.673596299843396,15.676526234427246,,,
3789,-61.67359512917,15.676527642857414,,,
3790,-61.673593954653455,15.67652904988518,,,
3791,-61.67359277629379,15.676530455510559,,,
3792,-61.673591594090965,15.67653185973354,,,
3793,-61.67359040804499,15.676533262554123,,,
3794,-61.67358921815588,15.676534663972312,,,
3795,-61.67358802442362,15.676536063988108,,,
3796,-61.67358682684822,15.676537462601507,,,
3797,-61.67358562542967,15.676538859812512,,,
3798,-61.67358442016797,15.67654025562112,,,
3799,-61.67358321106315,15.676541650027335,,,
3800,-61.67358199811517,15.676543043031156,,,
3801,-61.673580781324034,15.676544434632579,,,
3802,-61.673579560689774,15.676545824831607,,,
3803,-61.67357833621236,15.676547213628238,,,
3804,-61.6735771078918,15.676548601022478,,,
3805,-61.673575875728105,15.676549987014322,,,
3806,-61.67357463972127,15.676551371603772,,,
3807,-61.673573399871266,15.676552754790823,,,
3808,-61.67357215617813,15.67655413657548,,,
3809,-61.67357090864185,15.676555516957743,,,
3810,-61.67356965726243,15.676556895937608,,,
3811,-61.673568402039855,15.67655827351508,,,
3812,-61.67356714297414,15.676559649690157,,,
3813,-61.6735658800653,15.676561024462842,,,
3814,-61.673564613313296,15.676562397833129,,,
3815,-61.67356334271815,15.676563769801017,,,
3816,-61.67356206827985,15.676565140366515,,,
3817,-61.67356078999842,15.676566509529614,,,
3818,-61.67355950787385,15.67656787729032,,,
3819,-61.67355822190612,15.676569243648633,,,
3820,-61.67355693209525,15.67657060860455,,,
3821,-61.67355563844124,15.676571972158065,,,
3822,-61.673554340944094,15.676573334309195,,,
3823,-61.67355303960379,15.676574695057926,,,
3824,-61.67355173442034,15.676576054404258,,,
3825,-61.673550425393756,15.676577412348198,,,
3826,-61.67354911252402,15.676578768889744,,,
3827,-61.67354779581115,15.676580124028895,,,
3828,-61.67354647525512,15.676581477765648,,,
3829,-61.67354515085596,15.676582830100008,,,
3830,-61.673543822613645,15.67658418103197,,,
3831,-61.67354249052818,15.676585530561539,,,
3832,-61.67354115459959,15.676586878688713,,,
3833,-61.67353981482785,15.676588225413491,,,
3834,-61.67353847121295,15.676589570735874,,,
3835,-61.673537123754926,15.676590914655865,,,
3836,-61.67353577245375,15.676592257173457,,,
3837,-61.67353441730941,15.676593598288655,,,
3838,-61.67353305832196,15.676594938001458,,,
3839,-61.673531695491334,15.676596276311864,,,
3840,-61.67353032881759,15.676597613219876,,,
3841,-61.67352895830069,15.676598948725497,,,
3842,-61.673527583940654,15.676600282828716,,,
3843,-61.67352620573746,15.676601615529545,,,
3844,-61.67352482369113,15.676602946827977,,,
3845,-61.67352343780165,15.676604276724012,,,
3846,-61.67352204806903,15.676605605217656,,,
3847,-61.67352065449326,15.676606932308898,,,
3848,-61.67351925707436,15.676608257997753,,,
3849,-61.6735178558123,15.676609582284206,,,
3850,-61.67351645070711,15.67661090516827,,,
3851,-61.67351504175876,15.676612226649933,,,
3852,-61.67351362896727,15.676613546729204,,,
3853,-61.67351221233264,15.67661486540608,,,
3854,-61.67351079185486,15.676616182680558,,,
3855,-61.67350936753395,15.676617498552647,,,
3856,-61.67350793936988,15.676618813022333,,,
3857,-61.673506507362674,15.676620126089631,,,
3858,-61.67350507151232,15.67662143775453,,,
3859,-61.67350363181881,15.676622748017031,,,
3860,-61.67350218828217,15.676624056877142,,,
3861,-61.673500740902384,15.676625364334853,,,
3862,-61.67349928967946,15.676626670390176,,,
3863,-61.673497834613386,15.6766279750431,,,
3864,-61.67349637570416,15.676629278293627,,,
3865,-61.673494912951796,15.67663058014176,,,
3866,-61.67349344635629,15.6766318805875,,,
3867,-61.67349197591763,15.67663317963084,,,
3868,-61.67349050163584,15.67663447727179,,,
3869,-61.673489023510896,15.676635773510343,,,
3870,-61.67348754154281,15.6766370683465,,,
3871,-61.67348605573158,15.676638361780263,,,
3872,-61.673484566077214,15.67663965381163,,,
3873,-61.673483072579685,15.676640944440603,,,
3874,-61.67348157523902,15.67664223366718,,,
3875,-61.673480074055206,15.676643521491357,,,
3876,-61.67347856902826,15.67664480791315,,,
3877,-61.67347706015816,15.676646092932536,,,
3878,-61.673475547444916,15.676647376549536,,,
3879,-61.67347403088854,15.676648658764137,,,
3880,-61.673472510489006,15.67664993957634,,,
3881,-61.67347098624633,15.676651218986152,,,
3882,-61.67346945816051,15.67665249699357,,,
3883,-61.67346792623155,15.676653773598591,,,
3884,-61.673466390459446,15.676655048801212,,,
3885,-61.6734648508442,15.676656322601444,,,
3886,-61.6734633073858,15.67665759499928,,,
3887,-61.67346176008425,15.67665886599472,,,
3888,-61.673460208939574,15.676660135587765,,,
3889,-61.67345865395174,15.676661403778413,,,
3890,-61.67345709512078,15.676662670566671,,,
3891,-61.67345553244665,15.676663935952527,,,
3892,-61.6734539659294,15.676665199935993,,,
3893,-61.67345239556899,15.676666462517058,,,
3894,-61.67345082136542,15.676667723695733,,,
3895,-61.67344924331873,15.676668983472009,,,
3896,-61.673447661428895,15.676670241845894,,,
3897,-61.67344607569591,15.676671498817383,,,
3898,-61.67344448611978,15.676672754386477,,,
3899,-61.67344289270051,15.676674008553174,,,
3900,-61.67344129543809,15.676675261317476,,,
3901,-61.67343969433253,15.676676512679384,,,
3902,-61.67343808938382,15.676677762638898,,,
3903,-61.67343648059196,15.676679011196013,,,
3904,-61.673434867956985,15.67668025835074,,,
3905,-61.67343325147885,15.676681504103065,,,
3906,-61.673431631157555,15.676682748452997,,,
3907,-61.67343000699313,15.676683991400534,,,
3908,-61.67342837898555,15.67668523294567,,,
3909,-61.67342674713484,15.67668647308842,,,
3910,-61.67342511144098,15.676687711828771,,,
3911,-61.673423471903966,15.676688949166726,,,
3912,-61.673421828523814,15.676690185102284,,,
3913,-61.67342018130053,15.676691419635453,,,
3914,-61.67341853023409,15.676692652766224,,,
3915,-61.673416875324506,15.676693884494599,,,
3916,-61.67341521657178,15.676695114820578,,,
3917,-61.673413553975905,15.676696343744162,,,
3918,-61.67341188753689,15.676697571265354,,,
3919,-61.67341021725473,15.67669879738415,,,
3920,-61.67340854312942,15.676700022100547,,,
3921,-61.67340686516098,15.676701245414552,,,
3922,-61.673405183349374,15.676702467326159,,,
3923,-61.67340349769464,15.676703687835374,,,
3924,-61.673401808196765,15.676704906942195,,,
3925,-61.67340011485573,15.676706124646618,,,
3926,-61.67339841767155,15.676707340948646,,,
3927,-61.67339671664425,15.67670855584828,,,
3928,-61.673395011773785,15.676709769345516,,,
3929,-61.67339330306018,15.67671098144036,,,
3930,-61.67339159050343,15.676712192132808,,,
3931,-61.673389874103535,15.67671340142286,,,
3932,-61.67338815386051,15.676714609310519,,,
3933,-61.673386429774325,15.67671581579578,,,
3934,-61.673384701844995,15.676717020878648,,,
3935,-61.673382970072524,15.67671822455912,,,
3936,-61.6733812344569,15.676719426837197,,,
3937,-61.673379494998144,15.676720627712879,,,
3938,-61.673377751696236,15.676721827186164,,,
3939,-61.67337600455119,15.676723025257056,,,
3940,-61.673374253563004,15.676724221925554,,,
3941,-61.67337249873167,15.676725417191655,,,
3942,-61.67337074005718,15.676726611055358,,,
3943,-61.67336897753956,15.67672780351667,,,
3944,-61.673367211178785,15.676728994575585,,,
3945,-61.67336544097488,15.676730184232106,,,
3946,-61.67336366692783,15.676731372486234,,,
3947,-61.67336188903761,15.67673255933796,,,
3948,-61.67336010730427,15.676733744787297,,,
3949,-61.67335832172778,15.676734928834238,,,
3950,-61.673356532308134,15.676736111478778,,,
3951,-61.67335473904535,15.67673729272093,,,
3952,-61.67335294193943,15.676738472560684,,,
3953,-61.67335114099036,15.676739650998044,,,
3954,-61.67334933619814,15.676740828033008,,,
3955,-61.67334752756278,15.676742003665575,,,
3956,-61.67334571508429,15.676743177895752,,,
3957,-61.67334389876264,15.676744350723528,,,
3958,-61.67334207859784,15.67674552214891,,,
3959,-61.6733402545899,15.6767466921719,,,
3960,-61.67333842673883,15.676747860792494,,,
3961,-61.6733365950446,15.67674902801069,,,
3962,-61.673334759507235,15.676750193826495,,,
3963,-61.67333292012673,15.676751358239905,,,
3964,-61.67333107690307,15.676752521250911,,,
3965,-61.673329229836256,15.67675368285953,,,
3966,-61.67332737892631,15.676754843065751,,,
3967,-61.67332552417323,15.676756001869578,,,
3968,-61.673323665577,15.676757159271013,,,
3969,-61.67332180313761,15.67675831527005,,,
3970,-61.67331993685508,15.676759469866688,,,
3971,-61.673318066729415,15.676760623060934,,,
3972,-61.67331619276061,15.676761774852784,,,
3973,-61.673314314948655,15.676762925242242,,,
3974,-61.67331243329355,15.676764074229304,,,
3975,-61.67331054779531,15.676765221813968,,,
3976,-61.67330865845392,15.67676636799624,,,
3977,-61.67330676526938,15.676767512776115,,,
3978,-61.6733048682417,15.676768656153595,,,
3979,-61.67330296737088,15.67676979812868,,,
3980,-61.673301062656904,15.67677093870137,,,
3981,-61.673299154099794,15.676772077871664,,,
3982,-61.673297241699544,15.676773215639562,,,
3983,-61.67329532545614,15.676774352005065,,,
3984,-61.67329340536959,15.676775486968177,,,
3985,-61.673291481439904,15.67677662052889,,,
3986,-61.67328955366706,15.676777752687208,,,
3987,-61.67328762205109,15.676778883443134,,,
3988,-61.67328568659198,15.676780012796662,,,
3989,-61.6732837472897,15.676781140747792,,,
3990,-61.673281804144295,15.676782267296531,,,
3991,-61.673279857155734,15.676783392442875,,,
3992,-61.67327790632403,15.676784516186821,,,
3993,-61.67327595164919,15.676785638528376,,,
3994,-61.67327399313119,15.676786759467532,,,
3995,-61.67327203077007,15.676787879004298,,,
3996,-61.673270064565784,15.676788997138663,,,
3997,-61.67326809451836,15.676790113870634,,,
3998,-61.6732661206278,15.676791229200212,,,
3999,-61.673264142894084,15.676792343127392,,,
4000,-61.673262161317226,15.676793455652177,,,
4001,-61.673260175897234,15.676794566774571,,,
4002,-61.67325818663409,15.676795676494567,,,
4003,-61.6732561935278,15.676796784812165,,,
4004,-61.67325419657837,15.676797891727373,,,
4005,-61.67325219578579,15.676798997240185,,,
4006,-61.673250191150075,15.676800101350599,,,
4007,-61.6732481826712,15.67680120405862,,,
4008,-61.67324617034919,15.676802305364244,,,
4009,-61.67324415418405,15.676803405267478,,,
4010,-61.673242134175744,15.676804503768313,,,
4011,-61.6732401103243,15.67680560086675,,,
4012,-61.673238082629716,15.676806696562796,,,
4013,-61.673236051091976,15.676807790856444,,,
4014,-61.67323401571109,15.676808883747697,,,
4015,-61.673231976487074,15.676809975236557,,,
4016,-61.67322993341992,15.676811065323022,,,
4017,-61.67322788650961,15.676812154007091,,,
4018,-61.673225835756156,15.676813241288764,,,
4019,-61.67322378115955,15.676814327168042,,,
4020,-61.67322172271981,15.676815411644924,,,
4021,-61.673219660436914,15.67681649471941,,,
4022,-61.673217594310884,15.676817576391507,,,
4023,-61.67321552434172,15.676818656661206,,,
4024,-61.67321345052939,15.676819735528507,,,
4025,-61.67321137287393,15.676820812993416,,,
4026,-61.67320929137533,15.676821889055926,,,
4027,-61.67320720603357,15.676822963716043,,,
4028,-61.67320511684866,15.676824036973766,,,
4029,-61.673203023820626,15.676825108829092,,,
4030,-61.67320092694945,15.676826179282026,,,
4031,-61.67319882623511,15.676827248332561,,,
4032,-61.67319672167764,15.676828315980703,,,
4033,-61.67319461327701,15.676829382226448,,,
4034,-61.67319250103324,15.676830447069797,,,
4035,-61.67319038494633,15.676831510510752,,,
4036,-61.67318826501628,15.676832572549316,,,
4037,-61.67318614124309,15.676833633185481,,,
4038,-61.67318401362675,15.676834692419252,,,
4039,-61.67318188216726,15.676835750250627,,,
4040,-61.67317974686463,15.676836806679608,,,
4041,-61.673177607718856,15.67683786170619,,,
4042,-61.673175464729944,15.676838915330382,,,
4043,-61.67317331789788,15.676839967552175,,,
4044,-61.67317116722266,15.676841018371576,,,
4045,-61.67316901270432,15.67684206778858,,,
4046,-61.67316685434281,15.676843115803187,,,
4047,-61.67316469213817,15.676844162415403,,,
4048,-61.67316252609038,15.67684520762522,,,
4049,-61.67316035619945,15.676846251432643,,,
4050,-61.673158182465386,15.676847293837671,,,
4051,-61.67315600488817,15.676848334840308,,,
4052,-61.67315382346781,15.676849374440545,,,
4053,-61.6731516382043,15.676850412638387,,,
4054,-61.67314944909765,15.676851449433835,,,
4055,-61.67314725614784,15.676852484826888,,,
4056,-61.67314505935491,15.676853518817545,,,
4057,-61.67314285871881,15.676854551405805,,,
4058,-61.6731406542396,15.676855582591674,,,
4059,-61.673138445917225,15.676856612375147,,,
4060,-61.673136233751706,15.676857640756225,,,
4061,-61.67313401774304,15.676858667734905,,,
4062,-61.67313179789123,15.67685969331119,,,
4063,-61.67312957419628,15.67686071748508,,,
4064,-61.673127346658184,15.676861740256577,,,
4065,-61.67312511527695,15.676862761625681,,,
4066,-61.673122880052574,15.676863781592385,,,
4067,-61.67312064098503,15.676864800156697,,,
4068,-61.67311839807436,15.67686581731861,,,
4069,-61.67311615132054,15.676866833078133,,,
4070,-61.673113900723585,15.676867847435256,,,
4071,-61.67311164628347,15.676868860389988,,,
4072,-61.67310938800022,15.676869871942323,,,
4073,-61.673107125873834,15.676870882092263,,,
4074,-61.673104859904285,15.676871890839806,,,
4075,-61.67310259009161,15.676872898184957,,,
4076,-61.67310031643578,15.676873904127708,,,
4077,-61.67309803893681,15.676874908668069,,,
4078,-61.673095757594695,15.676875911806032,,,
4079,-61.673093472409434,15.676876913541602,,,
4080,-61.67309118338103,15.676877913874776,,,
4081,-61.673088890509476,15.676878912805552,,,
4082,-61.67308659379478,15.676879910333938,,,
4083,-61.67308429323694,15.676880906459923,,,
4084,-61.67308198883596,15.676881901183517,,,
4085,-61.673079680591826,15.676882894504715,,,
4086,-61.673077368504565,15.676883886423518,,,
4087,-61.67307505257415,15.676884876939926,,,
4088,-61.67307273280058,15.676885866053937,,,
4089,-61.67307040918388,15.676886853765556,,,
4090,-61.67306808172402,15.676887840074773,,,
4091,-61.67306575042103,15.676888824981601,,,
4092,-61.673063415274896,15.676889808486035,,,
4093,-61.67306107628561,15.676890790588072,,,
4094,-61.67305873345319,15.676891771287714,,,
4095,-61.67305638677762,15.676892750584958,,,
4096,-61.6730540362589,15.676893728479808,,,
4097,-61.67305168189704,15.676894704972263,,,
4098,-61.67304932369204,15.676895680062326,,,
4099,-61.67304696164388,15.67689665374999,,,
4100,-61.6730445957526,15.676897626035263,,,
4101,-61.673042226018154,15.676898596918138,,,
4102,-61.67303985244057,15.676899566398617,,,
4103,-61.67303747501985,15.676900534476703,,,
4104,-61.67303509375597,15.67690150115239,,,
4105,-61.673032708648954,15.676902466425684,,,
4106,-61.6730303196988,15.676903430296584,,,
4107,-61.673027926905505,15.676904392765092,,,
4108,-61.673025530269044,15.676905353831199,,,
4109,-61.673023129789456,15.676906313494914,,,
4110,-61.67302072546672,15.676907271756232,,,
4111,-61.67301831730084,15.676908228615153,,,
4112,-61.673015905291805,15.676909184071683,,,
4113,-61.67301348943964,15.676910138125816,,,
4114,-61.673011069744334,15.676911090777555,,,
4115,-61.67300864620587,15.676912042026895,,,
4116,-61.67300621882427,15.676912991873843,,,
4117,-61.67300378759952,15.676913940318396,,,
4118,-61.67300135253163,15.676914887360553,,,
4119,-61.67299891362059,15.676915833000315,,,
4120,-61.67299647086641,15.676916777237684,,,
4121,-61.67299402426909,15.676917720072655,,,
4122,-61.67299157382862,15.676918661505232,,,
4123,-61.672989119545,15.676919601535413,,,
4124,-61.67298666141824,15.676920540163202,,,
4125,-61.67298419944834,15.676921477388593,,,
4126,-61.67298173363529,15.676922413211587,,,
4127,-61.6729792639791,15.676923347632187,,,
4128,-61.672976790479765,15.676924280650395,,,
4129,-61.67297431313729,15.676925212266205,,,
4130,-61.67297183195166,15.67692614247962,,,
4131,-61.6729693469229,15.67692707129064,,,
4132,-61.67296685805098,15.676927998699266,,,
4133,-61.67296436533592,15.676928924705495,,,
4134,-61.67296186877771,15.676929849309328,,,
4135,-61.67295936837638,15.67693077251077,,,
4136,-61.67295686413188,15.676931694309815,,,
4137,-61.672954356044244,15.676932614706462,,,
4138,-61.67295184411347,15.676933533700717,,,
4139,-61.67294932833954,15.676934451292576,,,
4140,-61.67294680872247,15.67693536748204,,,
4141,-61.672944285262254,15.676936282269107,,,
4142,-61.67294175795891,15.676937195653782,,,
4143,-61.6729392268124,15.676938107636062,,,
4144,-61.672936691822756,15.676939018215943,,,
4145,-61.67293415298997,15.676939927393432,,,
4146,-61.67293161031404,15.676940835168523,,,
4147,-61.67292906379495,15.676941741541222,,,
4148,-61.67292651343273,15.676942646511524,,,
4149,-61.67292395922737,15.676943550079432,,,
4150,-61.672921401178854,15.676944452244946,,,
4151,-61.67291883928719,15.676945353008062,,,
4152,-61.6729162735524,15.676946252368783,,,
4153,-61.67291370397445,15.676947150327113,,,
4154,-61.67291113055336,15.67694804688304,,,
4155,-61.672908553289126,15.676948942036578,,,
4156,-61.67290597218175,15.67694983578772,,,
4157,-61.67290338723123,15.676950728136465,,,
4158,-61.67290079843755,15.676951619082818,,,
4159,-61.672898205800735,15.67695250862677,,,
4160,-61.67289560932079,15.67695339676833,,,
4161,-61.67289300899769,15.676954283507499,,,
4162,-61.67289040483145,15.676955168844268,,,
4163,-61.67288779682206,15.676956052778646,,,
4164,-61.67288518496952,15.676956935310624,,,
4165,-61.67288256927384,15.676957816440208,,,
4166,-61.67287994973502,15.676958696167397,,,
4167,-61.67287732635306,15.676959574492193,,,
4168,-61.672874699127945,15.67696045141459,,,
4169,-61.67287206805969,15.676961326934595,,,
4170,-61.67286943314829,15.676962201052206,,,
4171,-61.67286679439374,15.676963073767418,,,
4172,-61.67286415179606,15.676963945080237,,,
4173,-61.67286150535523,15.67696481499066,,,
4174,-61.67285885507124,15.676965683498686,,,
4175,-61.672856200944125,15.676966550604321,,,
4176,-61.67285354297386,15.676967416307559,,,
4177,-61.67285088116046,15.676968280608405,,,
4178,-61.672848215503905,15.676969143506852,,,
4179,-61.6728455460042,15.676970005002902,,,
4180,-61.672842872661356,15.67697086509656,,,
4181,-61.67284019547536,15.67697172378782,,,
4182,-61.67283751444623,15.67697258107669,,,
4183,-61.67283482957396,15.676973436963161,,,
4184,-61.672832140858546,15.676974291447241,,,
4185,-61.67282944829998,15.676975144528921,,,
4186,-61.67282675189826,15.676975996208206,,,
4187,-61.67282405165341,15.676976846485097,,,
4188,-61.6728213475654,15.676977695359593,,,
4189,-61.67281863963427,15.676978542831694,,,
4190,-61.67281592785997,15.676979388901398,,,
4191,-61.672813212242545,15.67698023356871,,,
4192,-61.67281049278198,15.676981076833627,,,
4193,-61.67280776947825,15.676981918696145,,,
4194,-61.67280504233139,15.676982759156271,,,
4195,-61.67280231134137,15.676983598213997,,,
4196,-61.67279957650822,15.676984435869334,,,
4197,-61.672796837831925,15.676985272122277,,,
4198,-61.67279409531248,15.67698610697282,,,
4199,-61.6727913489499,15.676986940420969,,,
4200,-61.67278859874416,15.676987772466724,,,
4201,-61.672785844695284,15.67698860311008,,,
4202,-61.672783086803264,15.676989432351045,,,
4203,-61.6727803250681,15.676990260189612,,,
4204,-61.672777559489795,15.676991086625787,,,
4205,-61.67277479006835,15.676991911659567,,,
4206,-61.672772016803755,15.67699273529095,,,
4207,-61.67276923969601,15.676993557519937,,,
4208,-61.67276645874512,15.676994378346532,,,
4209,-61.67276367395109,15.676995197770726,,,
4210,-61.67276088531391,15.676996015792529,,,
4211,-61.6727580928336,15.676996832411938,,,
4212,-61.67275529651014,15.676997647628951,,,
4213,-61.67275249634352,15.676998461443564,,,
4214,-61.67274969233378,15.67699927385579,,,
4215,-61.67274688448087,15.677000084865615,,,
4216,-61.67274407278484,15.677000894473046,,,
4217,-61.67274125724565,15.67700170267808,,,
4218,-61.672738437863316,15.677002509480722,,,
4219,-61.67273561463785,15.67700331488097,,,
4220,-61.67273278756923,15.67700411887882,,,
4221,-61.67272995665746,15.677004921474275,,,
4222,-61.67272712190256,15.677005722667337,,,
4223,-61.672724283304504,15.677006522458,,,
4224,-61.6727214408633,15.677007320846272,,,
4225,-61.67271859457896,15.677008117832145,,,
4226,-61.67271574445149,15.677008913415627,,,
4227,-61.67271289048085,15.677009707596714,,,
4228,-61.672710032667084,15.677010500375403,,,
4229,-61.67270717101016,15.677011291751693,,,
4230,-61.672704305510095,15.677012081725593,,,
4231,-61.67270143616689,15.6770128702971,,,
4232,-61.67269856298054,15.677013657466208,,,
4233,-61.672695685951055,15.677014443232922,,,
4234,-61.672692805078405,15.67701522759724,,,
4235,-61.67268992036262,15.677016010559164,,,
4236,-61.6726870318037,15.677016792118694,,,
4237,-61.672684139401625,15.677017572275826,,,
4238,-61.672681243156404,15.677018351030561,,,
4239,-61.67267834306804,15.677019128382906,,,
4240,-61.67267543913654,15.677019904332855,,,
4241,-61.67267253136188,15.677020678880407,,,
4242,-61.67266961974409,15.677021452025564,,,
4243,-61.67266670428315,15.677022223768326,,,
4244,-61.672663784979065,15.677022994108693,,,
4245,-61.67266086183184,15.677023763046662,,,
4246,-61.67265793484147,15.67702453058224,,,
4247,-61.67265500400795,15.677025296715422,,,
4248,-61.672652069331285,15.67702606144621,,,
4249,-61.672649130811486,15.6770268247746,,,
4250,-61.67264618844854,15.677027586700596,,,
4251,-61.67264324224244,15.677028347224194,,,
4252,-61.6726402921932,15.677029106345403,,,
4253,-61.67263733830082,15.677029864064213,,,
4254,-61.67263438056529,15.67703062038063,,,
4255,-61.67263141898662,15.67703137529465,,,
4256,-61.67262845356481,15.677032128806275,,,
4257,-61.67262548429984,15.677032880915503,,,
4258,-61.67262251119173,15.677033631622336,,,
4259,-61.67261953424049,15.677034380926777,,,
4260,-61.6726165534461,15.677035128828821,,,
4261,-61.67261356880856,15.677035875328475,,,
4262,-61.67261058032788,15.677036620425724,,,
4263,-61.672607588004055,15.677037364120585,,,
4264,-61.67260459183708,15.677038106413047,,,
4265,-61.67260159182696,15.677038847303116,,,
4266,-61.6725985879737,15.67703958679079,,,
4267,-61.67259558027729,15.677040324876067,,,
4268,-61.672592568737755,15.677041061558953,,,
4269,-61.67258955335506,15.67704179683944,,,
4270,-61.672586534129216,15.677042530717532,,,
4271,-61.67258351106023,15.677043263193227,,,
4272,-61.6725804841481,15.67704399426653,,,
4273,-61.67257745339283,15.677044723937438,,,
4274,-61.67257441879442,15.67704545220595,,,
4275,-61.67257138035288,15.677046179072068,,,
4276,-61.67256833806816,15.67704690453579,,,
4277,-61.672565291940316,15.677047628597117,,,
4278,-61.672562241969324,15.677048351256047,,,
4279,-61.67255918815518,15.677049072512585,,,
4280,-61.672556130497895,15.677049792366724,,,
4281,-61.67255306899747,15.677050510818471,,,
4282,-61.67255000365391,15.677051227867823,,,
4283,-61.6725469344672,15.67705194351478,,,
4284,-61.67254386143733,15.677052657759337,,,
4285,-61.67254078456433,15.677053370601506,,,
4286,-61.67253770384818,15.677054082041272,,,
4287,-61.67253461928888,15.677054792078648,,,
4288,-61.67253153088646,15.677055500713628,,,
4289,-61.672528438640875,15.677056207946215,,,
4290,-61.67252534255215,15.6770569137764,,,
4291,-61.672522242620275,15.677057618204199,,,
4292,-61.67251913884527,15.677058321229598,,,
4293,-61.672516031227104,15.677059022852598,,,
4294,-61.67251291976579,15.677059723073206,,,
4295,-61.672509804461356,15.67706042189142,,,
4296,-61.67250668531376,15.677061119307243,,,
4297,-61.67250356232303,15.677061815320663,,,
4298,-61.672500435489155,15.677062509931694,,,
4299,-61.67249730481213,15.677063203140326,,,
4300,-61.67249417029195,15.677063894946562,,,
4301,-61.672491031928644,15.677064585350404,,,
4302,-61.67248788972219,15.677065274351854,,,
4303,-61.672484743672584,15.677065961950905,,,
4304,-61.672481593779835,15.677066648147566,,,
4305,-61.672478440043946,15.677067332941824,,,
4306,-61.672475282464916,15.677068016333694,,,
4307,-61.67247212104273,15.677068698323165,,,
4308,-61.672468955777404,15.67706937891024,,,
4309,-61.67246578666894,15.677070058094923,,,
4310,-61.672462613717336,15.67707073587721,,,
4311,-61.672459436922566,15.6770714122571,,,
4312,-61.67245625628467,15.677072087234595,,,
4313,-61.67245307180363,15.677072760809697,,,
4314,-61.67244988347942,15.6770734329824,,,
4315,-61.6724466913121,15.67707410375271,,,
4316,-61.67244349530161,15.677074773120626,,,
4317,-61.672440295448,15.67707544108615,,,
4318,-61.67243709175123,15.677076107649274,,,
4319,-61.67243388421133,15.677076772810004,,,
4320,-61.672430672828256,15.677077436568336,,,
4321,-61.672427457602055,15.677078098924277,,,
4322,-61.67242423853271,15.67707875987782,,,
4323,-61.67242101562022,15.677079419428967,,,
4324,-61.67241778886459,15.677080077577724,,,
4325,-61.672414558265814,15.677080734324083,,,
4326,-61.67241132382389,15.677081389668047,,,
4327,-61.67240808553883,15.677082043609616,,,
4328,-61.67240484341061,15.677082696148787,,,
4329,-61.672401597439254,15.677083347285567,,,
4330,-61.67239834762475,15.677083997019949,,,
4331,-61.67239509396711,15.677084645351936,,,
4332,-61.672391836466325,15.677085292281532,,,
4333,-61.67238857512238,15.677085937808727,,,
4334,-61.67238530993531,15.67708658193353,,,
4335,-61.67238204090509,15.677087224655935,,,
4336,-61.67237876803171,15.677087865975947,,,
4337,-61.67237549131521,15.677088505893565,,,
4338,-61.67237221075556,15.67708914440879,,,
4339,-61.67236892635276,15.677089781521616,,,
4340,-61.672365638106825,15.677090417232048,,,
4341,-61.67236234601772,15.677091051540083,,,
4342,-61.67235905008549,15.677091684445722,,,
4343,-61.67235575031012,15.67709231594897,,,
4344,-61.67235244669159,15.677092946049818,,,
4345,-61.67234913922994,15.677093574748275,,,
4346,-61.67234582792511,15.677094202044337,,,
4347,-61.67234251277716,15.677094827938,,,
4348,-61.67233919378606,15.67709545242927,,,
4349,-61.67233587095183,15.677096075518147,,,
4350,-61.672332544274425,15.677096697204625,,,
4351,-61.6723292137539,15.677097317488709,,,
4352,-61.67232587939023,15.677097936370401,,,
4353,-61.672322541183405,15.677098553849696,,,
4354,-61.67231919913344,15.677099169926592,,,
4355,-61.67231585324033,15.677099784601097,,,
4356,-61.672312503504074,15.677100397873208,,,
4357,-61.67230914992467,15.67710100974292,,,
4358,-61.67230579250213,15.677101620210237,,,
4359,-61.672302431236446,15.677102229275164,,,
4360,-61.67229906612762,15.677102836937689,,,
4361,-61.67229569717564,15.677103443197822,,,
4362,-61.67229232438052,15.677104048055561,,,
4363,-61.67228894774226,15.677104651510904,,,
4364,-61.67228556726084,15.677105253563852,,,
4365,-61.67228218293629,15.677105854214403,,,
4366,-61.6722787947686,15.677106453462564,,,
4367,-61.67227540275775,15.677107051308322,,,
4368,-61.67227200690377,15.677107647751692,,,
4369,-61.67226860720663,15.677108242792661,,,
4370,-61.672265203666356,15.677108836431238,,,
4371,-61.67226179628294,15.67710942866742,,,
4372,-61.672258385056374,15.677110019501203,,,
4373,-61.672254969986675,15.677110608932598,,,
4374,-61.67225155107382,15.677111196961594,,,
4375,-61.67224812831782,15.677111783588192,,,
4376,-61.672244701718675,15.6771123688124,,,
4377,-61.67224127127638,15.677112952634207,,,
4378,-61.67223783699095,15.677113535053623,,,
4379,-61.672234398862386,15.677114116070644,,,
4380,-61.67223095689066,15.677114695685269,,,
4381,-61.672227511075796,15.677115273897499,,,
4382,-61.6722240614178,15.677115850707334,,,
4383,-61.67222060791664,15.677116426114774,,,
4384,-61.67221715057234,15.677117000119818,,,
4385,-61.672213689384904,15.677117572722466,,,
4386,-61.67221022435432,15.677118143922721,,,
4387,-61.67220675548059,15.677118713720581,,,
4388,-61.67220328276372,15.677119282116042,,,
4389,-61.67219980620369,15.677119849109111,,,
4390,-61.672196325800535,15.677120414699786,,,
4391,-61.67219284155422,15.677120978888063,,,
4392,-61.67218935346477,15.677121541673946,,,
4393,-61.67218586153218,15.677122103057433,,,
4394,-61.67218236575644,15.677122663038528,,,
4395,-61.67217886613754,15.677123221617222,,,
4396,-61.672175362675524,15.67712377879353,,,
4397,-61.67217185537035,15.67712433456743,,,
4398,-61.67216834422203,15.677124888938945,,,
4399,-61.67216482923057,15.67712544190806,,,
4400,-61.67216131039596,15.677125993474782,,,
4401,-61.67215778771821,15.677126543639112,,,
4402,-61.67215426119731,15.67712709240104,,,
4403,-61.67215073083327,15.677127639760577,,,
4404,-61.67214719662609,15.67712818571772,,,
4405,-61.67214365857576,15.677128730272464,,,
4406,-61.672140116682286,15.677129273424814,,,
4407,-61.672136570945675,15.67712981517477,,,
4408,-61.67213302136592,15.677130355522332,,,
4409,-61.67212946794301,15.677130894467497,,,
4410,-61.672125910676954,15.677131432010267,,,
4411,-61.672122349567765,15.677131968150642,,,
4412,-61.67211878461542,15.677132502888622,,,
4413,-61.67211521581993,15.677133036224205,,,
4414,-61.6721116431813,15.677133568157394,,,
4415,-61.67210806669954,15.67713409868819,,,
4416,-61.672104486374614,15.677134627816589,,,
4417,-61.672100902206566,15.677135155542592,,,
4418,-61.672097314195355,15.6771356818662,,,
4419,-61.672093722341,15.677136206787413,,,
4420,-61.67209012664351,15.677136730306234,,,
4421,-61.67208652710287,15.677137252422655,,,
4422,-61.67208292371909,15.677137773136685,,,
4423,-61.672079316492166,15.67713829244832,,,
4424,-61.67207570542209,15.677138810357555,,,
4425,-61.67207209050888,15.677139326864397,,,
4426,-61.67206847175251,15.677139841968845,,,
4427,-61.67206484915301,15.677140355670897,,,
4428,-61.672061222710354,15.677140867970554,,,
4429,-61.67205759242457,15.67714137886782,,,
4430,-61.67205395829562,15.677141888362684,,,
4431,-61.67205032032355,15.677142396455155,,,
4432,-61.67204667850832,15.677142903145231,,,
4433,-61.67204303284994,15.677143408432912,,,
4434,-61.672039383348434,15.6771439123182,,,
4435,-61.67203573000376,15.677144414801088,,,
4436,-61.672032072815966,15.677144915881588,,,
4437,-61.67202841178502,15.677145415559687,,,
4438,-61.67202474691092,15.677145913835393,,,
4439,-61.67202107819369,15.677146410708705,,,
4440,-61.6720174056333,15.677146906179617,,,
4441,-61.672013729229775,15.677147400248138,,,
4442,-61.67201004898311,15.677147892914263,,,
4443,-61.6720063648933,15.677148384177993,,,
4444,-61.67200267696033,15.677148874039327,,,
4445,-61.67199898518423,15.677149362498266,,,
4446,-61.671995289564975,15.677149849554809,,,
4447,-61.671991590102586,15.677150335208959,,,
4448,-61.671987886797055,15.677150819460714,,,
4449,-61.67198417964836,15.67715130231007,,,
4450,-61.67198046865655,15.677151783757036,,,
4451,-61.671976753821575,15.677152263801606,,,
4452,-61.671973035143466,15.677152742443779,,,
4453,-61.67196931262221,15.677153219683557,,,
4454,-61.671965586257805,15.67715369552094,,,
4455,-61.671961856050245,15.677154169955926,,,
4456,-61.671958121999566,15.67715464298852,,,
4457,-61.67195438410573,15.677155114618717,,,
4458,-61.67195064236875,15.677155584846519,,,
4459,-61.671946896788626,15.677156053671926,,,
4460,-61.671943147365354,15.677156521094938,,,
4461,-61.67193939409893,15.677156987115554,,,
4462,-61.671935636989375,15.677157451733777,,,
4463,-61.671931876036666,15.677157914949602,,,
4464,-61.67192811124083,15.677158376763035,,,
4465,-61.67192434260184,15.677158837174069,,,
4466,-61.671920570119696,15.67715929618271,,,
4467,-61.67191679379442,15.677159753788956,,,
4468,-61.671913013625996,15.677160209992806,,,
4469,-61.67190922961443,15.677160664794261,,,
4470,-61.671905441759705,15.677161118193322,,,
4471,-61.67190165006187,15.677161570189991,,,
4472,-61.671897854520864,15.677162020784259,,,
4473,-61.67189405513672,15.677162469976134,,,
4474,-61.67189025190942,15.677162917765614,,,
4475,-61.67188644483899,15.677163364152698,,,
4476,-61.67188263392541,15.677163809137387,,,
4477,-61.671878819168676,15.67716425271968,,,
4478,-61.67187500056882,15.67716469489958,,,
4479,-61.671871178125805,15.677165135677086,,,
4480,-61.671867351839644,15.677165575052193,,,
4481,-61.67186352171035,15.677166013024907,,,
4482,-61.67185968773789,15.677166449595223,,,
4483,-61.67185584992231,15.677166884763146,,,
4484,-61.67185200826357,15.677167318528674,,,
4485,-61.67184816276169,15.67716775089181,,,
4486,-61.67184431341667,15.677168181852547,,,
4487,-61.671840460228495,15.67716861141089,,,
4488,-61.67183660319719,15.677169039566838,,,
4489,-61.671832742322735,15.67716946632039,,,
4490,-61.67182887760512,15.677169891671547,,,
4491,-61.67182500904438,15.677170315620307,,,
4492,-61.6718211366405,15.677170738166675,,,
4493,-61.67181726039346,15.677171159310646,,,
4494,-61.671813380303284,15.67717157905222,,,
4495,-61.67180949636997,15.677171997391405,,,
4496,-61.6718056085935,15.67717241432819,,,
4497,-61.67180171697388,15.677172829862581,,,
4498,-61.671797821511134,15.677173243994577,,,
4499,-61.67179392220524,15.677173656724179,,,
4500,-61.67179001905619,15.677174068051382,,,
4501,-61.671786112064,15.677174477976193,,,
4502,-61.671782201228666,15.677174886498607,,,
4503,-61.67177828655019,15.677175293618628,,,
4504,-61.67177436802856,15.677175699336253,,,
4505,-61.671770445663796,15.677176103651483,,,
4506,-61.671766519455886,15.677176506564319,,,
4507,-61.671762589404835,15.677176908074756,,,
4508,-61.67175865551063,15.6771773081828,,,
4509,-61.67175471777328,15.67717770688845,,,
4510,-61.671750776192795,15.677178104191704,,,
4511,-61.671746830769166,15.677178500092563,,,
4512,-61.67174288150238,15.677178894591023,,,
4513,-61.67173892839247,15.677179287687096,,,
4514,-61.671734971439406,15.67717967938077,,,
4515,-61.671731010643185,15.677180069672044,,,
4516,-61.67172704600384,15.67718045856093,,,
4517,-61.67172307752134,15.677180846047417,,,
4518,-61.67171910519569,15.67718123213151,,,
4519,-61.67171512902691,15.677181616813204,,,
4520,-61.67171114901498,15.677182000092508,,,
4521,-61.6717071651599,15.677182381969416,,,
4522,-61.67170317746168,15.677182762443927,,,
4523,-61.67169918592032,15.677183141516046,,,
4524,-61.6716951905358,15.677183519185764,,,
4525,-61.67169119130814,15.67718389545309,,,
4526,-61.67168718823736,15.677184270318023,,,
4527,-61.67168318132342,15.67718464378056,,,
4528,-61.67167917056632,15.677185015840703,,,
4529,-61.671675155966085,15.677185386498447,,,
4530,-61.67167113752271,15.677185755753797,,,
4531,-61.6716671152362,15.677186123606752,,,
4532,-61.671663089106524,15.67718649005731,,,
4533,-61.671659059133724,15.677186855105479,,,
4534,-61.67165502531777,15.677187218751248,,,
4535,-61.671650987658666,15.677187580994623,,,
4536,-61.67164694615643,15.677187941835603,,,
4537,-61.67164290081104,15.677188301274185,,,
4538,-61.671638851622504,15.677188659310374,,,
4539,-61.67163479859083,15.67718901594417,,,
4540,-61.67163074171601,15.677189371175569,,,
4541,-61.67162668099806,15.677189725004574,,,
4542,-61.67162261643695,15.677190077431183,,,
4543,-61.67161854803268,15.677190428455393,,,
4544,-61.67161447578529,15.677190778077215,,,
4545,-61.67161039969475,15.677191126296638,,,
4546,-61.67160631976106,15.677191473113664,,,
4547,-61.67160223598424,15.677191818528298,,,
4548,-61.67159814836427,15.677192162540537,,,
4549,-61.67159405690114,15.677192505150378,,,
4550,-61.671589961594876,15.677192846357826,,,
4551,-61.67158586244547,15.677193186162878,,,
4552,-61.67158175945292,15.677193524565535,,,
4553,-61.67157765261722,15.677193861565796,,,
4554,-61.67157354193837,15.677194197163661,,,
4555,-61.6715694274164,15.677194531359135,,,
4556,-61.67156530905126,15.677194864152211,,,
4557,-61.67156118684299,15.677195195542893,,,
4558,-61.67155706079157,15.677195525531179,,,
4559,-61.671552930897,15.677195854117066,,,
4560,-61.67154879715929,15.677196181300562,,,
4561,-61.67154465957845,15.677196507081664,,,
4562,-61.67154051815446,15.677196831460373,,,
4563,-61.67153637288732,15.677197154436682,,,
4564,-61.671532223777035,15.677197476010598,,,
4565,-61.67152807082359,15.677197796182114,,,
4566,-61.67152391402703,15.67719811495124,,,
4567,-61.67151975338731,15.677198432317969,,,
4568,-61.67151558890444,15.677198748282303,,,
4569,-61.67151142057844,15.677199062844245,,,
4570,-61.67150724840929,15.677199376003788,,,
4571,-61.67150307239699,15.677199687760938,,,
4572,-61.67149889254156,15.677199998115693,,,
4573,-61.67149470884296,15.677200307068048,,,
4574,-61.67149052130124,15.677200614618013,,,
4575,-61.67148632991637,15.677200920765582,,,
4576,-61.67148213468835,15.677201225510753,,,
4577,-61.67147793561718,15.677201528853532,,,
4578,-61.67147373270288,15.677201830793916,,,
4579,-61.67146952594543,15.677202131331903,,,
4580,-61.67146531534483,15.677202430467496,,,
4581,-61.6714611009011,15.67720272820069,,,
4582,-61.67145688261421,15.677203024531494,,,
4583,-61.67145266048419,15.677203319459903,,,
4584,-61.67144843451101,15.677203612985913,,,
4585,-61.671444204694694,15.67720390510953,,,
4586,-61.67143997103524,15.677204195830754,,,
4587,-61.67143573353263,15.677204485149577,,,
4588,-61.671431492186876,15.67720477306601,,,
4589,-61.67142724699798,15.677205059580045,,,
4590,-61.67142299796595,15.677205344691686,,,
4591,-61.67141874509076,15.677205628400932,,,
4592,-61.671414488372434,15.677205910707784,,,
4593,-61.671410227810966,15.677206191612239,,,
4594,-61.67140596340635,15.677206471114298,,,
4595,-61.67140169515858,15.677206749213962,,,
4596,-61.671397423067674,15.677207025911233,,,
4597,-61.67139314713364,15.67720730120611,,,
4598,-61.67138886735644,15.677207575098588,,,
4599,-61.6713845837361,15.677207847588672,,,
4600,-61.67138029627263,15.677208118676361,,,
4601,-61.67137600496599,15.677208388361656,,,
4602,-61.67137170981622,15.677208656644554,,,
4603,-61.6713674108233,15.677208923525058,,,
4604,-61.67136310798725,15.677209189003168,,,
4605,-61.671358801308045,15.67720945307888,,,
4606,-61.671354490785696,15.677209715752198,,,
4607,-61.671350176420205,15.677209977023123,,,
4608,-61.671345858211566,15.67721023689165,,,
4609,-61.67134153615978,15.677210495357782,,,
4610,-61.67133721026485,15.67721075242152,,,
4611,-61.67133288052679,15.677211008082864,,,
4612,-61.671328546945574,15.67721126234181,,,
4613,-61.67132420952122,15.677211515198362,,,
4614,-61.67131986825371,15.677211766652519,,,
4615,-61.67131552314306,15.677212016704281,,,
4616,-61.67131117418927,15.67721226535365,,,
4617,-61.67130682139232,15.677212512600617,,,
4618,-61.67130246475226,15.677212758445197,,,
4619,-61.671298104269034,15.67721300288738,,,
4620,-61.671293739942655,15.677213245927163,,,
4621,-61.67128937177314,15.677213487564554,,,
4622,-61.67128499976049,15.677213727799549,,,
4623,-61.67128062390468,15.677213966632149,,,
4624,-61.67127624420573,15.677214204062356,,,
4625,-61.671271860663644,15.677214440090168,,,
4626,-61.671267473278405,15.67721467471558,,,
4627,-61.67126308205003,15.677214907938602,,,
4628,-61.67125868697849,15.677215139759225,,,
4629,-61.67125428806383,15.677215370177453,,,
4630,-61.67124988530601,15.677215599193289,,,
4631,-61.67124547870506,15.677215826806727,,,
4632,-61.671241068260954,15.677216053017773,,,
4633,-61.67123665397372,15.677216277826425,,,
4634,-61.67123223584332,15.677216501232675,,,
4635,-61.67122781386978,15.677216723236533,,,
4636,-61.67122338805309,15.677216943837998,,,
4637,-61.671218958393275,15.677217163037064,,,
4638,-61.67121452489031,15.677217380833739,,,
4639,-61.67121008754421,15.677217597228019,,,
4640,-61.67120564635494,15.6772178122199,,,
4641,-61.671201201322546,15.677218025809388,,,
4642,-61.671196752446996,15.677218237996481,,,
4643,-61.671192299728304,15.677218448781177,,,
4644,-61.67118784316646,15.67721865816348,,,
4645,-61.671183382761484,15.677218866143384,,,
4646,-61.67117891851336,15.677219072720899,,,
4647,-61.6711744504221,15.677219277896015,,,
4648,-61.67116997848768,15.677219481668736,,,
4649,-61.671165502710124,15.677219684039063,,,
4650,-61.67116102308941,15.677219885006991,,,
4651,-61.67115653962558,15.677220084572529,,,
4652,-61.67115205231859,15.677220282735671,,,
4653,-61.67114756116846,15.677220479496418,,,
4654,-61.671143066175176,15.677220674854766,,,
4655,-61.67113856733876,15.677220868810723,,,
4656,-61.671134064659185,15.677221061364282,,,
4657,-61.671129558136464,15.677221252515448,,,
4658,-61.671125047770616,15.677221442264218,,,
4659,-61.67112053356161,15.67722163061059,,,
4660,-61.67111601550947,15.677221817554571,,,
4661,-61.67111149361419,15.677222003096157,,,
4662,-61.671106967875744,15.677222187235344,,,
4663,-61.67110243829417,15.677222369972139,,,
4664,-61.67109790486944,15.677222551306537,,,
4665,-61.67109336760158,15.67722273123854,,,
4666,-61.67108882649056,15.67722290976815,,,
4667,-61.67108428153641,15.677223086895363,,,
4668,-61.671079732739116,15.677223262620181,,,
4669,-61.67107518009867,15.677223436942606,,,
4670,-61.67107062361508,15.677223609862631,,,
4671,-61.67106606328834,15.677223781380265,,,
4672,-61.671061499118466,15.677223951495503,,,
4673,-61.67105693110544,15.677224120208345,,,
4674,-61.67105235924929,15.677224287518793,,,
4675,-61.67104778354997,15.677224453426847,,,
4676,-61.67104320400752,15.677224617932502,,,
4677,-61.671038620621914,15.677224781035763,,,
4678,-61.67103403339316,15.677224942736629,,,
4679,-61.671029442321284,15.6772251030351,,,
4680,-61.671024847406244,15.677225261931177,,,
4681,-61.67102024864808,15.67722541942486,,,
4682,-61.67101564604675,15.677225575516143,,,
4683,-61.67101103960229,15.677225730205036,,,
4684,-61.67100642931467,15.67722588349153,,,
4685,-61.67100181518392,15.677226035375632,,,
4686,-61.67099719721001,15.677226185857336,,,
4687,-61.67099257539297,15.677226334936647,,,
4688,-61.67098794973279,15.677226482613563,,,
4689,-61.67098332022945,15.677226628888082,,,
4690,-61.67097868688298,15.677226773760207,,,
4691,-61.67097404969337,15.677226917229937,,,
4692,-61.670969408660596,15.67722705929727,,,
4693,-61.67096476378468,15.677227199962209,,,
4694,-61.670960115065625,15.677227339224752,,,
4695,-61.67095546250344,15.677227477084903,,,
4696,-61.67095080609809,15.677227613542659,,,
4697,-61.67094614584961,15.677227748598018,,,
4698,-61.67094148175798,15.67722788225098,,,
4699,-61.6709368138232,15.677228014501546,,,
4700,-61.67093214204527,15.67722814534972,,,
4701,-61.67092746642421,15.677228274795498,,,
4702,-61.670922786960006,15.677228402838882,,,
4703,-61.670918103652646,15.67722852947987,,,
4704,-61.67091341650215,15.67722865471846,,,
4705,-61.67090872550852,15.67722877855466,,,
4706,-61.67090403067172,15.677228900988458,,,
4707,-61.67089933199179,15.677229022019867,,,
4708,-61.67089462946871,15.677229141648876,,,
4709,-61.6708899231025,15.677229259875496,,,
4710,-61.67088521289314,15.677229376699717,,,
4711,-61.670880498840624,15.677229492121542,,,
4712,-61.67087578094497,15.677229606140974,,,
4713,-61.67087105920618,15.677229718758008,,,
4714,-61.67086633362423,15.67722982997265,,,
4715,-61.670861604199146,15.677229939784898,,,
4716,-61.670856870930926,15.677230048194748,,,
4717,-61.670852133819544,15.677230155202201,,,
4718,-61.67084739286503,15.677230260807264,,,
4719,-61.670842648067364,15.677230365009926,,,
4720,-61.67083789942655,15.677230467810197,,,
4721,-61.6708331469426,15.67723056920807,,,
4722,-61.6708283906155,15.67723066920355,,,
4723,-61.67082363044527,15.677230767796637,,,
4724,-61.67081886643187,15.677230864987324,,,
4725,-61.67081409857535,15.67723096077562,,,
4726,-61.67080932687568,15.677231055161517,,,
4727,-61.67080455133286,15.67723114814502,,,
4728,-61.670799771946896,15.67723123972613,,,
4729,-61.67079498871779,15.677231329904844,,,
4730,-61.670790201645545,15.677231418681163,,,
4731,-61.67078541073013,15.677231506055083,,,
4732,-61.6707806159716,15.677231592026613,,,
4733,-61.670775817369915,15.677231676595746,,,
4734,-61.67077101492508,15.677231759762481,,,
4735,-61.670766208637104,15.677231841526826,,,
4736,-61.67076139850599,15.677231921888772,,,
4737,-61.67075658453174,15.677232000848324,,,
4738,-61.67075176671433,15.677232078405481,,,
4739,-61.67074694505378,15.677232154560244,,,
4740,-61.670742119550084,15.677232229312608,,,
4741,-61.670737290203235,15.67723230266258,,,
4742,-61.67073245701326,15.677232374610156,,,
4743,-61.67072761998013,15.677232445155338,,,
4744,-61.67072277910386,15.677232514298126,,,
4745,-61.67071793438444,15.677232582038513,,,
4746,-61.67071308582187,15.677232648376512,,,
4747,-61.67070823341617,15.677232713312112,,,
4748,-61.670703377167314,15.677232776845315,,,
4749,-61.67069851707532,15.677232838976124,,,
4750,-61.670693653140184,15.67723289970454,,,
4751,-61.67068878536191,15.677232959030562,,,
4752,-61.670683913740476,15.677233016954187,,,
4753,-61.67067903827589,15.677233073475414,,,
4754,-61.67067415896819,15.67723312859425,,,
4755,-61.67066927581732,15.677233182310687,,,
4756,-61.67066438882331,15.677233234624731,,,
4757,-61.670659497986165,15.677233285536381,,,
4758,-61.67065460330588,15.677233335045635,,,
4759,-61.67064970478244,15.677233383152494,,,
4760,-61.67064480241585,15.677233429856956,,,
4761,-61.670639896206126,15.677233475159024,,,
4762,-61.67063498615325,15.677233519058698,,,
4763,-61.67063007225723,15.677233561555974,,,
4764,-61.67062515451808,15.677233602650858,,,
4765,-61.67062023293578,15.67723364234335,,,
4766,-61.670615307510324,15.677233680633439,,,
4767,-61.67061037824173,15.677233717521137,,,
4768,-61.67060544512999,15.677233753006439,,,
4769,-61.6706005081751,15.677233787089342,,,
4770,-61.67059556737708,15.677233819769857,,,
4771,-61.670590622735915,15.677233851047973,,,
4772,-61.6705856742516,15.677233880923694,,,
4773,-61.67058072192413,15.677233909397021,,,
4774,-61.67057576575354,15.677233936467953,,,
4775,-61.670570805739786,15.677233962136487,,,
4776,-61.67056584188289,15.677233986402626,,,
4777,-61.670560874182854,15.677234009266373,,,
4778,-61.67055590263968,15.677234030727725,,,
4779,-61.67055092725336,15.677234050786682,,,
4780,-61.67054594802387,15.67723406944324,,,
4781,-61.67054096495126,15.677234086697403,,,
4782,-61.6705359780355,15.677234102549175,,,
4783,-61.67053098727659,15.677234116998548,,,
4784,-61.67052599267455,15.677234130045528,,,
4785,-61.67052099422935,15.67723414169011,,,
4786,-61.67051599194102,15.677234151932302,,,
4787,-61.67051098580954,15.677234160772096,,,
4788,-61.670505975834914,15.677234168209495,,,
4789,-61.670500962017144,15.677234174244498,,,
4790,-61.67049594435623,15.677234178877107,,,
4791,-61.67049092285218,15.67723418210732,,,
4792,-61.67048589750496,15.677234183935138,,,
4793,-61.67048086831463,15.677234184360561,,,
4794,-61.670475835281124,15.67723418338359,,,
4795,-61.670470798404494,15.677234181004222,,,
4796,-61.67046575768472,15.67723417722246,,,
4797,-61.670460713121784,15.6772341720383,,,
4798,-61.67045566471572,15.677234165451749,,,
4799,-61.670450612466496,15.677234157462799,,,
4800,-61.67044555637415,15.67723414807146,,,
4801,-61.670440496438644,15.677234137277718,,,
4802,-61.67043543266,15.677234125081586,,,
4803,-61.6704303650382,15.677234111483058,,,
4804,-61.67042529357327,15.677234096482131,,,
4805,-61.67042021826519,15.677234080078813,,,
4806,-61.67041513911396,15.677234062273099,,,
4807,-61.67041005611961,15.677234043064992,,,
4808,-61.67040496928208,15.677234022454485,,,
4809,-61.67039987860143,15.677234000441588,,,
4810,-61.67039478407763,15.677233977026294,,,
4811,-61.670389685710674,15.677233952208601,,,
4812,-61.67038458350059,15.677233925988517,,,
4813,-61.67037947744735,15.677233898366037,,,
4814,-61.67037436755098,15.677233869341162,,,
4815,-61.67036925381146,15.677233838913892,,,
4816,-61.670364136228784,15.677233807084225,,,
4817,-61.67035901480297,15.677233773852162,,,
4818,-61.67035388953401,15.677233739217709,,,
4819,-61.67034876042191,15.677233703180857,,,
4820,-61.670343627466664,15.677233665741612,,,
4821,-61.670338490668286,15.677233626899971,,,
4822,-61.67033335002675,15.677233586655934,,,
4823,-61.67032820554206,15.6772335450095,,,
4824,-61.67032305721424,15.677233501960675,,,
4825,-61.67031790504327,15.67723345750945,,,
4826,-61.670312749029165,15.677233411655834,,,
4827,-61.670307589171905,15.677233364399822,,,
4828,-61.670302425471505,15.677233315741415,,,
4829,-61.67029725792796,15.677233265680613,,,
4830,-61.67029208654127,15.677233214217413,,,
4831,-61.670286911311436,15.677233161351822,,,
4832,-61.670281732238465,15.67723310708383,,,
4833,-61.670276549322324,15.677233051413447,,,
4834,-61.67027136256307,15.67723299434067,,,
4835,-61.67026617196066,15.677232935865497,,,
4836,-61.6702609775151,15.677232875987926,,,
4837,-61.67025577922641,15.677232814707963,,,
4838,-61.67025057709455,15.677232752025603,,,
4839,-61.67024537111956,15.677232687940847,,,
4840,-61.670240161301436,15.6772326224537,,,
4841,-61.670234947640154,15.677232555564153,,,
4842,-61.670229730135745,15.677232487272216,,,
4843,-61.670224508788166,15.67723241757788,,,
4844,-61.67021928359746,15.677232346481148,,,
4845,-61.6702140545636,15.677232273982025,,,
4846,-61.6702088216866,15.677232200080503,,,
4847,-61.67020358496646,15.677232124776587,,,
4848,-61.670198344403175,15.677232048070277,,,
4849,-61.670193099996744,15.677231969961571,,,
4850,-61.67018785174716,15.677231890450468,,,
4851,-61.670182599654446,15.677231809536973,,,
4852,-61.67017734371857,15.677231727221079,,,
4853,-61.67017208393956,15.677231643502793,,,
4854,-61.67016682031741,15.677231558382111,,,
4855,-61.67016155285211,15.677231471859034,,,
4856,-61.67015628154367,15.677231383933563,,,
4857,-61.67015100639209,15.677231294605697,,,
4858,-61.670145727397355,15.677231203875433,,,
4859,-61.67014044455948,15.677231111742776,,,
4860,-61.67013515787845,15.67723101820772,,,
4861,-61.670129867354284,15.677230923270274,,,
4862,-61.67012457298698,15.67723082693043,,,
4863,-61.670119274776525,15.677230729188192,,,
4864,-61.67011397272293,15.67723063004356,,,
4865,-61.67010866682619,15.67723052949653,,,
4866,-61.67010335708629,15.677230427547105,,,
4867,-61.670098043503266,15.677230324195289,,,
4868,-61.67009272607709,15.677230219441071,,,
4869,-61.67008740480776,15.677230113284464,,,
4870,-61.67008207969531,15.67723000572546,,,
4871,-61.670076750739696,15.677229896764059,,,
4872,-61.67007141794094,15.677229786400265,,,
4873,-61.67006608129905,15.677229674634075,,,
4874,-61.670060740814,15.67722956146549,,,
4875,-61.670055396485814,15.67722944689451,,,
4876,-61.67005004831448,15.677229330921133,,,
4877,-61.67004469630001,15.677229213545363,,,
4878,-61.6700393404424,15.677229094767199,,,
4879,-61.67003398074162,15.677228974586637,,,
4880,-61.67002861719773,15.677228853003683,,,
4881,-61.67002324981067,15.67722873001833,,,
4882,-61.67001787858046,15.677228605630582,,,
4883,-61.670012503507124,15.67722847984044,,,
4884,-61.67000712459065,15.677228352647907,,,
4885,-61.670001741831,15.677228224052971,,,
4886,-61.66999635522824,15.677228094055646,,,
4887,-61.66999096478232,15.677227962655923,,,
4888,-61.66998557049325,15.677227829853805,,,
4889,-61.66998017236105,15.677227695649293,,,
4890,-61.66997477038569,15.677227560042384,,,
4891,-61.669969364567194,15.677227423033083,,,
4892,-61.66996395490557,15.677227284621388,,,
4893,-61.669958541400774,15.677227144807294,,,
4894,-61.669953124052846,15.677227003590804,,,
4895,-61.66994770286177,15.677226860971919,,,
4896,-61.669942277827545,15.677226716950642,,,
4897,-61.66993684895018,15.677226571526965,,,
4898,-61.66993141622969,15.6772264247009,,,
4899,-61.66992597966603,15.677226276472435,,,
4900,-61.66992053925924,15.677226126841575,,,
4901,-61.669915095009294,15.67722597580832,,,
4902,-61.6699096469162,15.67722582337267,,,
4903,-61.669904194979985,15.677225669534625,,,
4904,-61.669898739200605,15.677225514294184,,,
4905,-61.66989327957809,15.67722535765135,,,
4906,-61.669887816112436,15.677225199606122,,,
4907,-61.669882348803625,15.677225040158495,,,
4908,-61.66987687765167,15.677224879308476,,,
4909,-61.66987140265657,15.677224717056058,,,
4910,-61.669865923818335,15.677224553401246,,,
4911,-61.66986044113695,15.67722438834404,,,
4912,-61.669854954612426,15.67722422188444,,,
4913,-61.669849464244756,15.677224054022446,,,
4914,-61.66984397003394,15.677223884758053,,,
4915,-61.669838471979965,15.677223714091262,,,
4916,-61.66983297008286,15.677223542022082,,,
4917,-61.66982746434261,15.677223368550504,,,
4918,-61.669821954759215,15.677223193676532,,,
4919,-61.66981644133268,15.677223017400166,,,
4920,-61.669810924063,15.677222839721406,,,
4921,-61.66980540295016,15.677222660640243,,,
4922,-61.66979987799421,15.677222480156694,,,
4923,-61.66979434919509,15.677222298270745,,,
4924,-61.66978881655281,15.6772221149824,,,
4925,-61.66978328006741,15.677221930291664,,,
4926,-61.669777739738876,15.677221744198532,,,
4927,-61.66977219556716,15.677221556703001,,,
4928,-61.669766647552336,15.677221367805078,,,
4929,-61.669761095694355,15.677221177504759,,,
4930,-61.66975553999322,15.677220985802041,,,
4931,-61.66974998044895,15.677220792696934,,,
4932,-61.66974441706153,15.677220598189429,,,
4933,-61.66973884983097,15.67722040227953,,,
4934,-61.66973327875726,15.677220204967234,,,
4935,-61.66972770384042,15.677220006252545,,,
4936,-61.669722125080426,15.67721980613546,,,
4937,-61.669716542477275,15.677219604615978,,,
4938,-61.669710956031,15.677219401694103,,,
4939,-61.66970536574158,15.677219197369833,,,
4940,-61.66969977160901,15.677218991643167,,,
4941,-61.66969417363329,15.677218784514107,,,
4942,-61.66968857181443,15.67721857598265,,,
4943,-61.66968296615243,15.677218366048798,,,
4944,-61.66967735664728,15.677218154712552,,,
4945,-61.669671743298984,15.677217941973911,,,
4946,-61.66966612610755,15.677217727832872,,,
4947,-61.669660505072976,15.677217512289443,,,
4948,-61.66965488019525,15.677217295343617,,,
4949,-61.66964925147437,15.677217076995392,,,
4950,-61.66964361891036,15.677216857244774,,,
4951,-61.66963798250319,15.67721663609176,,,
4952,-61.66963234225289,15.677216413536353,,,
4953,-61.66962669815945,15.677216189578552,,,
4954,-61.66962105022286,15.677215964218355,,,
4955,-61.66961539844311,15.677215737455759,,,
4956,-61.66960974282024,15.677215509290772,,,
4957,-61.66960408335421,15.677215279723388,,,
4958,-61.669598420045034,15.67721504875361,,,
4959,-61.669592752892726,15.677214816381435,,,
4960,-61.66958708189727,15.677214582606869,,,
4961,-61.66958140705867,15.677214347429905,,,
4962,-61.66957572837692,15.677214110850544,,,
4963,-61.669570045852026,15.677213872868787,,,
4964,-61.66956435948399,15.67721363348464,,,
4965,-61.6695586692728,15.677213392698093,,,
4966,-61.66955297521848,15.677213150509154,,,
4967,-61.669547277321016,15.67721290691782,,,
4968,-61.6695415755804,15.677212661924088,,,
4969,-61.66953586999665,15.677212415527963,,,
4970,-61.66953016056975,15.677212167729444,,,
4971,-61.66952444729969,15.677211918528528,,,
4972,-61.6695187301865,15.677211667925215,,,
4973,-61.669513009230165,15.677211415919507,,,
4974,-61.669507284430686,15.677211162511409,,,
4975,-61.66950155578807,15.677210907700912,,,
4976,-61.6694958233023,15.67721065148802,,,
4977,-61.669490086973376,15.67721039387273,,,
4978,-61.669484346801326,15.677210134855052,,,
4979,-61.66947860278612,15.677209874434972,,,
4980,-61.669472854927776,15.6772096126125,,,
4981,-61.66946710322628,15.677209349387633,,,
4982,-61.66946134768165,15.67720908476037,,,
4983,-61.669455588293886,15.677208818730715,,,
4984,-61.66944982506295,15.677208551298659,,,
4985,-61.66944405798888,15.677208282464212,,,
4986,-61.669438287071664,15.67720801222737,,,
4987,-61.6694325123113,15.67720774058813,,,
4988,-61.66942673370781,15.677207467546495,,,
4989,-61.669420951261166,15.677207193102468,,,
4990,-61.66941516497138,15.677206917256044,,,
4991,-61.66940937483844,15.677206640007224,,,
4992,-61.669403580862365,15.677206361356012,,,
4993,-61.66939778304314,15.677206081302401,,,
4994,-61.66939198138077,15.677205799846398,,,
4995,-61.66938617587525,15.677205516987996,,,
4996,-61.66938036652661,15.677205232727204,,,
4997,-61.66937455333481,15.677204947064014,,,
4998,-61.66936873629986,15.677204659998427,,,
4999,-61.669362915421765,15.677204371530447,,,
5000,-61.66935709070054,15.677204081660072,,,
5001,-61.66935126213616,15.6772037903873,,,
5002,-61.66934542972864,15.677203497712135,,,
5003,-61.66933959347797,15.677203203634575,,,
5004,-61.66933375338416,15.677202908154618,,,
5005,-61.669327909447205,15.677202611272266,,,
5006,-61.669322061667096,15.677202312987518,,,
5007,-61.66931621004385,15.677202013300377,,,
5008,-61.66931035457747,15.677201712210842,,,
5009,-61.66930449526793,15.677201409718908,,,
5010,-61.66929863211526,15.677201105824581,,,
5011,-61.66929276511944,15.67720080052786,,,
5012,-61.66928689428046,15.67720049382874,,,
5013,-61.66928101959837,15.67720018572723,,,
5014,-61.6692751410731,15.67719987622332,,,
5015,-61.6692692587047,15.677199565317018,,,
5016,-61.66926337249316,15.67719925300832,,,
5017,-61.66925748243848,15.677198939297229,,,
5018,-61.66925158854063,15.677198624183738,,,
5019,-61.66924569079966,15.677198307667854,,,
5020,-61.66923978921554,15.677197989749576,,,
5021,-61.66923388378827,15.6771976704289,,,
5022,-61.66922797451786,15.677197349705832,,,
5023,-61.66922206140431,15.677197027580368,,,
5024,-61.66921614444762,15.67719670405251,,,
5025,-61.66921022364777,15.677196379122254,,,
5026,-61.66920429900479,15.677196052789604,,,
5027,-61.66919837051865,15.67719572505456,,,
5028,-61.66919243818937,15.677195395917119,,,
5029,-61.66918650201695,15.677195065377283,,,
5030,-61.66918056200139,15.677194733435051,,,
5031,-61.66917461814269,15.677194400090432,,,
5032,-61.669168670440826,15.677194065343407,,,
5033,-61.669162718895834,15.677193729193993,,,
5034,-61.669156763507694,15.67719339164218,,,
5035,-61.6691508042764,15.677193052687974,,,
5036,-61.66914484120197,15.677192712331372,,,
5037,-61.66913887428439,15.677192370572378,,,
5038,-61.669132903523675,15.677192027410987,,,
5039,-61.66912692891981,15.677191682847198,,,
5040,-61.6691209504728,15.677191336881016,,,
5041,-61.66911496818264,15.67719098951244,,,
5042,-61.66910898204934,15.677190640741465,,,
5043,-61.6691029920729,15.677190290568097,,,
5044,-61.66909699825332,15.677189938992337,,,
5045,-61.66909100059059,15.67718958601418,,,
5046,-61.66908499908472,15.677189231633626,,,
5047,-61.669078993735695,15.677188875850678,,,
5048,-61.66907298454353,15.677188518665334,,,
5049,-61.669066971508215,15.677188160077595,,,
5050,-61.66906095462976,15.67718780008746,,,
5051,-61.66905493390817,15.677187438694933,,,
5052,-61.66904890934343,15.67718707590001,,,
5053,-61.669042880935535,15.677186711702689,,,
5054,-61.66903684868451,15.677186346102976,,,
5055,-61.669030812590336,15.677185979100866,,,
5056,-61.66902477265302,15.67718561069636,,,
5057,-61.66901872887255,15.67718524088946,,,
5058,-61.669012681248944,15.677184869680167,,,
5059,-61.6690066297822,15.677184497068476,,,
5060,-61.66900057447231,15.677184123054392,,,
5061,-61.66899451531927,15.677183747637912,,,
5062,-61.66898845232308,15.677183370819034,,,
5063,-61.668982385483744,15.677182992597764,,,
5064,-61.66897631480127,15.677182612974097,,,
5065,-61.668970240275655,15.677182231948036,,,
5066,-61.668964161906885,15.677181849519581,,,
5067,-61.66895807969498,15.67718146568873,,,
5068,-61.66895199363992,15.677181080455483,,,
5069,-61.668945903741744,15.677180693819842,,,
5070,-61.66893981000039,15.677180305781803,,,
5071,-61.66893371241591,15.677179916341373,,,
5072,-61.66892761098828,15.677179525498543,,,
5073,-61.66892150571751,15.677179133253322,,,
5074,-61.668915396603595,15.677178739605704,,,
5075,-61.66890928364653,15.677178344555692,,,
5076,-61.66890316684632,15.677177948103283,,,
5077,-61.66889704620297,15.67717755024848,,,
5078,-61.668890921716475,15.677177150991284,,,
5079,-61.66888479338684,15.67717675033169,,,
5080,-61.66887866121405,15.677176348269702,,,
5081,-61.668872525198125,15.677175944805317,,,
5082,-61.668866385339044,15.677175539938538,,,
5083,-61.668860241636835,15.677175133669365,,,
5084,-61.66885409409147,15.677174725997794,,,
5085,-61.66884794270297,15.67717431692383,,,
5086,-61.66884178747131,15.67717390644747,,,
5087,-61.66883562839652,15.677173494568718,,,
5088,-61.66882946547858,15.67717308128757,,,
5089,-61.6688232987175,15.677172666604022,,,
5090,-61.66881712811326,15.67717225051808,,,
5091,-61.668810953665904,15.677171833029746,,,
5092,-61.66880477537538,15.677171414139014,,,
5093,-61.668798593241725,15.677170993845891,,,
5094,-61.668792407264924,15.67717057215037,,,
5095,-61.66878621744497,15.677170149052454,,,
5096,-61.66878002378187,15.677169724552144,,,
5097,-61.668773826275626,15.677169298649435,,,
5098,-61.668767624926254,15.677168871344335,,,
5099,-61.66876141973373,15.677168442636837,,,
5100,-61.66875521069805,15.677168012526947,,,
5101,-61.668748997819236,15.67716758101466,,,
5102,-61.66874278109728,15.67716714809998,,,
5103,-61.66873656053217,15.677166713782901,,,
5104,-61.66873033612393,15.677166278063428,,,
5105,-61.668724107872535,15.677165840941562,,,
5106,-61.668717875777986,15.677165402417296,,,
5107,-61.66871163984031,15.67716496249064,,,
5108,-61.668705400059494,15.677164521161588,,,
5109,-61.668699156435515,15.677164078430138,,,
5110,-61.668692908968396,15.677163634296296,,,
5111,-61.668686657658135,15.677163188760055,,,
5112,-61.668680402504734,15.677162741821421,,,
5113,-61.668674143508184,15.677162293480393,,,
5114,-61.66866788066849,15.677161843736968,,,
5115,-61.668661613985655,15.677161392591152,,,
5116,-61.66865534345968,15.677160940042938,,,
5117,-61.66864906909055,15.677160486092328,,,
5118,-61.66864279087828,15.677160030739323,,,
5119,-61.668636508822864,15.677159573983921,,,
5120,-61.6686302229243,15.677159115826125,,,
5121,-61.668623933182594,15.677158656265938,,,
5122,-61.668617639597755,15.677158195303353,,,
5123,-61.66861134216976,15.677157732938372,,,
5124,-61.668605040898626,15.677157269170998,,,
5125,-61.668598735784336,15.677156804001223,,,
5126,-61.66859242682692,15.677156337429059,,,
5127,-61.668586114026354,15.677155869454499,,,
5128,-61.66857979738263,15.677155400077538,,,
5129,-61.66857347689577,15.67715492929819,,,
5130,-61.66856715256577,15.677154457116444,,,
5131,-61.66856082439262,15.6771539835323,,,
5132,-61.66855449237633,15.677153508545766,,,
5133,-61.66854815651689,15.67715303215683,,,
5134,-61.668541816814304,15.677152554365506,,,
5135,-61.66853547326859,15.677152075171783,,,
5136,-61.668529125879715,15.677151594575665,,,
5137,-61.66852277464771,15.677151112577155,,,
5138,-61.668516419572555,15.677150629176246,,,
5139,-61.66851006065424,15.677150144372941,,,
5140,-61.6685036978928,15.677149658167242,,,
5141,-61.66849733128821,15.67714917055915,,,
5142,-61.66849096084047,15.677148681548662,,,
5143,-61.6684845865496,15.67714819113578,,,
5144,-61.66847820841558,15.6771476993205,,,
5145,-61.668471826438406,15.677147206102823,,,
5146,-61.66846544061808,15.677146711482754,,,
5147,-61.668459050954624,15.67714621546029,,,
5148,-61.66845265744803,15.67714571803543,,,
5149,-61.66844626009828,15.677145219208178,,,
5150,-61.668439858905394,15.677144718978527,,,
5151,-61.66843345386936,15.677144217346484,,,
5152,-61.66842704499018,15.677143714312042,,,
5153,-61.66842063226785,15.677143209875204,,,
5154,-61.66841421570239,15.677142704035976,,,
5155,-61.66840779529377,15.67714219679435,,,
5156,-61.668401371042016,15.677141688150328,,,
5157,-61.66839494294713,15.677141178103914,,,
5158,-61.66838851100907,15.677140666655102,,,
5159,-61.66838207522788,15.677140153803895,,,
5160,-61.668375635603546,15.677139639550294,,,
5161,-61.66836919213607,15.677139123894296,,,
5162,-61.668362744825444,15.677138606835907,,,
5163,-61.66835629367167,15.677138088375118,,,
5164,-61.668349838674764,15.677137568511936,,,
5165,-61.66834337983471,15.677137047246358,,,
5166,-61.66833691715152,15.677136524578389,,,
5167,-61.66833045062517,15.677136000508021,,,
5168,-61.66832398025568,15.677135475035257,,,
5169,-61.66831750604304,15.677134948160099,,,
5170,-61.668311027987265,15.677134419882545,,,
5171,-61.66830454608834,15.6771338902026,,,
5172,-61.668298060346274,15.677133359120253,,,
5173,-61.66829157076106,15.677132826635516,,,
5174,-61.66828507733271,15.677132292748382,,,
5175,-61.668278580061205,15.677131757458852,,,
5176,-61.66827207894656,15.677131220766928,,,
5177,-61.66826557398877,15.677130682672608,,,
5178,-61.66825906518785,15.677130143175896,,,
5179,-61.66825255254377,15.677129602276786,,,
5180,-61.668246036056544,15.677129059975279,,,
5181,-61.668239515726185,15.677128516271381,,,
5182,-61.66823299155267,15.677127971165085,,,
5183,-61.668226463536,15.677127424656394,,,
5184,-61.66821993167622,15.677126876745309,,,
5185,-61.66821339597327,15.677126327431829,,,
5186,-61.66820685642718,15.677125776715954,,,
5187,-61.66820031303795,15.677125224597683,,,
5188,-61.66819376580557,15.677124671077017,,,
5189,-61.668187214730054,15.677124116153955,,,
5190,-61.668180659811384,15.6771235598285,,,
5191,-61.66817410104957,15.677123002100647,,,
5192,-61.66816753844462,15.6771224429704,,,
5193,-61.66816097199653,15.67712188243776,,,
5194,-61.66815440170528,15.677121320502721,,,
5195,-61.66814782757089,15.677120757165289,,,
5196,-61.66814124959336,15.677120192425464,,,
5197,-61.66813466777268,15.67711962628324,,,
5198,-61.668128082108865,15.677119058738622,,,
5199,-61.6681214926019,15.677118489791612,,,
5200,-61.66811489925179,15.677117919442201,,,
5201,-61.66810830205854,15.6771173476904,,,
5202,-61.66810170102214,15.6771167745362,,,
5203,-61.66809509614259,15.677116199979608,,,
5204,-61.66808848741991,15.677115624020619,,,
5205,-61.668081874854074,15.677115046659235,,,
5206,-61.6680752584451,15.677114467895457,,,
5207,-61.668068638192985,15.677113887729284,,,
5208,-61.668062014097714,15.677113306160711,,,
5209,-61.66805538615931,15.677112723189751,,,
5210,-61.66804875437775,15.677112138816387,,,
5211,-61.66804211875306,15.677111553040636,,,
5212,-61.668035479285216,15.677110965862484,,,
5213,-61.668028835974226,15.67711037728194,,,
5214,-61.6680221888201,15.677109787298999,,,
5215,-61.668015537822825,15.677109195913662,,,
5216,-61.668008882982406,15.677108603125934,,,
5217,-61.668002224298846,15.677108008935807,,,
5218,-61.66799556177213,15.677107413343286,,,
5219,-61.667988895402274,15.677106816348369,,,
5220,-61.66798222518928,15.67710621795106,,,
5221,-61.66797555113314,15.677105618151353,,,
5222,-61.66796887323386,15.677105016949252,,,
5223,-61.667962191491426,15.677104414344754,,,
5224,-61.66795550590585,15.67710381033786,,,
5225,-61.66794881647712,15.677103204928574,,,
5226,-61.667942123205265,15.677102598116893,,,
5227,-61.66793542609027,15.677101989902816,,,
5228,-61.66792872513211,15.677101380286345,,,
5229,-61.66792202033081,15.677100769267476,,,
5230,-61.66791531168637,15.677100156846214,,,
5231,-61.66790859919878,15.677099543022553,,,
5232,-61.66790188286805,15.6770989277965,,,
5233,-61.66789516269418,15.677098311168052,,,
5234,-61.66788843867717,15.67709769313721,,,
5235,-61.667881710817014,15.677097073703973,,,
5236,-61.6678749791137,15.677096452868337,,,
5237,-61.66786824356724,15.677095830630309,,,
5238,-61.66786150417764,15.677095206989883,,,
5239,-61.6678547609449,15.677094581947063,,,
5240,-61.66784801386902,15.67709395550185,,,
5241,-61.66784126294999,15.67709332765424,,,
5242,-61.66783450818782,15.677092698404238,,,
5243,-61.66782774958251,15.677092067751836,,,
5244,-61.66782098713404,15.67709143569704,,,
5245,-61.66781422084243,15.67709080223985,,,
5246,-61.66780745070768,15.677090167380264,,,
5247,-61.66780067672978,15.677089531118284,,,
5248,-61.66779389890875,15.67708889345391,,,
5249,-61.667787117244565,15.677088254387138,,,
5250,-61.667780331737234,15.677087613917971,,,
5251,-61.66777354238676,15.67708697204641,,,
5252,-61.667766749193135,15.677086328772454,,,
5253,-61.66775995215637,15.677085684096099,,,
5254,-61.66775315127647,15.677085038017355,,,
5255,-61.66774634655343,15.677084390536212,,,
5256,-61.667739537987245,15.677083741652678,,,
5257,-61.66773272557789,15.677083091366745,,,
5258,-61.66772590932541,15.677082439678417,,,
5259,-61.66771908922978,15.677081786587696,,,
5260,-61.667712265291,15.677081132094575,,,
5261,-61.66770543750909,15.677080476199064,,,
5262,-61.66769860588404,15.67707981890116,,,
5263,-61.66769177041583,15.677079160200853,,,
5264,-61.667684931104475,15.677078500098155,,,
5265,-61.66767808794999,15.677077838593064,,,
5266,-61.667671240952345,15.677077175685572,,,
5267,-61.66766439011156,15.677076511375688,,,
5268,-61.66765753542763,15.677075845663408,,,
5269,-61.667650676900564,15.677075178548737,,,
5270,-61.66764381453035,15.677074510031668,,,
5271,-61.66763694831699,15.6770738401122,,,
5272,-61.66763007826049,15.677073168790344,,,
5273,-61.66762320436084,15.677072496066089,,,
5274,-61.66761632661804,15.677071821939435,,,
5275,-61.667609445032106,15.677071146410391,,,
5276,-61.667602559603026,15.677070469478952,,,
5277,-61.6675956703308,15.677069791145119,,,
5278,-61.66758877721543,15.677069111408887,,,
5279,-61.66758188025692,15.67706843027026,,,
5280,-61.66757497945525,15.67706774772924,,,
5281,-61.66756807481045,15.677067063785822,,,
5282,-61.6675611663225,15.677066378440013,,,
5283,-61.667554253991405,15.677065691691805,,,
5284,-61.66754733781716,15.677065003541202,,,
5285,-61.667540417799785,15.677064313988208,,,
5286,-61.66753349393927,15.677063623032817,,,
5287,-61.667526566235594,15.677062930675028,,,
5288,-61.66751963468877,15.677062236914846,,,
5289,-61.66751269929881,15.677061541752266,,,
5290,-61.66750576006572,15.677060845187297,,,
5291,-61.667498816989465,15.67706014721993,,,
5292,-61.66749187007008,15.677059447850166,,,
5293,-61.66748491930753,15.677058747078007,,,
5294,-61.66747796470186,15.677058044903454,,,
5295,-61.66747100625304,15.677057341326506,,,
5296,-61.667464043961054,15.67705663634716,,,
5297,-61.66745707782595,15.677055929965425,,,
5298,-61.667450107847685,15.67705522218129,,,
5299,-61.667443134026286,15.677054512994761,,,
5300,-61.66743615636174,15.677053802405837,,,
5301,-61.66742917485405,15.677053090414518,,,
5302,-61.6674221895032,15.677052377020802,,,
5303,-61.66741520030923,15.677051662224692,,,
5304,-61.66740820727211,15.677050946026188,,,
5305,-61.66740121039184,15.677050228425289,,,
5306,-61.66739420966843,15.677049509421993,,,
5307,-61.66738720510186,15.677048789016304,,,
5308,-61.66738019669216,15.677048067208215,,,
5309,-61.66737318443931,15.677047343997737,,,
5310,-61.66736616834332,15.67704661938486,,,
5311,-61.667359148404195,15.677045893369591,,,
5312,-61.667352124621914,15.677045165951924,,,
5313,-61.667345096996485,15.677044437131862,,,
5314,-61.667338065527915,15.677043706909405,,,
5315,-61.667331030216204,15.677042975284554,,,
5316,-61.667323991061345,15.677042242257308,,,
5317,-61.667316948063345,15.677041507827665,,,
5318,-61.6673099012222,15.677040771995628,,,
5319,-61.66730285053791,15.677040034761198,,,
5320,-61.66729579601048,15.67703929612437,,,
5321,-61.66728873763989,15.677038556085146,,,
5322,-61.667281675426175,15.67703781464353,,,
5323,-61.6672746093693,15.677037071799514,,,
5324,-61.66726753946929,15.677036327553107,,,
5325,-61.667260465726145,15.677035581904306,,,
5326,-61.66725338813984,15.677034834853107,,,
5327,-61.66724630671038,15.677034086399512,,,
5328,-61.6672392214378,15.677033336543523,,,
5329,-61.667232132322056,15.677032585285138,,,
5330,-61.66722503936319,15.67703183262436,,,
5331,-61.66721794256116,15.677031078561185,,,
5332,-61.667210841915995,15.677030323095615,,,
5333,-61.667203737427684,15.677029566227652,,,
5334,-61.667196629096225,15.677028807957292,,,
5335,-61.667189516921624,15.677028048284539,,,
5336,-61.66718240090388,15.677027287209388,,,
5337,-61.66717528104299,15.677026524731843,,,
5338,-61.667168157338956,15.677025760851905,,,
5339,-61.667161029791785,15.677024995569568,,,
5340,-61.66715389840145,15.677024228884836,,,
5341,-61.66714676316799,15.677023460797711,,,
5342,-61.667139624091384,15.67702269130819,,,
5343,-61.66713248117162,15.677021920416273,,,
5344,-61.66712533440872,15.677021148121963,,,
5345,-61.667118183802685,15.677020374425258,,,
5346,-61.66711102935349,15.677019599326155,,,
5347,-61.66710387106116,15.677018822824657,,,
5348,-61.66709670892568,15.677018044920764,,,
5349,-61.66708954294706,15.67701726561448,,,
5350,-61.6670823731253,15.677016484905796,,,
5351,-61.66707519946037,15.67701570279472,,,
5352,-61.66706802195232,15.677014919281245,,,
5353,-61.667060840601124,15.677014134365377,,,
5354,-61.66705365540679,15.677013348047115,,,
5355,-61.6670464663693,15.677012560326459,,,
5356,-61.66703927348867,15.677011771203404,,,
5357,-61.667032076764876,15.677010980677954,,,
5358,-61.667024876197964,15.677010188750113,,,
5359,-61.6670176717879,15.677009395419873,,,
5360,-61.667010463534695,15.67700860068724,,,
5361,-61.667003251438345,15.677007804552211,,,
5362,-61.66699603549884,15.677007007014783,,,
5363,-61.6669888157162,15.677006208074967,,,
5364,-61.66698159209041,15.677005407732754,,,
5365,-61.66697436462147,15.677004605988142,,,
5366,-61.6669671333094,15.677003802841138,,,
5367,-61.66695989815418,15.677002998291737,,,
5368,-61.66695265915581,15.677002192339941,,,
5369,-61.666945416314306,15.677001384985752,,,
5370,-61.66693816962966,15.677000576229169,,,
5371,-61.66693091910186,15.676999766070185,,,
5372,-61.66692366473091,15.676998954508809,,,
5373,-61.66691640651682,15.676998141545038,,,
5374,-61.666909144459595,15.67699732717887,,,
5375,-61.666901878559216,15.676996511410312,,,
5376,-61.666894608815696,15.676995694239354,,,
5377,-61.666887335229035,15.676994875666004,,,
5378,-61.66688005779922,15.676994055690257,,,
5379,-61.666872776526276,15.676993234312114,,,
5380,-61.666865491410164,15.676992411531577,,,
5381,-61.666858202450925,15.676991587348645,,,
5382,-61.666850909648545,15.676990761763317,,,
5383,-61.66684361300301,15.676989934775595,,,
5384,-61.66683631251434,15.676989106385477,,,
5385,-61.66682900818252,15.676988276592965,,,
5386,-61.66682170000756,15.676987445398055,,,
5387,-61.66681438798944,15.67698661280075,,,
5388,-61.666807072128194,15.676985778801054,,,
5389,-61.666799752423806,15.676984943398963,,,
5390,-61.666792428876256,15.676984106594471,,,
5391,-61.66678510148557,15.676983268387588,,,
5392,-61.66677777025174,15.67698242877831,,,
5393,-61.666770435174755,15.676981587766633,,,
5394,-61.66676309625465,15.676980745352564,,,
5395,-61.666755753491394,15.676979901536104,,,
5396,-61.66674840688498,15.676979056317244,,,
5397,-61.66674105643543,15.676978209695987,,,
5398,-61.66673370214272,15.676977361672336,,,
5399,-61.66672634400689,15.676976512246291,,,
5400,-61.6667189820279,15.676975661417853,,,
5401,-61.66671161620577,15.676974809187012,,,
5402,-61.6667042465405,15.676973955553784,,,
5403,-61.66669687303208,15.676973100518158,,,
5404,-61.666689495680515,15.676972244080137,,,
5405,-61.666682114485816,15.676971386239721,,,
5406,-61.66667472944796,15.676970526996907,,,
5407,-61.66666734056696,15.676969666351702,,,
5408,-61.666659947842824,15.676968804304101,,,
5409,-61.66665255127555,15.676967940854105,,,
5410,-61.66664515086511,15.676967076001713,,,
5411,-61.66663774661154,15.676966209746926,,,
5412,-61.66663033851482,15.676965342089744,,,
5413,-61.66662292657496,15.676964473030164,,,
5414,-61.66661551079196,15.676963602568193,,,
5415,-61.6666080911658,15.676962730703824,,,
5416,-61.666600667696514,15.676961857437064,,,
5417,-61.666593240384074,15.676960982767906,,,
5418,-61.66658580922848,15.676960106696352,,,
5419,-61.66657837422976,15.676959229222403,,,
5420,-61.66657093538788,15.676958350346059,,,
5421,-61.66656349270286,15.676957470067318,,,
5422,-61.666556046174705,15.676956588386187,,,
5423,-61.6665485958034,15.676955705302655,,,
5424,-61.66654114158895,15.676954820816734,,,
5425,-61.666533683531355,15.676953934928413,,,
5426,-61.66652622163061,15.6769530476377,,,
5427,-61.66651875588673,15.676952158944589,,,
5428,-61.666511286299695,15.676951268849082,,,
5429,-61.66650381286952,15.676950377351183,,,
5430,-61.66649633559622,15.67694948445089,,,
5431,-61.66648885447975,15.676948590148198,,,
5432,-61.66648136952014,15.676947694443113,,,
5433,-61.666473880717405,15.676946797335631,,,
5434,-61.666466388071505,15.676945898825757,,,
5435,-61.666458891582465,15.676944998913484,,,
5436,-61.66645139125028,15.67694409759882,,,
5437,-61.66644388707496,15.676943194881758,,,
5438,-61.66643637905649,15.676942290762302,,,
5439,-61.66642886719488,15.67694138524045,,,
5440,-61.6664213514901,15.676940478316203,,,
5441,-61.66641383194221,15.676939569989559,,,
5442,-61.66640630855116,15.676938660260523,,,
5443,-61.66639878131696,15.67693774912909,,,
5444,-61.66639125023963,15.676936836595264,,,
5445,-61.66638371531914,15.676935922659041,,,
5446,-61.66637617655552,15.676935007320424,,,
5447,-61.66636863394875,15.676934090579408,,,
5448,-61.66636108749883,15.676933172436,,,
5449,-61.666353537205765,15.676932252890198,,,
5450,-61.66634598306956,15.676931331941997,,,
5451,-61.66633842509022,15.676930409591407,,,
5452,-61.66633086326773,15.676929485838418,,,
5453,-61.66632329760209,15.676928560683033,,,
5454,-61.66631572809331,15.676927634125255,,,
5455,-61.66630815474139,15.67692670616508,,,
5456,-61.66630057754631,15.67692577680251,,,
5457,-61.66629299650809,15.676924846037545,,,
5458,-61.666285411626745,15.676923913870187,,,
5459,-61.66627782290223,15.67692298030043,,,
5460,-61.66627023033459,15.676922045328281,,,
5461,-61.66626263392381,15.676921108953737,,,
5462,-61.666255033669856,15.676920171176794,,,
5463,-61.66624742957278,15.67691923199746,,,
5464,-61.666239821632544,15.67691829141573,,,
5465,-61.666232209849184,15.676917349431605,,,
5466,-61.66622459422267,15.67691640604508,,,
5467,-61.66621697475301,15.676915461256165,,,
5468,-61.6662093514402,15.676914515064855,,,
5469,-61.66620172428426,15.676913567471146,,,
5470,-61.66619409328516,15.676912618475045,,,
5471,-61.66618645844292,15.67691166807655,,,
5472,-61.66617881975756,15.676910716275659,,,
5473,-61.66617117722903,15.67690976307237,,,
5474,-61.66616353085736,15.676908808466688,,,
5475,-61.66615588064255,15.676907852458609,,,
5476,-61.66614822658458,15.676906895048138,,,
5477,-61.66614056868348,15.676905936235269,,,
5478,-61.666132906939225,15.676904976020005,,,
5479,-61.66612524135185,15.676904014402348,,,
5480,-61.66611757192131,15.676903051382295,,,
5481,-61.66610989864763,15.676902086959846,,,
5482,-61.66610222153081,15.676901121135002,,,
5483,-61.666094540570846,15.676900153907765,,,
5484,-61.66608685576773,15.67689918527813,,,
5485,-61.66607916712147,15.6768982152461,,,
5486,-61.666071474632076,15.676897243811677,,,
5487,-61.66606377829952,15.676896270974858,,,
5488,-61.66605607812383,15.676895296735642,,,
5489,-61.666048374104996,15.676894321094032,,,
5490,-61.66604066624302,15.676893344050029,,,
5491,-61.66603295453789,15.676892365603628,,,
5492,-61.666025238989626,15.676891385754832,,,
5493,-61.66601751959821,15.676890404503641,,,
5494,-61.66600979636366,15.676889421850056,,,
5495,-61.66600206928596,15.676888437794075,,,
5496,-61.66599433836511,15.676887452335698,,,
5497,-61.66598660360111,15.676886465474926,,,
5498,-61.66597886499398,15.676885477211762,,,
5499,-61.66597112254371,15.6768844875462,,,
5500,-61.66596337625029,15.676883496478245,,,
5501,-61.665955626113714,15.676882504007892,,,
5502,-61.66594787213401,15.676881510135146,,,
5503,-61.66594011431115,15.676880514860002,,,
5504,-61.66593235264516,15.676879518182467,,,
5505,-61.665924587136004,15.676878520102532,,,
5506,-61.66591681778371,15.676877520620206,,,
5507,-61.66590904458829,15.676876519735483,,,
5508,-61.665901267549714,15.676875517448366,,,
5509,-61.66589348666798,15.676874513758852,,,
5510,-61.66588570194312,15.676873508666944,,,
5511,-61.6658779133751,15.676872502172639,,,
5512,-61.665870120963945,15.676871494275941,,,
5513,-61.66586232470965,15.676870484976849,,,
5514,-61.66585452461221,15.67686947427536,,,
5515,-61.66584672067162,15.676868462171477,,,
5516,-61.665838912887885,15.676867448665197,,,
5517,-61.665831101261006,15.676866433756523,,,
5518,-61.66582328579099,15.676865417445454,,,
5519,-61.66581546647781,15.676864399731986,,,
5520,-61.6658076433215,15.676863380616126,,,
5521,-61.66579981632205,15.676862360097873,,,
5522,-61.66579198547946,15.676861338177222,,,
5523,-61.665784150793705,15.676860314854178,,,
5524,-61.665776312264825,15.67685929012874,,,
5525,-61.66576846989278,15.676858264000902,,,
5526,-61.66576062367761,15.67685723647067,,,
5527,-61.66575277361929,15.676856207538044,,,
5528,-61.665744919717824,15.676855177203024,,,
5529,-61.66573706197321,15.676854145465606,,,
5530,-61.66572920038547,15.676853112325798,,,
5531,-61.66572133495456,15.67685207778359,,,
5532,-61.66571346568052,15.676851041838987,,,
5533,-61.66570559256333,15.676850004491989,,,
5534,-61.665697715603,15.676848965742598,,,
5535,-61.66568983479952,15.676847925590812,,,
5536,-61.66568195015291,15.676846884036628,,,
5537,-61.66567406166314,15.676845841080052,,,
5538,-61.66566616933024,15.67684479672108,,,
5539,-61.66565827315418,15.676843750959712,,,
5540,-61.66565037313498,15.676842703795948,,,
5541,-61.66564246927263,15.676841655229788,,,
5542,-61.66563456156715,15.676840605261237,,,
5543,-61.665626650018524,15.676839553890286,,,
5544,-61.66561873462674,15.676838501116944,,,
5545,-61.66561081539183,15.676837446941207,,,
5546,-61.66560289231376,15.676836391363071,,,
5547,-61.66559496539254,15.676835334382538,,,
5548,-61.66558703462819,15.676834275999614,,,
5549,-61.6655791000207,15.676833216214298,,,
5550,-61.66557116157006,15.676832155026583,,,
5551,-61.66556321927627,15.676831092436473,,,
5552,-61.66555527313934,15.676830028443966,,,
5553,-61.665547323159274,15.676828963049068,,,
5554,-61.665539369336045,15.676827896251773,,,
5555,-61.665531411669676,15.676826828052082,,,
5556,-61.66552345016018,15.676825758449997,,,
5557,-61.66551548480753,15.676824687445517,,,
5558,-61.665507515611736,15.676823615038643,,,
5559,-61.66549954257278,15.676822541229367,,,
5560,-61.665491565690694,15.676821466017701,,,
5561,-61.665483584965465,15.67682038940364,,,
5562,-61.665475600397095,15.676819311387183,,,
5563,-61.66546761198558,15.676818231968333,,,
5564,-61.66545961973092,15.676817151147086,,,
5565,-61.6654516236331,15.67681606892344,,,
5566,-61.665443623692155,15.676814985297407,,,
5567,-61.66543561990805,15.676813900268971,,,
5568,-61.66542761228081,15.676812813838144,,,
5569,-61.66541960081043,15.676811726004924,,,
5570,-61.66541158549691,15.676810636769307,,,
5571,-61.66540356634023,15.676809546131292,,,
5572,-61.665395543340395,15.676808454090882,,,
5573,-61.66538751649745,15.676807360648079,,,
5574,-61.66537948581134,15.676806265802881,,,
5575,-61.665371451282084,15.676805169555287,,,
5576,-61.665363412909684,15.676804071905298,,,
5577,-61.66535537069415,15.676802972852915,,,
5578,-61.665347324635476,15.676801872398137,,,
5579,-61.66533927473364,15.67680077054096,,,
5580,-61.66533122098867,15.676799667281392,,,
5581,-61.66532316340055,15.676798562619428,,,
5582,-61.665315101969284,15.676797456555068,,,
5583,-61.665307036694884,15.676796349088312,,,
5584,-61.665298967577336,15.676795240219164,,,
5585,-61.66529089461664,15.676794129947616,,,
5586,-61.665282817812795,15.676793018273678,,,
5587,-61.66527473716582,15.67679190519734,,,
5588,-61.66526665267568,15.67679079071861,,,
5589,-61.66525856434241,15.676789674837483,,,
5590,-61.665250472165994,15.676788557553962,,,
5591,-61.66524237614644,15.676787438868047,,,
5592,-61.665234276283726,15.676786318779733,,,
5593,-61.665226172577874,15.676785197289028,,,
5594,-61.66521806502888,15.676784074395925,,,
5595,-61.66520995363673,15.676782950100428,,,
5596,-61.66520183840145,15.676781824402536,,,
5597,-61.66519371932303,15.676780697302249,,,
5598,-61.66518559640146,15.676779568799565,,,
5599,-61.66517746963675,15.676778438894491,,,
5600,-61.66516933902889,15.676777307587017,,,
5601,-61.66516120457787,15.676776174877148,,,
5602,-61.66515306628372,15.676775040764886,,,
5603,-61.66514492414643,15.676773905250226,,,
5604,-61.66513677816599,15.676772768333171,,,
5605,-61.665128628342416,15.676771630013725,,,
5606,-61.6651204746757,15.676770490291883,,,
5607,-61.66511231716582,15.676769349167643,,,
5608,-61.6651041558128,15.67676820664101,,,
5609,-61.66509599061663,15.676767062711978,,,
5610,-61.665087821577345,15.676765917380557,,,
5611,-61.665079648694885,15.676764770646734,,,
5612,-61.66507147196929,15.67676362251052,,,
5613,-61.66506329140056,15.676762472971912,,,
5614,-61.665055106988675,15.676761322030906,,,
5615,-61.66504691873365,15.676760169687505,,,
5616,-61.66503872663547,15.676759015941707,,,
5617,-61.66503053069415,15.676757860793519,,,
5618,-61.6650223309097,15.676756704242933,,,
5619,-61.665014127282106,15.676755546289954,,,
5620,-61.66500591981135,15.676754386934578,,,
5621,-61.66499770849745,15.676753226176805,,,
5622,-61.66498949334042,15.67675206401664,,,
5623,-61.664981274340235,15.676750900454078,,,
5624,-61.66497305149691,15.676749735489118,,,
5625,-61.66496482481045,15.67674856912177,,,
5626,-61.664956594280824,15.676747401352022,,,
5627,-61.664948359908074,15.67674623217988,,,
5628,-61.66494012169217,15.676745061605343,,,
5629,-61.664931879633116,15.676743889628408,,,
5630,-61.66492363373093,15.676742716249084,,,
5631,-61.66491538398558,15.67674154146736,,,
5632,-61.664907130397104,15.67674036528324,,,
5633,-61.66489887296548,15.676739187696729,,,
5634,-61.66489061169071,15.67673800870782,,,
5635,-61.664882346572796,15.676736828316518,,,
5636,-61.664874077611735,15.676735646522818,,,
5637,-61.66486580480753,15.67673446332672,,,
5638,-61.6648575281602,15.676733278728236,,,
5639,-61.66484924766969,15.676732092727349,,,
5640,-61.66484096333606,15.67673090532407,,,
5641,-61.66483267515928,15.676729716518398,,,
5642,-61.664824383139354,15.676728526310328,,,
5643,-61.66481608727629,15.676727334699864,,,
5644,-61.664807787570076,15.676726141687004,,,
5645,-61.66479948402071,15.676724947271746,,,
5646,-61.66479117662823,15.676723751454098,,,
5647,-61.664782865392574,15.676722554234054,,,
5648,-61.66477455031378,15.676721355611612,,,
5649,-61.66476623139184,15.676720155586775,,,
5650,-61.66475790862677,15.676718954159547,,,
5651,-61.664749582018544,15.676717751329921,,,
5652,-61.664741251567165,15.676716547097897,,,
5653,-61.664732917272644,15.676715341463478,,,
5654,-61.664724579135,15.676714134426671,,,
5655,-61.6647162371542,15.676712925987466,,,
5656,-61.66470789133025,15.676711716145864,,,
5657,-61.66469954166317,15.676710504901864,,,
5658,-61.66469118815293,15.676709292255474,,,
5659,-61.66468283079955,15.676708078206683,,,
5660,-61.66467446960303,15.676706862755502,,,
5661,-61.66466610456336,15.676705645901926,,,
5662,-61.66465773568054,15.676704427645952,,,
5663,-61.66464936295459,15.676703207987584,,,
5664,-61.66464098638549,15.676701986926822,,,
5665,-61.66463260597324,15.67670076446366,,,
5666,-61.66462422171786,15.676699540598108,,,
5667,-61.66461583361932,15.67669831533016,,,
5668,-61.664607441677646,15.676697088659818,,,
5669,-61.664599045892814,15.676695860587078,,,
5670,-61.66459064626484,15.676694631111943,,,
5671,-61.66458224279374,15.676693400234416,,,
5672,-61.66457383547949,15.67669216795449,,,
5673,-61.66456542432207,15.676690934272168,,,
5674,-61.66455700932154,15.676689699187456,,,
5675,-61.66454859047785,15.676688462700346,,,
5676,-61.66454016779102,15.676687224810841,,,
5677,-61.66453174126104,15.676685985518938,,,
5678,-61.66452331088791,15.676684744824643,,,
5679,-61.66451487667165,15.676683502727954,,,
5680,-61.664506438612236,15.676682259228867,,,
5681,-61.66449799670967,15.676681014327384,,,
5682,-61.66448955096398,15.67667976802351,,,
5683,-61.664481101375145,15.676678520317243,,,
5684,-61.66447264794315,15.676677271208574,,,
5685,-61.66446419066801,15.67667602069751,,,
5686,-61.66445572954973,15.676674768784054,,,
5687,-61.66444726458832,15.676673515468202,,,
5688,-61.66443879578375,15.676672260749955,,,
5689,-61.664430323136045,15.676671004629315,,,
5690,-61.66442184664518,15.676669747106274,,,
5691,-61.664413366311194,15.676668488180844,,,
5692,-61.66440488213404,15.676667227853017,,,
5693,-61.66439639411375,15.67666596612279,,,
5694,-61.664387902250326,15.676664702990177,,,
5695,-61.664379406543745,15.676663438455162,,,
5696,-61.66437090699402,15.676662172517755,,,
5697,-61.66436240360117,15.67666090517795,,,
5698,-61.66435389636514,15.67665963643575,,,
5699,-61.664345385286,15.67665836629116,,,
5700,-61.6643368703637,15.676657094744169,,,
5701,-61.66432835159825,15.676655821794784,,,
5702,-61.66431982898967,15.676654547443007,,,
5703,-61.664311302537925,15.67665327168883,,,
5704,-61.66430277224306,15.676651994532262,,,
5705,-61.664294238105036,15.676650715973295,,,
5706,-61.66428570012386,15.676649436011935,,,
5707,-61.66427715829957,15.67664815464818,,,
5708,-61.664268612632114,15.676646871882031,,,
5709,-61.6642600631215,15.676645587713484,,,
5710,-61.66425150976777,15.676644302142545,,,
5711,-61.66424295257087,15.676643015169208,,,
5712,-61.664234391530854,15.676641726793479,,,
5713,-61.66422582664768,15.676640437015354,,,
5714,-61.66421725792135,15.676639145834828,,,
5715,-61.664208685351895,15.676637853251915,,,
5716,-61.66420010893928,15.676636559266601,,,
5717,-61.664191528683546,15.676635263878898,,,
5718,-61.66418294458464,15.676633967088794,,,
5719,-61.66417435664259,15.676632668896298,,,
5720,-61.66416576485741,15.676631369301404,,,
5721,-61.66415716922907,15.676630068304117,,,
5722,-61.66414856975759,15.676628765904432,,,
5723,-61.66413996644299,15.676627462102358,,,
5724,-61.66413135928523,15.676626156897886,,,
5725,-61.66412274828431,15.676624850291017,,,
5726,-61.66411413344025,15.676623542281753,,,
5727,-61.664105514753075,15.676622232870095,,,
5728,-61.66409689222272,15.676620922056042,,,
5729,-61.66408826584923,15.676619609839591,,,
5730,-61.66407963563259,15.676618296220745,,,
5731,-61.664071001572836,15.676616981199508,,,
5732,-61.66406236366992,15.676615664775877,,,
5733,-61.66405372192385,15.676614346949844,,,
5734,-61.66404507633463,15.67661302772142,,,
5735,-61.66403642690229,15.676611707090604,,,
5736,-61.66402777362679,15.676610385057387,,,
5737,-61.66401911650815,15.676609061621775,,,
5738,-61.66401045554636,15.67660773678377,,,
5739,-61.66400179074144,15.67660641054337,,,
5740,-61.663993122093366,15.676605082900576,,,
5741,-61.66398444960214,15.676603753855385,,,
5742,-61.66397577326777,15.676602423407797,,,
5743,-61.66396709309028,15.67660109155782,,,
5744,-61.66395840906962,15.676599758305443,,,
5745,-61.663949721205825,15.67659842365067,,,
5746,-61.663941029498886,15.676597087593503,,,
5747,-61.66393233394881,15.676595750133941,,,
5748,-61.66392363455559,15.676594411271987,,,
5749,-61.6639149313192,15.676593071007634,,,
5750,-61.663906224239675,15.676591729340885,,,
5751,-61.663897513317025,15.676590386271744,,,
5752,-61.66388879855123,15.676589041800208,,,
5753,-61.663880079942274,15.676587695926276,,,
5754,-61.66387135749017,15.676586348649945,,,
5755,-61.66386263119493,15.676584999971222,,,
5756,-61.663853901056555,15.676583649890105,,,
5757,-61.66384516707501,15.676582298406592,,,
5758,-61.66383642925034,15.676580945520683,,,
5759,-61.66382768758253,15.67657959123238,,,
5760,-61.66381894207157,15.676578235541683,,,
5761,-61.66381019271747,15.67657687844859,,,
5762,-61.663801439520206,15.676575519953099,,,
5763,-61.663792682479816,15.676574160055216,,,
5764,-61.66378392159629,15.676572798754936,,,
5765,-61.66377515686959,15.67657143605226,,,
5766,-61.66376638829978,15.676570071947191,,,
5767,-61.6637576158868,15.676568706439728,,,
5768,-61.66374883963069,15.676567339529868,,,
5769,-61.66374005953142,15.676565971217613,,,
5770,-61.663731275589015,15.67656460150296,,,
5771,-61.66372248780347,15.676563230385916,,,
5772,-61.663713696174774,15.676561857866476,,,
5773,-61.66370490070294,15.676560483944641,,,
5774,-61.663696101387956,15.676559108620408,,,
5775,-61.663687298229824,15.67655773189378,,,
5776,-61.66367849122856,15.676556353764761,,,
5777,-61.66366968038413,15.676554974233344,,,
5778,-61.66366086569657,15.67655359329953,,,
5779,-61.66365204716588,15.676552210963326,,,
5780,-61.66364322479203,15.676550827224727,,,
5781,-61.66363439857504,15.67654944208373,,,
5782,-61.663625568514895,15.676548055540334,,,
5783,-61.66361673461161,15.676546667594547,,,
5784,-61.66360789686519,15.676545278246364,,,
5785,-61.66359905527561,15.676543887495786,,,
5786,-61.66359020984289,15.676542495342812,,,
5787,-61.663581360567036,15.676541101787446,,,
5788,-61.66357250744804,15.676539706829683,,,
5789,-61.66356365048589,15.676538310469523,,,
5790,-61.663554789680596,15.676536912706972,,,
5791,-61.66354592503215,15.676535513542019,,,
5792,-61.66353705654058,15.676534112974675,,,
5793,-61.663528184205845,15.676532711004937,,,
5794,-61.663519308027986,15.676531307632803,,,
5795,-61.663510428006965,15.676529902858274,,,
5796,-61.66350154414281,15.676528496681351,,,
5797,-61.66349265643551,15.67652708910203,,,
5798,-61.66348376488506,15.676525680120314,,,
5799,-61.66347486949145,15.676524269736204,,,
5800,-61.66346597025473,15.6765228579497,,,
5801,-61.66345706717485,15.676521444760802,,,
5802,-61.663448160251825,15.676520030169504,,,
5803,-61.66343924948565,15.676518614175812,,,
5804,-61.66343033487634,15.67651719677973,,,
5805,-61.66342141642388,15.676515777981248,,,
5806,-61.66341249412827,15.67651435778037,,,
5807,-61.66340356798953,15.6765129361771,,,
5808,-61.66339463800763,15.676511513171432,,,
5809,-61.66338570418261,15.676510088763372,,,
5810,-61.66337676651442,15.676508662952914,,,
5811,-61.66336782500309,15.676507235740061,,,
5812,-61.663358879648634,15.676505807124816,,,
5813,-61.663349930451005,15.676504377107172,,,
5814,-61.66334097741025,15.676502945687133,,,
5815,-61.66333202052636,15.676501512864704,,,
5816,-61.66332305979931,15.676500078639874,,,
5817,-61.663314095229126,15.676498643012653,,,
5818,-61.663305126815786,15.676497205983033,,,
5819,-61.66329615455929,15.676495767551017,,,
5820,-61.66328717845968,15.676494327716611,,,
5821,-61.663278198516906,15.676492886479807,,,
5822,-61.663269214731,15.67649144384061,,,
5823,-61.66326022710194,15.676489999799015,,,
5824,-61.663251235629744,15.676488554355029,,,
5825,-61.6632422403144,15.676487107508644,,,
5826,-61.66323324115591,15.676485659259862,,,
5827,-61.66322423815426,15.676484209608684,,,
5828,-61.66321523130949,15.676482758555121,,,
5829,-61.663206220621575,15.676481306099156,,,
5830,-61.6631972060905,15.676479852240794,,,
5831,-61.66318818771629,15.676478396980038,,,
5832,-61.66317916549893,15.67647694031689,,,
5833,-61.663170139438435,15.676475482251343,,,
5834,-61.66316110953478,15.676474022783399,,,
5835,-61.663152075787984,15.676472561913064,,,
5836,-61.66314303819806,15.676471099640333,,,
5837,-61.663133996764984,15.67646963596521,,,
5838,-61.66312495148876,15.676468170887686,,,
5839,-61.66311590236939,15.676466704407769,,,
5840,-61.66310684940688,15.676465236525459,,,
5841,-61.66309779260122,15.676463767240751,,,
5842,-61.66308873195241,15.676462296553648,,,
5843,-61.66307966746049,15.676460824464154,,,
5844,-61.66307059912539,15.67645935097226,,,
5845,-61.66306152694716,15.676457876077974,,,
5846,-61.663052450925775,15.67645639978129,,,
5847,-61.66304337106125,15.676454922082211,,,
5848,-61.6630342873536,15.67645344298074,,,
5849,-61.663025199802775,15.676451962476872,,,
5850,-61.663016108408826,15.676450480570608,,,
5851,-61.66300701317172,15.67644899726195,,,
5852,-61.66299791409148,15.676447512550894,,,
5853,-61.6629888111681,15.67644602643745,,,
5854,-61.66297970440156,15.6764445389216,,,
5855,-61.662970593791876,15.676443050003364,,,
5856,-61.66296147933905,15.67644155968273,,,
5857,-61.6629523610431,15.676440067959701,,,
5858,-61.662943238903985,15.676438574834275,,,
5859,-61.66293411292173,15.676437080306457,,,
5860,-61.662924983096325,15.67643558437624,,,
5861,-61.66291584942778,15.676434087043631,,,
5862,-61.662906711916094,15.676432588308625,,,
5863,-61.66289757056126,15.676431088171224,,,
5864,-61.662888425363285,15.67642958663143,,,
5865,-61.66287927632217,15.676428083689242,,,
5866,-61.6628701234379,15.676426579344653,,,
5867,-61.66286096671049,15.67642507359767,,,
5868,-61.662851806139926,15.676423566448292,,,
5869,-61.66284264172624,15.676422057896525,,,
5870,-61.66283347346939,15.676420547942357,,,
5871,-61.66282430136941,15.676419036585798,,,
5872,-61.66281512542627,15.676417523826839,,,
5873,-61.66280594564,15.676416009665488,,,
5874,-61.66279676201058,15.676414494101738,,,
5875,-61.662787574538015,15.676412977135596,,,
5876,-61.66277838322231,15.67641145876706,,,
5877,-61.66276918806345,15.676409938996127,,,
5878,-61.662759989061456,15.676408417822799,,,
5879,-61.66275078621632,15.676406895247077,,,
5880,-61.66274157952803,15.676405371268956,,,
5881,-61.66273236899661,15.676403845888448,,,
5882,-61.662723154622014,15.676402319105536,,,
5883,-61.662713936404295,15.676400790920232,,,
5884,-61.662704714343434,15.676399261332532,,,
5885,-61.662695488439425,15.676397730342439,,,
5886,-61.66268625869228,15.676396197949952,,,
5887,-61.66267702510198,15.676394664155067,,,
5888,-61.66266778766853,15.676393128957786,,,
5889,-61.66265854639195,15.676391592358113,,,
5890,-61.662649301272225,15.676390054356043,,,
5891,-61.66264005230934,15.676388514951578,,,
5892,-61.66263079950332,15.676386974144718,,,
5893,-61.66262154285417,15.676385431935465,,,
5894,-61.662612282361856,15.676383888323812,,,
5895,-61.6626030180264,15.676382343309765,,,
5896,-61.6625937498478,15.676380796893325,,,
5897,-61.66258447782607,15.67637924907449,,,
5898,-61.662575201961175,15.676377699853258,,,
5899,-61.66256592225315,15.676376149229633,,,
5900,-61.66255663870197,15.676374597203612,,,
5901,-61.662547351307666,15.676373043775197,,,
5902,-61.66253806007019,15.676371488944383,,,
5903,-61.66252876498958,15.676369932711175,,,
5904,-61.66251946606583,15.676368375075572,,,
5905,-61.66251016329893,15.676366816037575,,,
5906,-61.66250085668891,15.676365255597187,,,
5907,-61.662491546235714,15.676363693754396,,,
5908,-61.66248223193938,15.676362130509213,,,
5909,-61.66247291379991,15.676360565861637,,,
5910,-61.662463591817286,15.676358999811663,,,
5911,-61.66245426599153,15.676357432359294,,,
5912,-61.66244493632261,15.676355863504527,,,
5913,-61.66243560281057,15.676354293247373,,,
5914,-61.66242626545538,15.676352721587822,,,
5915,-61.66241692425703,15.676351148525871,,,
5916,-61.66240757921554,15.676349574061526,,,
5917,-61.66239823033093,15.676347998194789,,,
5918,-61.66238887760315,15.676346420925654,,,
5919,-61.66237952103223,15.676344842254123,,,
5920,-61.66237016061817,15.6763432621802,,,
5921,-61.66236079636096,15.676341680703876,,,
5922,-61.662351428260614,15.676340097825165,,,
5923,-61.662342056317115,15.676338513544053,,,
5924,-61.66233268053047,15.676336927860547,,,
5925,-61.662323300900695,15.676335340774648,,,
5926,-61.66231391742777,15.676333752286352,,,
5927,-61.6623045301117,15.676332162395664,,,
5928,-61.66229513895247,15.676330571102575,,,
5929,-61.66228574395011,15.676328978407092,,,
5930,-61.662276345104615,15.676327384309218,,,
5931,-61.662266942415954,15.676325788808947,,,
5932,-61.66225753588416,15.676324191906279,,,
5933,-61.66224812550923,15.676322593601219,,,
5934,-61.66223871129115,15.676320993893762,,,
5935,-61.66222929322991,15.67631939278391,,,
5936,-61.66221987132555,15.676317790271662,,,
5937,-61.66221044557803,15.676316186357022,,,
5938,-61.662201015987364,15.676314581039982,,,
5939,-61.66219158255356,15.676312974320549,,,
5940,-61.6621821452766,15.67631136619872,,,
5941,-61.66217270415652,15.676309756674499,,,
5942,-61.66216325919329,15.676308145747882,,,
5943,-61.6621538103869,15.676306533418867,,,
5944,-61.662144357737375,15.676304919687459,,,
5945,-61.662134901244706,15.676303304553654,,,
5946,-61.66212544090889,15.676301688017455,,,
5947,-61.662115976729915,15.67630007007886,,,
5948,-61.662106508707815,15.676298450737871,,,
5949,-61.66209703684256,15.676296829994486,,,
5950,-61.662087561134186,15.676295207848709,,,
5951,-61.662078081582635,15.676293584300533,,,
5952,-61.66206859818795,15.676291959349964,,,
5953,-61.66205911095014,15.676290332997,,,
5954,-61.66204961986916,15.676288705241639,,,
5955,-61.66204012494505,15.676287076083884,,,
5956,-61.66203062617779,15.676285445523733,,,
5957,-61.662021123567385,15.676283813561186,,,
5958,-61.66201161711384,15.67628218019625,,,
5959,-61.66200210681714,15.676280545428911,,,
5960,-61.661992592677294,15.676278909259178,,,
5961,-61.66198307469433,15.676277271687052,,,
5962,-61.661973552868204,15.676275632712533,,,
5963,-61.66196402719893,15.676273992335616,,,
5964,-61.661954497686516,15.676272350556305,,,
5965,-61.66194496433095,15.676270707374595,,,
5966,-61.661935427132256,15.676269062790494,,,
5967,-61.6619258860904,15.676267416803995,,,
5968,-61.661916341205405,15.676265769415103,,,
5969,-61.66190679247728,15.676264120623818,,,
5970,-61.661897239906,15.676262470430135,,,
5971,-61.66188768349157,15.676260818834058,,,
5972,-61.661878123234,15.676259165835582,,,
5973,-61.66186855913328,15.676257511434713,,,
5974,-61.66185899118943,15.676255855631453,,,
5975,-61.661849419402415,15.676254198425791,,,
5976,-61.661839843772285,15.676252539817739,,,
5977,-61.661830264298985,15.67625087980729,,,
5978,-61.66182068098256,15.676249218394448,,,
5979,-61.661811093822976,15.676247555579208,,,
5980,-61.66180150282024,15.676245891361571,,,
5981,-61.66179190797438,15.676244225741545,,,
5982,-61.661782309285364,15.67624255871912,,,
5983,-61.66177270675321,15.6762408902943,,,
5984,-61.66176310037791,15.676239220467085,,,
5985,-61.661753490159455,15.676237549237474,,,
5986,-61.66174387609787,15.67623587660547,,,
5987,-61.66173425819313,15.676234202571067,,,
5988,-61.66172463644524,15.67623252713427,,,
5989,-61.66171501085422,15.676230850295081,,,
5990,-61.66170538142006,15.676229172053494,,,
5991,-61.661695748142755,15.676227492409517,,,
5992,-61.661686111022284,15.676225811363137,,,
5993,-61.66167647005868,15.676224128914365,,,
5994,-61.66166682525194,15.6762224450632,,,
5995,-61.66165717660205,15.676220759809638,,,
5996,-61.66164752410901,15.676219073153678,,,
5997,-61.66163786777284,15.67621738509533,,,
5998,-61.66162820759351,15.676215695634578,,,
5999,-61.66161854357105,15.676214004771438,,,
6000,-61.661608875705426,15.6762123125059,,,
6001,-61.66159920399667,15.676210618837969,,,
6002,-61.66158952844478,15.676208923767641,,,
6003,-61.66157984904973,15.676207227294917,,,
6004,-61.66157016581155,15.6762055294198,,,
6005,-61.66156047873021,15.676203830142285,,,
6006,-61.66155078780574,15.676202129462379,,,
6007,-61.66154109303811,15.676200427380074,,,
6008,-61.66153139442734,15.676198723895373,,,
6009,-61.66152169197342,15.676197019008278,,,
6010,-61.66151198567637,15.67619531271879,,,
6011,-61.66150227553618,15.67619360502691,,,
6012,-61.66149256155283,15.676191895932629,,,
6013,-61.66148284372634,15.676190185435953,,,
6014,-61.66147312205672,15.676188473536884,,,
6015,-61.66146339654393,15.676186760235419,,,
6016,-61.661453667188,15.676185045531557,,,
6017,-61.661443933988934,15.676183329425301,,,
6018,-61.66143419694672,15.67618161191665,,,
6019,-61.66142445606138,15.676179893005607,,,
6020,-61.66141471133288,15.676178172692165,,,
6021,-61.661404962761225,15.676176450976328,,,
6022,-61.66139521034644,15.676174727858097,,,
6023,-61.6613854540885,15.67617300333747,,,
6024,-61.661375693987424,15.676171277414449,,,
6025,-61.66136593004321,15.676169550089032,,,
6026,-61.66135616225584,15.67616782136122,,,
6027,-61.66134639062534,15.676166091231016,,,
6028,-61.661336615151676,15.676164359698411,,,
6029,-61.661326835834885,15.676162626763414,,,
6030,-61.66131705267493,15.676160892426022,,,
6031,-61.661307265671844,15.676159156686234,,,
6032,-61.661297474825616,15.676157419544053,,,
6033,-61.66128768013624,15.676155680999475,,,
6034,-61.66127788160371,15.6761539410525,,,
6035,-61.66126807922805,15.676152199703132,,,
6036,-61.661258273009246,15.676150456951369,,,
6037,-61.661248462947285,15.676148712797207,,,
6038,-61.6612386490422,15.676146967240658,,,
6039,-61.661228831293954,15.676145220281711,,,
6040,-61.66121900970256,15.676143471920366,,,
6041,-61.66120918426803,15.676141722156624,,,
6042,-61.661199354990345,15.676139970990487,,,
6043,-61.66118952186953,15.676138218421961,,,
6044,-61.66117968490557,15.676136464451035,,,
6045,-61.66116984409845,15.676134709077715,,,
6046,-61.66115999944821,15.676132952302002,,,
6047,-61.66115015095481,15.676131194123892,,,
6048,-61.661140298618264,15.676129434543384,,,
6049,-61.661130442438576,15.676127673560485,,,
6050,-61.661120582415755,15.67612591117519,,,
6051,-61.66111071854978,15.6761241473875,,,
6052,-61.66110085084065,15.67612238219741,,,
6053,-61.66109097928839,15.676120615604932,,,
6054,-61.661081103892975,15.676118847610054,,,
6055,-61.661071224654435,15.676117078212783,,,
6056,-61.661061341572726,15.676115307413115,,,
6057,-61.66105145464788,15.676113535211053,,,
6058,-61.661041563879905,15.676111761606597,,,
6059,-61.661031669268766,15.676109986599744,,,
6060,-61.6610217708145,15.676108210190499,,,
6061,-61.66101186851708,15.676106432378855,,,
6062,-61.6610019623765,15.676104653164817,,,
6063,-61.66099205239281,15.676102872548384,,,
6064,-61.660982138565956,15.676101090529556,,,
6065,-61.66097222089596,15.676099307108334,,,
6066,-61.66096229938282,15.676097522284715,,,
6067,-61.660952374026536,15.676095736058702,,,
6068,-61.66094244482711,15.676093948430294,,,
6069,-61.66093251178452,15.676092159399488,,,
6070,-61.660922574898805,15.676090368966289,,,
6071,-61.66091263416995,15.676088577130697,,,
6072,-61.66090268959793,15.676086783892705,,,
6073,-61.66089274118278,15.67608498925232,,,
6074,-61.660882788924496,15.676083193209545,,,
6075,-61.66087283282306,15.67608139576437,,,
6076,-61.66086287287847,15.6760795969168,,,
6077,-61.660852909090735,15.676077796666833,,,
6078,-61.660842941459855,15.676075995014472,,,
6079,-61.66083296998584,15.676074191959717,,,
6080,-61.66082299466868,15.676072387502566,,,
6081,-61.66081301550838,15.676070581643023,,,
6082,-61.66080303250492,15.676068774381081,,,
6083,-61.66079304565833,15.676066965716746,,,
6084,-61.66078305496858,15.676065155650013,,,
6085,-61.660773060435695,15.676063344180884,,,
6086,-61.66076306205966,15.676061531309362,,,
6087,-61.6607530598405,15.676059717035447,,,
6088,-61.66074305377819,15.676057901359139,,,
6089,-61.660733043872725,15.676056084280429,,,
6090,-61.66072303012411,15.676054265799326,,,
6091,-61.66071301253237,15.67605244591583,,,
6092,-61.660702991097466,15.676050624629937,,,
6093,-61.66069296581942,15.676048801941649,,,
6094,-61.66068293669825,15.676046977850968,,,
6095,-61.66067290373391,15.676045152357888,,,
6096,-61.66066286692646,15.676043325462416,,,
6097,-61.66065282627583,15.676041497164547,,,
6098,-61.660642781782066,15.676039667464282,,,
6099,-61.66063273344517,15.676037836361626,,,
6100,-61.66062268126511,15.67603600385657,,,
6101,-61.66061262524192,15.676034169949121,,,
6102,-61.66060256537558,15.676032334639277,,,
6103,-61.66059250166609,15.676030497927037,,,
6104,-61.66058243411347,15.676028659812404,,,
6105,-61.6605723627177,15.676026820295375,,,
6106,-61.660562287478776,15.67602497937595,,,
6107,-61.66055220839672,15.67602313705413,,,
6108,-61.66054212547151,15.676021293329914,,,
6109,-61.660532038703174,15.676019448203306,,,
6110,-61.66052194809167,15.6760176016743,,,
6111,-61.66051185363703,15.676015753742895,,,
6112,-61.660501755339254,15.676013904409103,,,
6113,-61.66049165319832,15.67601205367291,,,
6114,-61.66048154721425,15.676010201534325,,,
6115,-61.66047143738704,15.676008347993344,,,
6116,-61.66046132371669,15.676006493049972,,,
6117,-61.66045120620318,15.676004636704198,,,
6118,-61.660441084846525,15.676002778956029,,,
6119,-61.66043095964674,15.676000919805468,,,
6120,-61.6604208306038,15.675999059252511,,,
6121,-61.66041069771771,15.675997197297157,,,
6122,-61.660400560988485,15.67599533393941,,,
6123,-61.660390420416114,15.675993469179268,,,
6124,-61.6603802760006,15.675991603016731,,,
6125,-61.66037012774194,15.675989735451797,,,
6126,-61.660359975640134,15.67598786648447,,,
6127,-61.66034981969519,15.675985996114747,,,
6128,-61.660339659907095,15.675984124342627,,,
6129,-61.66032949627586,15.675982251168115,,,
6130,-61.66031932880148,15.675980376591207,,,
6131,-61.66030915748395,15.675978500611901,,,
6132,-61.66029898232328,15.675976623230204,,,
6133,-61.66028880331947,15.67597474444611,,,
6134,-61.660278620472496,15.675972864259618,,,
6135,-61.66026843378241,15.675970982670737,,,
6136,-61.66025824324916,15.675969099679454,,,
6137,-61.66024804887277,15.675967215285782,,,
6138,-61.66023785065323,15.67596532948971,,,
6139,-61.66022764859055,15.675963442291245,,,
6140,-61.66021744268473,15.675961553690387,,,
6141,-61.66020723293575,15.675959663687129,,,
6142,-61.660197019343634,15.675957772281478,,,
6143,-61.66018680190839,15.675955879473435,,,
6144,-61.660176580629994,15.675953985262995,,,
6145,-61.66016635550844,15.675952089650156,,,
6146,-61.66015612654375,15.675950192634925,,,
6147,-61.6601458937359,15.675948294217296,,,
6148,-61.66013565708493,15.675946394397277,,,
6149,-61.660125416590795,15.675944493174859,,,
6150,-61.660115172253526,15.675942590550045,,,
6151,-61.660104924073124,15.675940686522843,,,
6152,-61.660094672049574,15.67593878109324,,,
6153,-61.66008441618287,15.675936874261241,,,
6154,-61.660074156473016,15.675934966026848,,,
6155,-61.66006389292002,15.67593305639006,,,
6156,-61.660053625523894,15.675931145350878,,,
6157,-61.6600433542846,15.675929232909299,,,
6158,-61.66003307920217,15.675927319065323,,,
6159,-61.66002280027661,15.675925403818958,,,
6160,-61.66001251750791,15.675923487170197,,,
6161,-61.66000223089605,15.675921569119037,,,
6162,-61.65999194044104,15.675919649665481,,,
6163,-61.6599816461429,15.675917728809534,,,
6164,-61.659971348001605,15.675915806551188,,,
6165,-61.65996104601717,15.675913882890448,,,
6166,-61.65995074018959,15.675911957827314,,,
6167,-61.65994043051887,15.675910031361784,,,
6168,-61.65993011700502,15.675908103493862,,,
6169,-61.659919799647994,15.675906174223542,,,
6170,-61.65990947844784,15.675904243550825,,,
6171,-61.65989915340454,15.675902311475717,,,
6172,-61.65988882451809,15.67590037799821,,,
6173,-61.659878491788504,15.67589844311831,,,
6174,-61.65986815521577,15.675896506836015,,,
6175,-61.65985781479989,15.675894569151321,,,
6176,-61.65984747054087,15.675892630064236,,,
6177,-61.6598371224387,15.675890689574755,,,
6178,-61.65982677049338,15.675888747682876,,,
6179,-61.65981641470493,15.675886804388606,,,
6180,-61.65980605507334,15.67588485969194,,,
6181,-61.65979569159859,15.67588291359288,,,
6182,-61.6597853242807,15.675880966091421,,,
6183,-61.65977495311966,15.675879017187569,,,
6184,-61.65976457811549,15.675877066881322,,,
6185,-61.65975419926816,15.675875115172678,,,
6186,-61.65974381657769,15.675873162061638,,,
6187,-61.659733430044085,15.675871207548207,,,
6188,-61.65972303966734,15.675869251632381,,,
6189,-61.659712645447435,15.675867294314155,,,
6190,-61.65970224738439,15.675865335593537,,,
6191,-61.65969184547819,15.675863375470522,,,
6192,-61.659681439728864,15.675861413945114,,,
6193,-61.65967103013638,15.67585945101731,,,
6194,-61.65966061670077,15.675857486687113,,,
6195,-61.659650199421996,15.675855520954517,,,
6196,-61.659639778300104,15.675853553819532,,,
6197,-61.65962935333504,15.675851585282146,,,
6198,-61.65961892452684,15.675849615342365,,,
6199,-61.65960849187549,15.67584764400019,,,
6200,-61.65959805538101,15.67584567125562,,,
6201,-61.65958761504337,15.675843697108656,,,
6202,-61.6595771708626,15.675841721559296,,,
6203,-61.659566722838676,15.675839744607536,,,
6204,-61.65955627097162,15.675837766253391,,,
6205,-61.659545815261396,15.675835786496842,,,
6206,-61.659535355708044,15.675833805337902,,,
6207,-61.65952489231155,15.675831822776566,,,
6208,-61.659514425071904,15.675829838812833,,,
6209,-61.65950395398913,15.675827853446709,,,
6210,-61.65949347906319,15.675825866678185,,,
6211,-61.65948300029411,15.675823878507266,,,
6212,-61.65947251768189,15.675821888933958,,,
6213,-61.659462031226525,15.675819897958249,,,
6214,-61.65945154092802,15.675817905580146,,,
6215,-61.65944104678636,15.67581591179965,,,
6216,-61.65943054880156,15.675813916616756,,,
6217,-61.65942004697362,15.67581192003147,,,
6218,-61.65940954130253,15.675809922043786,,,
6219,-61.6593990317883,15.675807922653707,,,
6220,-61.65938851843093,15.675805921861235,,,
6221,-61.65937800123041,15.675803919666366,,,
6222,-61.65936748018675,15.675801916069105,,,
6223,-61.65935695529994,15.675799911069443,,,
6224,-61.65934642656998,15.675797904667391,,,
6225,-61.6593358939969,15.67579589686294,,,
6226,-61.65932535758065,15.675793887656097,,,
6227,-61.65931481732126,15.675791877046855,,,
6228,-61.65930427321873,15.675789865035222,,,
6229,-61.65929372527306,15.675787851621195,,,
6230,-61.65928317348423,15.675785836804767,,,
6231,-61.659272617852274,15.675783820585949,,,
6232,-61.65926205837717,15.675781802964735,,,
6233,-61.65925149505891,15.675779783941124,,,
6234,-61.659240927897514,15.675777763515118,,,
6235,-61.65923035689296,15.675775741686714,,,
6236,-61.65921978204529,15.67577371845592,,,
6237,-61.659209203354465,15.67577169382273,,,
6238,-61.65919862082048,15.675769667787142,,,
6239,-61.65918803444337,15.67576764034916,,,
6240,-61.659177444223104,15.675765611508787,,,
6241,-61.65916685015969,15.675763581266013,,,
6242,-61.65915625225313,15.675761549620844,,,
6243,-61.659145650503454,15.675759516573287,,,
6244,-61.659135044910606,15.675757482123329,,,
6245,-61.659124435474624,15.675755446270976,,,
6246,-61.65911382219549,15.675753409016227,,,
6247,-61.659103205073215,15.675751370359084,,,
6248,-61.65909258410781,15.675749330299547,,,
6249,-61.659081959299236,15.675747288837613,,,
6250,-61.659071330647535,15.675745245973287,,,
6251,-61.659060698152686,15.675743201706563,,,
6252,-61.65905006181468,15.675741156037443,,,
6253,-61.65903942163355,15.675739108965931,,,
6254,-61.659028777609265,15.675737060492024,,,
6255,-61.65901812974183,15.675735010615718,,,
6256,-61.65900747803126,15.675732959337019,,,
6257,-61.65899682247755,15.675730906655927,,,
6258,-61.658986163080684,15.675728852572435,,,
6259,-61.65897549984067,15.67572679708655,,,
6260,-61.65896483275752,15.67572474019827,,,
6261,-61.65895416183123,15.675722681907597,,,
6262,-61.658943487061784,15.675720622214524,,,
6263,-61.6589328084492,15.675718561119059,,,
6264,-61.65892212599348,15.675716498621199,,,
6265,-61.65891143969461,15.675714434720948,,,
6266,-61.65890074955259,15.675712369418294,,,
6267,-61.65889005556743,15.675710302713249,,,
6268,-61.65887935773912,15.675708234605805,,,
6269,-61.65886865606768,15.67570616509597,,,
6270,-61.658857950553084,15.67570409418374,,,
6271,-61.658847241195346,15.675702021869114,,,
6272,-61.65883652799446,15.67569994815209,,,
6273,-61.65882581095043,15.675697873032675,,,
6274,-61.65881509006326,15.675695796510862,,,
6275,-61.65880436533294,15.675693718586654,,,
6276,-61.65879363675948,15.675691639260053,,,
6277,-61.65878290434288,15.675689558531055,,,
6278,-61.65877216808313,15.675687476399665,,,
6279,-61.65876142798024,15.675685392865875,,,
6280,-61.658750684034196,15.675683307929692,,,
6281,-61.65873993624502,15.675681221591116,,,
6282,-61.65872918461268,15.67567913385014,,,
6283,-61.65871842913722,15.67567704470677,,,
6284,-61.6587076698186,15.67567495416101,,,
6285,-61.658696906656836,15.67567286221285,,,
6286,-61.65868613965194,15.675670768862297,,,
6287,-61.65867536880389,15.675668674109348,,,
6288,-61.65866459411269,15.675666577954,,,
6289,-61.65865381557836,15.675664480396264,,,
6290,-61.65864303320087,15.675662381436126,,,
6291,-61.65863224698024,15.675660281073597,,,
6292,-61.658621456916485,15.675658179308675,,,
6293,-61.65861066300956,15.675656076141355,,,
6294,-61.658599865259504,15.675653971571638,,,
6295,-61.6585890636663,15.675651865599527,,,
6296,-61.65857825822994,15.67564975822502,,,
6297,-61.658567448950464,15.675647649448122,,,
6298,-61.658556635827814,15.675645539268825,,,
6299,-61.65854581886204,15.675643427687135,,,
6300,-61.65853499805311,15.675641314703048,,,
6301,-61.658524173401055,15.675639200316569,,,
6302,-61.658513344905835,15.675637084527692,,,
6303,-61.65850251256747,15.675634967336418,,,
6304,-61.658491676385964,15.67563284874275,,,
6305,-61.65848083636132,15.67563072874669,,,
6306,-61.65846999249354,15.675628607348234,,,
6307,-61.6584591447826,15.67562648454738,,,
6308,-61.65844829322851,15.67562436034413,,,
6309,-61.658437437831296,15.67562223473849,,,
6310,-61.65842657859092,15.675620107730452,,,
6311,-61.6584157155074,15.675617979320018,,,
6312,-61.658404848580744,15.675615849507189,,,
6313,-61.658393977810945,15.675613718291968,,,
6314,-61.658383103198005,15.675611585674352,,,
6315,-61.6583722247419,15.675609451654335,,,
6316,-61.658361342442674,15.675607316231925,,,
6317,-61.65835045630029,15.675605179407123,,,
6318,-61.658339566314766,15.675603041179922,,,
6319,-61.65832867248609,15.675600901550329,,,
6320,-61.658317774814286,15.675598760518339,,,
6321,-61.658306873299324,15.675596618083954,,,
6322,-61.65829596794123,15.675594474247175,,,
6323,-61.65828505873998,15.675592329008001,,,
6324,-61.65827414569557,15.675590182366427,,,
6325,-61.65826322880805,15.675588034322464,,,
6326,-61.65825230807737,15.675585884876105,,,
6327,-61.65824138350355,15.67558373402735,,,
6328,-61.65823045508658,15.675581581776198,,,
6329,-61.658219522826464,15.675579428122651,,,
6330,-61.65820858672321,15.675577273066711,,,
6331,-61.65819764677681,15.675575116608375,,,
6332,-61.65818670298726,15.675572958747642,,,
6333,-61.65817575535458,15.675570799484516,,,
6334,-61.65816480387875,15.675568638818996,,,
6335,-61.65815384855976,15.675566476751078,,,
6336,-61.65814288939764,15.675564313280766,,,
6337,-61.65813192639237,15.67556214840806,,,
6338,-61.658120959543965,15.675559982132956,,,
6339,-61.6581099888524,15.675557814455459,,,
6340,-61.65809901431769,15.675555645375564,,,
6341,-61.658088035939855,15.675553474893277,,,
6342,-61.65807705371887,15.675551303008596,,,
6343,-61.65806606765473,15.675549129721517,,,
6344,-61.65805507774745,15.675546955032043,,,
6345,-61.65804408399704,15.675544778940175,,,
6346,-61.658033086403464,15.675542601445912,,,
6347,-61.65802208496675,15.67554042254925,,,
6348,-61.6580110796869,15.675538242250198,,,
6349,-61.6580000705639,15.67553606054875,,,
6350,-61.65798905759776,15.675533877444906,,,
6351,-61.65797804078846,15.675531692938664,,,
6352,-61.65796702013603,15.67552950703003,,,
6353,-61.65795599564045,15.675527319719,,,
6354,-61.657944967301724,15.675525131005575,,,
6355,-61.657933935119864,15.675522940889756,,,
6356,-61.65792289909486,15.67552074937154,,,
6357,-61.6579118592267,15.675518556450928,,,
6358,-61.657900815515404,15.675516362127926,,,
6359,-61.65788976796095,15.675514166402523,,,
6360,-61.65787871656336,15.675511969274726,,,
6361,-61.657867661322626,15.675509770744537,,,
6362,-61.65785660223876,15.675507570811952,,,
6363,-61.65784553931174,15.67550536947697,,,
6364,-61.657834472541566,15.675503166739592,,,
6365,-61.657823401928255,15.675500962599818,,,
6366,-61.65781232747181,15.675498757057655,,,
6367,-61.6578012491722,15.67549655011309,,,
6368,-61.657790167029454,15.67549434176613,,,
6369,-61.65777908104357,15.675492132016782,,,
6370,-61.65776799121454,15.675489920865035,,,
6371,-61.65775689754237,15.675487708310893,,,
6372,-61.657745800027044,15.675485494354353,,,
6373,-61.65773469866858,15.675483278995419,,,
6374,-61.65772359346697,15.675481062234091,,,
6375,-61.657712484422206,15.675478844070367,,,
6376,-61.65770137153432,15.67547662450425,,,
6377,-61.65769025480327,15.675474403535736,,,
6378,-61.6576791342291,15.67547218116483,,,
6379,-61.65766800981176,15.675469957391524,,,
6380,-61.657656881551276,15.675467732215823,,,
6381,-61.65764574944765,15.675465505637726,,,
6382,-61.657634613500896,15.675463277657242,,,
6383,-61.65762347371099,15.675461048274355,,,
6384,-61.65761233007794,15.675458817489076,,,
6385,-61.657601182601724,15.6754565853014,,,
6386,-61.657590031282396,15.675454351711332,,,
6387,-61.657578876119906,15.675452116718866,,,
6388,-61.65756771711427,15.675449880324003,,,
6389,-61.6575565542655,15.675447642526748,,,
6390,-61.65754538757358,15.675445403327098,,,
6391,-61.65753421703852,15.675443162725053,,,
6392,-61.65752304266031,15.675440920720611,,,
6393,-61.65751186443895,15.675438677313775,,,
6394,-61.65750068237446,15.675436432504544,,,
6395,-61.657489496466816,15.675434186292916,,,
6396,-61.65747830671602,15.675431938678893,,,
6397,-61.6574671131221,15.67542968966248,,,
6398,-61.65745591568502,15.675427439243665,,,
6399,-61.65744471440481,15.67542518742246,,,
6400,-61.65743350928145,15.675422934198856,,,
6401,-61.65742230031493,15.675420679572857,,,
6402,-61.65741108750528,15.675418423544466,,,
6403,-61.65739987085248,15.675416166113678,,,
6404,-61.657388650356545,15.675413907280497,,,
6405,-61.657377426017455,15.675411647044916,,,
6406,-61.65736619783523,15.675409385406944,,,
6407,-61.65735496580986,15.675407122366574,,,
6408,-61.65734372994133,15.67540485792381,,,
6409,-61.65733249022966,15.67540259207865,,,
6410,-61.65732124667487,15.675400324831099,,,
6411,-61.65730999927692,15.67539805618115,,,
6412,-61.65729874803582,15.675395786128803,,,
6413,-61.65728749295158,15.675393514674065,,,
6414,-61.657276234024195,15.675391241816932,,,
6415,-61.65726497125367,15.6753889675574,,,
6416,-61.65725370463999,15.675386691895476,,,
6417,-61.65724243418316,15.675384414831152,,,
6418,-61.65723115988321,15.675382136364439,,,
6419,-61.657219881740104,15.67537985649533,,,
6420,-61.65720859975385,15.675377575223823,,,
6421,-61.657197313924456,15.675375292549921,,,
6422,-61.65718602425192,15.675373008473628,,,
6423,-61.65717473073623,15.675370722994934,,,
6424,-61.65716343337739,15.675368436113846,,,
6425,-61.65715213217543,15.675366147830367,,,
6426,-61.65714082713031,15.67536385814449,,,
6427,-61.65712951824206,15.67536156705622,,,
6428,-61.65711820551064,15.675359274565551,,,
6429,-61.65710688893609,15.675356980672488,,,
6430,-61.6570955685184,15.675354685377032,,,
6431,-61.65708424425756,15.67535238867918,,,
6432,-61.65707291615358,15.675350090578934,,,
6433,-61.65706158420645,15.675347791076291,,,
6434,-61.657050248416176,15.675345490171251,,,
6435,-61.657038908782766,15.67534318786382,,,
6436,-61.6570275653062,15.675340884153988,,,
6437,-61.65701621798649,15.675338579041764,,,
6438,-61.65700486682365,15.675336272527147,,,
6439,-61.65699351181766,15.675333964610136,,,
6440,-61.65698215296852,15.675331655290726,,,
6441,-61.65697079027623,15.675329344568922,,,
6442,-61.656959423740794,15.67532703244472,,,
6443,-61.65694805336223,15.675324718918128,,,
6444,-61.656936679140514,15.675322403989139,,,
6445,-61.65692530107565,15.675320087657752,,,
6446,-61.65691391916765,15.675317769923975,,,
6447,-61.656902533416506,15.6753154507878,,,
6448,-61.65689114382221,15.67531313024923,,,
6449,-61.65687975038477,15.67531080830826,,,
6450,-61.65686835310419,15.675308484964903,,,
6451,-61.65685695198046,15.675306160219147,,,
6452,-61.65684554701359,15.675303834070995,,,
6453,-61.65683413820358,15.675301506520452,,,
6454,-61.65682272555041,15.675299177567508,,,
6455,-61.65681130905411,15.675296847212174,,,
6456,-61.65679988871466,15.675294515454441,,,
6457,-61.65678846453206,15.675292182294314,,,
6458,-61.656777036506334,15.675289847731793,,,
6459,-61.65676560463745,15.675287511766875,,,
6460,-61.656754168925424,15.675285174399564,,,
6461,-61.656742729370244,15.675282835629854,,,
6462,-61.65673128597194,15.675280495457752,,,
6463,-61.65671983873048,15.675278153883257,,,
6464,-61.65670838764587,15.675275810906362,,,
6465,-61.65669693271812,15.675273466527074,,,
6466,-61.656685473947235,15.675271120745393,,,
6467,-61.656674011333195,15.675268773561314,,,
6468,-61.65666254487601,15.675266424974842,,,
6469,-61.65665107457569,15.675264074985972,,,
6470,-61.656639600432214,15.675261723594707,,,
6471,-61.6566281224456,15.675259370801047,,,
6472,-61.656616640615844,15.675257016604993,,,
6473,-61.65660515494294,15.675254661006544,,,
6474,-61.65659366542689,15.675252304005701,,,
6475,-61.65658217206771,15.675249945602463,,,
6476,-61.65657067486537,15.675247585796829,,,
6477,-61.656559173819886,15.675245224588796,,,
6478,-61.65654766893126,15.67524286197837,,,
6479,-61.656536160199494,15.675240497965552,,,
6480,-61.65652464762458,15.675238132550335,,,
6481,-61.65651313120652,15.675235765732726,,,
6482,-61.65650161094531,15.675233397512718,,,
6483,-61.656490086840975,15.67523102789032,,,
6484,-61.656478558893475,15.675228656865523,,,
6485,-61.65646702710284,15.675226284438331,,,
6486,-61.65645549146906,15.675223910608743,,,
6487,-61.656443951992145,15.675221535376764,,,
6488,-61.656432408672075,15.675219158742387,,,
6489,-61.656420861508856,15.675216780705615,,,
6490,-61.656409310502504,15.675214401266446,,,
6491,-61.656397755653,15.675212020424885,,,
6492,-61.65638619696035,15.675209638180927,,,
6493,-61.65637463442455,15.675207254534573,,,
6494,-61.65636306804563,15.675204869485826,,,
6495,-61.65635149782355,15.675202483034685,,,
6496,-61.65633992375833,15.675200095181149,,,
6497,-61.65632834584995,15.675197705925214,,,
6498,-61.65631676409844,15.675195315266885,,,
6499,-61.65630517850379,15.675192923206161,,,
6500,-61.65629358906598,15.675190529743041,,,
6501,-61.65628199578504,15.675188134877528,,,
6502,-61.65627039866094,15.675185738609619,,,
6503,-61.65625879769371,15.675183340939315,,,
6504,-61.65624719288334,15.675180941866618,,,
6505,-61.65623558422982,15.675178541391523,,,
6506,-61.656223971733134,15.675176139514031,,,
6507,-61.65621235539333,15.675173736234148,,,
6508,-61.656200735210376,15.67517133155187,,,
6509,-61.65618911118428,15.675168925467194,,,
6510,-61.656177483315034,15.675166517980124,,,
6511,-61.65616585160264,15.675164109090657,,,
6512,-61.65615421604711,15.675161698798798,,,
6513,-61.65614257664843,15.675159287104542,,,
6514,-61.6561309334066,15.67515687400789,,,
6515,-61.65611928632164,15.675154459508846,,,
6516,-61.65610763539353,15.675152043607405,,,
6517,-61.65609598062228,15.675149626303568,,,
6518,-61.65608432200788,15.675147207597334,,,
6519,-61.65607265955033,15.67514478748871,,,
6520,-61.65606099324964,15.675142365977685,,,
6521,-61.6560493231058,15.675139943064268,,,
6522,-61.656037649118815,15.675137518748455,,,
6523,-61.656025971288706,15.67513509303025,,,
6524,-61.65601428961545,15.675132665909649,,,
6525,-61.65600260409903,15.67513023738665,,,
6526,-61.65599091473946,15.675127807461255,,,
6527,-61.655979221536775,15.675125376133469,,,
6528,-61.655967524490926,15.675122943403286,,,
6529,-61.655955823601936,15.675120509270705,,,
6530,-61.65594411886981,15.675118073735733,,,
6531,-61.655932410294525,15.675115636798365,,,
6532,-61.65592069787612,15.675113198458602,,,
6533,-61.655908981614544,15.675110758716443,,,
6534,-61.65589726150982,15.675108317571885,,,
6535,-61.655885537561986,15.67510587502494,,,
6536,-61.65587380977098,15.675103431075593,,,
6537,-61.65586207813685,15.675100985723857,,,
6538,-61.65585034265955,15.675098538969719,,,
6539,-61.655838603339106,15.675096090813188,,,
6540,-61.65582686017555,15.675093641254264,,,
6541,-61.65581511316881,15.675091190292942,,,
6542,-61.65580336231895,15.675088737929226,,,
6543,-61.65579160762594,15.675086284163118,,,
6544,-61.6557798490898,15.675083828994616,,,
6545,-61.6557680867105,15.675081372423712,,,
6546,-61.65575632048805,15.675078914450415,,,
6547,-61.65574455042246,15.675076455074722,,,
6548,-61.65573277651373,15.675073994296637,,,
6549,-61.65572099876185,15.675071532116156,,,
6550,-61.65570921716683,15.675069068533276,,,
6551,-61.65569743172867,15.675066603548006,,,
6552,-61.65568564244737,15.675064137160343,,,
6553,-61.655673849322916,15.675061669370278,,,
6554,-61.65566205235531,15.67505920017782,,,
6555,-61.65565025154456,15.675056729582966,,,
6556,-61.655638446890684,15.675054257585721,,,
6557,-61.65562663839364,15.675051784186076,,,
6558,-61.65561482605348,15.67504930938404,,,
6559,-61.65560300987015,15.675046833179605,,,
6560,-61.65559118984369,15.675044355572778,,,
6561,-61.655579365974084,15.675041876563553,,,
6562,-61.65556753826134,15.675039396151936,,,
6563,-61.65555570670544,15.675036914337923,,,
6564,-61.65554387130639,15.675034431121512,,,
6565,-61.655532032064215,15.67503194650271,,,
6566,-61.65552018897887,15.67502946048151,,,
6567,-61.655508342050396,15.675026973057914,,,
6568,-61.65549649127878,15.675024484231926,,,
6569,-61.65548463666401,15.67502199400354,,,
6570,-61.65547277820611,15.67501950237276,,,
6571,-61.65546091590506,15.675017009339586,,,
6572,-61.65544904976086,15.675014514904014,,,
6573,-61.65543717977353,15.67501201906605,,,
6574,-61.655425305943034,15.675009521825688,,,
6575,-61.6554134282694,15.67500702318293,,,
6576,-61.655401546752636,15.675004523137783,,,
6577,-61.65538966139272,15.675002021690236,,,
6578,-61.65537777218965,15.674999518840295,,,
6579,-61.655365879143446,15.674997014587959,,,
6580,-61.655353982254084,15.674994508933226,,,
6581,-61.655342081521596,15.674992001876099,,,
6582,-61.65533017694596,15.674989493416577,,,
6583,-61.65531826852717,15.674986983554659,,,
6584,-61.65530635626525,15.67498447229035,,,
6585,-61.65529444016016,15.674981959623638,,,
6586,-61.655282520211955,15.67497944555454,,,
6587,-61.65527059642059,15.67497693008304,,,
6588,-61.65525866878609,15.67497441320915,,,
6589,-61.65524673730843,15.67497189493286,,,
6590,-61.65523480198763,15.674969375254175,,,
6591,-61.655222862823685,15.674966854173094,,,
6592,-61.65521091981661,15.674964331689624,,,
6593,-61.655198972966396,15.674961807803758,,,
6594,-61.65518702227301,15.674959282515493,,,
6595,-61.655175067736494,15.674956755824832,,,
6596,-61.655163109356835,15.67495422773178,,,
6597,-61.65515114713403,15.67495169823633,,,
6598,-61.65513918106807,15.674949167338482,,,
6599,-61.65512721115897,15.674946635038243,,,
6600,-61.65511523740673,15.674944101335608,,,
6601,-61.65510325981137,15.674941566230581,,,
6602,-61.65509127837283,15.674939029723154,,,
6603,-61.655079293091156,15.674936491813334,,,
6604,-61.65506730396635,15.67493395250112,,,
6605,-61.655055310998385,15.674931411786508,,,
6606,-61.65504331418727,15.6749288696695,,,
6607,-61.65503131353302,15.674926326150102,,,
6608,-61.65501930903562,15.674923781228305,,,
6609,-61.6550073006951,15.674921234904115,,,
6610,-61.65499528851141,15.674918687177527,,,
6611,-61.65498327248458,15.674916138048545,,,
6612,-61.65497125261461,15.67491358751717,,,
6613,-61.6549592289015,15.674911035583397,,,
6614,-61.65494720134524,15.67490848224723,,,
6615,-61.65493516994583,15.674905927508668,,,
6616,-61.654923134703274,15.674903371367709,,,
6617,-61.65491109561759,15.674900813824358,,,
6618,-61.65489905268875,15.67489825487861,,,
6619,-61.65488700591676,15.674895694530466,,,
6620,-61.654874955301636,15.674893132779928,,,
6621,-61.654862900843376,15.674890569626998,,,
6622,-61.654850842541954,15.674888005071669,,,
6623,-61.65483878039739,15.674885439113943,,,
6624,-61.65482671440968,15.674882871753823,,,
6625,-61.65481464457884,15.67488030299131,,,
6626,-61.65480257090485,15.6748777328264,,,
6627,-61.6547904933877,15.674875161259095,,,
6628,-61.654778412027426,15.674872588289396,,,
6629,-61.654766326824,15.674870013917305,,,
6630,-61.65475423777743,15.674867438142813,,,
6631,-61.65474214488771,15.674864860965927,,,
6632,-61.65473004815486,15.674862282386648,,,
6633,-61.65471794757885,15.674859702404973,,,
6634,-61.654705843159704,15.674857121020903,,,
6635,-61.654693734897414,15.674854538234438,,,
6636,-61.65468162279197,15.674851954045575,,,
6637,-61.6546695068434,15.674849368454323,,,
6638,-61.65465738705167,15.674846781460671,,,
6639,-61.654645263416796,15.674844193064622,,,
6640,-61.65463313593879,15.674841603266183,,,
6641,-61.65462100461762,15.674839012065346,,,
6642,-61.65460886945333,15.674836419462116,,,
6643,-61.654596730445874,15.674833825456487,,,
6644,-61.65458458759528,15.674831230048465,,,
6645,-61.65457244090155,15.67482863323805,,,
6646,-61.654560290364664,15.674826035025237,,,
6647,-61.65454813598464,15.674823435410028,,,
6648,-61.654535977761476,15.674820834392426,,,
6649,-61.65452381569517,15.67481823197243,,,
6650,-61.65451164978571,15.674815628150036,,,
6651,-61.6544994800331,15.674813022925248,,,
6652,-61.65448730643735,15.674810416298063,,,
6653,-61.65447512899846,15.674807808268486,,,
6654,-61.654462947716425,15.674805198836511,,,
6655,-61.65445076259124,15.674802588002143,,,
6656,-61.65443857362292,15.67479997576538,,,
6657,-61.65442638081146,15.674797362126222,,,
6658,-61.65441418415685,15.674794747084668,,,
6659,-61.65440198365908,15.674792130640716,,,
6660,-61.654389779318166,15.67478951279437,,,
6661,-61.65437757113413,15.674786893545631,,,
6662,-61.65436535910693,15.674784272894495,,,
6663,-61.65435314323662,15.674781650840968,,,
6664,-61.65434092352313,15.674779027385043,,,
6665,-61.65432869996651,15.674776402526724,,,
6666,-61.65431647256674,15.674773776266006,,,
6667,-61.65430424132382,15.674771148602895,,,
6668,-61.65429200623776,15.674768519537388,,,
6669,-61.65427976730856,15.674765889069487,,,
6670,-61.65426752453623,15.674763257199196,,,
6671,-61.65425527792073,15.6747606239265,,,
6672,-61.65424302746209,15.674757989251415,,,
6673,-61.65423077316032,15.674755353173932,,,
6674,-61.654218515015394,15.674752715694055,,,
6675,-61.65420625302732,15.674750076811783,,,
6676,-61.654193987196116,15.674747436527117,,,
6677,-61.65418171752175,15.674744794840052,,,
6678,-61.65416944400426,15.674742151750598,,,
6679,-61.654157166643614,15.674739507258742,,,
6680,-61.65414488543982,15.674736861364496,,,
6681,-61.6541326003929,15.674734214067856,,,
6682,-61.65412031150281,15.674731565368816,,,
6683,-61.654108018769584,15.67472891526738,,,
6684,-61.65409572219322,15.674726263763553,,,
6685,-61.654083421773706,15.674723610857328,,,
6686,-61.65407111751105,15.674720956548711,,,
6687,-61.65405880940526,15.674718300837696,,,
6688,-61.65404649745631,15.674715643724287,,,
6689,-61.65403418166422,15.674712985208483,,,
6690,-61.65402186202899,15.674710325290285,,,
6691,-61.65400953855062,15.674707663969691,,,
6692,-61.65399721122909,15.6747050012467,,,
6693,-61.65398488006442,15.674702337121314,,,
6694,-61.65397254505661,15.674699671593535,,,
6695,-61.65396020620565,15.67469700466336,,,
6696,-61.653947863511554,15.674694336330788,,,
6697,-61.65393551697431,15.674691666595823,,,
6698,-61.653923166593934,15.674688995458466,,,
6699,-61.65391081237039,15.674686322918706,,,
6700,-61.65389845430371,15.674683648976554,,,
6701,-61.65388609239389,15.674680973632011,,,
6702,-61.65387372664093,15.67467829688507,,,
6703,-61.65386135704481,15.67467561873573,,,
6704,-61.653848983605556,15.674672939183997,,,
6705,-61.65383660632316,15.674670258229872,,,
6706,-61.653824225197624,15.674667575873352,,,
6707,-61.65381184022894,15.674664892114436,,,
6708,-61.6537994514171,15.674662206953121,,,
6709,-61.65378705876213,15.674659520389415,,,
6710,-61.653774662264006,15.674656832423311,,,
6711,-61.65376226192273,15.674654143054811,,,
6712,-61.65374985773833,15.674651452283921,,,
6713,-61.65373744971078,15.674648760110632,,,
6714,-61.653725037840076,15.674646066534951,,,
6715,-61.65371262212623,15.67464337155687,,,
6716,-61.65370020256925,15.674640675176395,,,
6717,-61.65368777916912,15.674637977393528,,,
6718,-61.65367535192584,15.674635278208264,,,
6719,-61.65366292083943,15.674632577620606,,,
6720,-61.653650485909864,15.67462987563055,,,
6721,-61.65363804713714,15.6746271722381,,,
6722,-61.65362560452129,15.674624467443255,,,
6723,-61.6536131580623,15.674621761246017,,,
6724,-61.65360070776015,15.67461905364638,,,
6725,-61.65358825361487,15.674616344644352,,,
6726,-61.653575795626445,15.674613634239929,,,
6727,-61.653563333794864,15.674610922433105,,,
6728,-61.65355086812014,15.674608209223889,,,
6729,-61.65353839860227,15.674605494612278,,,
6730,-61.653525925241276,15.674602778598274,,,
6731,-61.65351344803712,15.674600061181872,,,
6732,-61.65350096698981,15.674597342363073,,,
6733,-61.65348848209938,15.674594622141884,,,
6734,-61.653475993365795,15.6745919005183,,,
6735,-61.653463500789066,15.674589177492317,,,
6736,-61.65345100436919,15.674586453063938,,,
6737,-61.653438504106155,15.674583727233166,,,
6738,-61.653426,15.674581,,,
