1,-61.59572712239011,15.217026089615723,,17.448119015513036,17.448119015513036,3,A
2,-61.59572712239011,15.217049315585719,,19.038650120058232,19.038650120058232,3,A
3,-61.5957271223901,15.217072541555714,,14.803094649905615,14.803094649905615,3,A
4,-61.5957271223901,15.217095767525707,,15.668986119587599,15.668986119587599,3,A
5,-61.5957271223901,15.217118993495705,,12.212071409558739,12.212071409558739,3,A
6,-61.59572712239011,15.217142219465698,,15.740615038650864,15.740615038650864,3,A
7,-61.5957271223901,15.217165445435693,,19.460636942582138,19.460636942582138,3,A
8,-61.59572712239011,15.217188671405689,,14.700114167914508,14.700114167914508,3,A
9,-61.5957271223901,15.217211897375684,,17.029484704048002,17.029484704048002,3,A
10,-61.59572712239011,15.217235123345677,,10.232357154321924,10.232357154321924,3,A
11,-61.5957271223901,15.217258349315673,,9.004445232390314,9.004445232390314,3,A
12,-61.5957271223901,15.21728157528567,,16.43412175508168,16.43412175508168,3,A
13,-61.5957271223901,15.217304801255663,,13.972176306098191,13.972176306098191,3,A
14,-61.5957271223901,15.217328027225658,,18.507247638114176,18.507247638114176,3,A
15,-61.59572712239011,15.217351253195654,,14.401737996920135,14.401737996920135,3,A
16,-61.5957271223901,15.217374479165649,,14.89393180391091,14.89393180391091,3,A
17,-61.5957271223901,15.217397705135642,,13.306127326336433,13.306127326336433,3,A
18,-61.595727122390095,15.217420931105638,,13.51928729203209,13.51928729203209,3,A
19,-61.59572712239011,15.217444157075635,,22.157743634850572,22.157743634850572,3,A
20,-61.5957271223901,15.217467383045628,,13.289806956931903,13.289806956931903,3,A
21,-61.5957271223901,15.217490609015623,,13.56923655486023,13.56923655486023,3,A
22,-61.595727122390095,15.217513834985617,,16.225910351796692,16.225910351796692,3,A
23,-61.59572712239011,15.217537060955612,,13.456537788405878,13.456537788405878,3,A
24,-61.5957271223901,15.217560286925607,,12.43758137217224,12.43758137217224,3,A
25,-61.5957271223901,15.217583512895601,,12.834068379206826,12.834068379206826,3,A
26,-61.5957271223901,15.217606738865598,,12.587999197552369,12.587999197552369,3,A
27,-61.5957271223901,15.217629964835591,,14.154876008087754,14.154876008087754,3,A
28,-61.5957271223901,15.217653190805587,,18.93021021211324,18.93021021211324,3,A
29,-61.5957271223901,15.21767641677558,,14.21115638457569,14.21115638457569,3,A
30,-61.5957271223901,15.217699642745577,,13.17091671890141,13.17091671890141,3,A
31,-61.5957271223901,15.21772286871557,,16.46102266401718,16.46102266401718,3,A
32,-61.5957271223901,15.217746094685566,,15.07491918357485,15.07491918357485,3,A
33,-61.59572712239011,15.217769320655563,,16.593401157163875,16.593401157163875,3,A
34,-61.5957271223901,15.217792546625557,,13.906404548569167,13.906404548569167,3,A
35,-61.5957271223901,15.217815772595552,,15.164585675050027,15.164585675050027,3,A
36,-61.5957271223901,15.217838998565545,,18.268815831420685,18.268815831420685,3,A
37,-61.59572712239011,15.217862224535542,,12.632441396018454,12.632441396018454,3,A
38,-61.5957271223901,15.217885450505536,,12.643577854805134,12.643577854805134,3,A
39,-61.5957271223901,15.217908676475531,,11.93757740495866,11.93757740495866,3,A
40,-61.5957271223901,15.217931902445528,,12.712376369038271,12.712376369038271,3,A
41,-61.59572712239011,15.217955128415522,,14.853572576087608,14.853572576087608,3,A
42,-61.5957271223901,15.217978354385517,,15.24984662507121,15.24984662507121,3,A
43,-61.5957271223901,15.21800158035551,,12.83904367214753,12.83904367214753,3,A
44,-61.5957271223901,15.218024806325507,,16.603057959881955,16.603057959881955,3,A
45,-61.59572712239011,15.218048032295501,,21.224129501625303,21.224129501625303,3,A
46,-61.5957271223901,15.218071258265496,,10.548487241449594,10.548487241449594,3,A
47,-61.5957271223901,15.218094484235491,,13.838906503734117,13.838906503734117,3,A
48,-61.5957271223901,15.218117710205487,,20.40061521048652,20.40061521048652,3,A
49,-61.59572712239011,15.218140936175482,,19.40876974802293,19.40876974802293,3,A
50,-61.5957271223901,15.218164162145476,,16.637388569141276,16.637388569141276,3,A
51,-61.59572712239011,15.218187388115473,,18.404593842463647,18.404593842463647,3,A
52,-61.5957271223901,15.218210614085466,,18.66695977827246,18.66695977827246,3,A
53,-61.5957271223901,15.218233840055461,,11.649547050183884,11.649547050183884,3,A
54,-61.5957271223901,15.218257066025455,,18.550090454385998,18.550090454385998,3,A
55,-61.59572712239011,15.218280291995452,,18.80302592334369,18.80302592334369,3,A
56,-61.5957271223901,15.218303517965447,,12.923194759764218,12.923194759764218,3,A
57,-61.5957271223901,15.21832674393544,,12.103885248419477,12.103885248419477,3,A
58,-61.59572712239011,15.218349969905438,,18.003759150757837,18.003759150757837,3,A
59,-61.59572712239011,15.218373195875431,,16.22956577716995,16.22956577716995,3,A
60,-61.5957271223901,15.218396421845426,,13.909737294059221,13.909737294059221,3,A
61,-61.5957271223901,15.21841964781542,,14.036487555014,14.036487555014,3,A
62,-61.5957271223901,15.218442873785417,,12.650779717195839,12.650779717195839,3,A
63,-61.59572712239011,15.218466099755412,,20.563716349025334,20.563716349025334,3,A
64,-61.5957271223901,15.218489325725406,,12.817242788056925,12.817242788056925,3,A
65,-61.5957271223901,15.218512551695403,,13.924747973896086,13.924747973896086,3,A
66,-61.5957271223901,15.218535777665396,,9.838480198128153,9.838480198128153,3,A
67,-61.5957271223901,15.218559003635391,,17.991985321320605,17.991985321320605,3,A
68,-61.5957271223901,15.218582229605385,,15.732478178823067,15.732478178823067,3,A
69,-61.5957271223901,15.218605455575382,,20.919373485982174,20.919373485982174,3,A
70,-61.5957271223901,15.218628681545376,,14.856748607820707,14.856748607820707,3,A
71,-61.5957271223901,15.21865190751537,,13.278071421697664,13.278071421697664,3,A
72,-61.5957271223901,15.218675133485366,,14.507781055821615,14.507781055821615,3,A
73,-61.5957271223901,15.218698359455361,,18.01331576102207,18.01331576102207,3,A
74,-61.5957271223901,15.218721585425357,,17.917504370230443,17.917504370230443,3,A
75,-61.5957271223901,15.21874481139535,,18.776752418389208,18.776752418389208,3,A
76,-61.59572712239011,15.218768037365347,,15.331471813339796,15.331471813339796,3,A
77,-61.5957271223901,15.21879126333534,,17.032786864374142,17.032786864374142,3,A
78,-61.5957271223901,15.218814489305336,,15.246306784534669,15.246306784534669,3,A
79,-61.595727122390095,15.218837715275331,,15.183973519394574,15.183973519394574,3,A
80,-61.59572712239011,15.218860941245326,,15.700238518644296,15.700238518644296,3,A
81,-61.5957271223901,15.218884167215322,,19.785731124665958,19.785731124665958,3,A
82,-61.5957271223901,15.218907393185315,,18.70194738322364,18.70194738322364,3,A
83,-61.5957271223901,15.218930619155312,,9.10412882465555,9.10412882465555,3,A
84,-61.59572712239011,15.218953845125306,,13.111120362315422,13.111120362315422,3,A
85,-61.5957271223901,15.218977071095301,,13.565985210190716,13.565985210190716,3,A
86,-61.5957271223901,15.219000297065296,,10.274471782796752,10.274471782796752,3,A
87,-61.5957271223901,15.219023523035291,,15.734488676417318,15.734488676417318,3,A
88,-61.5957271223901,15.219046749005287,,18.0645268834103,18.0645268834103,3,A
89,-61.5957271223901,15.21906997497528,,18.177274503413614,18.177274503413614,3,A
90,-61.59572712239011,15.219093200945277,,12.98727729186484,12.98727729186484,3,A
91,-61.5957271223901,15.21911642691527,,17.675998500558194,17.675998500558194,3,A
92,-61.5957271223901,15.219139652885266,,17.465555125637117,17.465555125637117,3,A
93,-61.5957271223901,15.219162878855261,,16.99104577135024,16.99104577135024,3,A
94,-61.59572712239011,15.219186104825257,,15.250778818342546,15.250778818342546,3,A
95,-61.5957271223901,15.219209330795252,,12.509823359988568,12.509823359988568,3,A
96,-61.5957271223901,15.219232556765245,,12.731956242507625,12.731956242507625,3,A
97,-61.5957271223901,15.21925578273524,,18.714449937567334,18.714449937567334,3,A
98,-61.59572712239011,15.219279008705236,,15.931049011173695,15.931049011173695,3,A
99,-61.5957271223901,15.219302234675231,,15.530976186969578,15.530976186969578,3,A
100,-61.5957271223901,15.219325460645226,,16.93579238650261,16.93579238650261,3,A
101,-61.5957271223901,15.21934868661522,,13.842994556125102,13.842994556125102,3,A
102,-61.59572712239011,15.219371912585217,,18.982927041609475,18.982927041609475,3,A
103,-61.5957271223901,15.21939513855521,,17.223324610240443,17.223324610240443,3,A
104,-61.5957271223901,15.219418364525206,,18.194716982554226,18.194716982554226,3,A
105,-61.5957271223901,15.2194415904952,,12.627476930942802,12.627476930942802,3,A
106,-61.59572712239011,15.219464816465194,,15.064530371010708,15.064530371010708,3,A
107,-61.5957271223901,15.219488042435188,,20.396436072201286,20.396436072201286,3,A
108,-61.59572712239011,15.219511268405185,,17.79218035918172,17.79218035918172,3,A
109,-61.5957271223901,15.21953449437518,,20.217451362010767,20.217451362010767,3,A
110,-61.59572712239011,15.219557720345174,,16.136797320478824,16.136797320478824,3,A
111,-61.5957271223901,15.219580946315169,,14.60154263287472,14.60154263287472,3,A
112,-61.59572712239011,15.219604172285164,,10.402490250707702,10.402490250707702,3,A
113,-61.5957271223901,15.21962739825516,,18.835486455159767,18.835486455159767,3,A
114,-61.5957271223901,15.219650624225153,,20.134256294573934,20.134256294573934,3,A
115,-61.59572712239011,15.21967385019515,,14.3710088691755,14.3710088691755,3,A
116,-61.59572712239011,15.219697076165145,,16.165009980146202,16.165009980146202,3,A
117,-61.5957271223901,15.219720302135139,,15.325486800242787,15.325486800242787,3,A
118,-61.5957271223901,15.219743528105134,,13.584011846160674,13.584011846160674,3,A
119,-61.59572712239011,15.21976675407513,,9.950254421497906,9.950254421497906,3,A
120,-61.5957271223901,15.219789980045125,,9.593792887172636,9.593792887172636,3,A
121,-61.5957271223901,15.219813206015118,,17.456654315862416,17.456654315862416,3,A
122,-61.595727122390095,15.219836431985113,,17.018189753404933,17.018189753404933,3,A
123,-61.59572712239011,15.21985965795511,,12.791685234949934,12.791685234949934,3,A
124,-61.5957271223901,15.219882883925104,,12.932684045119396,12.932684045119396,3,A
125,-61.5957271223901,15.2199061098951,,15.792661401874403,15.792661401874403,3,A
126,-61.5957271223901,15.219929335865094,,16.113864831855114,16.113864831855114,3,A
127,-61.5957271223901,15.21995256183509,,17.11386134991225,17.11386134991225,3,A
128,-61.5957271223901,15.219975787805083,,18.675052025847506,18.675052025847506,3,A
129,-61.5957271223901,15.219999013775078,,15.873735672148522,15.873735672148522,3,A
130,-61.5957271223901,15.220022239745076,,17.080548481396367,17.080548481396367,3,A
131,-61.5957271223901,15.220045465715069,,16.24254581331025,16.24254581331025,3,A
132,-61.5957271223901,15.220068691685064,,12.982122619152364,12.982122619152364,3,A
133,-61.59572712239011,15.22009191765506,,11.033718975005105,11.033718975005105,3,A
134,-61.5957271223901,15.220115143625055,,13.957039471861949,13.957039471861949,3,A
135,-61.5957271223901,15.220138369595048,,17.831129232226047,17.831129232226047,3,A
136,-61.5957271223901,15.220161595565044,,14.541937105743141,14.541937105743141,3,A
137,-61.59572712239011,15.220184821535039,,13.692368765146448,13.692368765146448,3,A
138,-61.5957271223901,15.220208047505034,,15.761137751422265,15.761137751422265,3,A
139,-61.5957271223901,15.22023127347503,,13.129514708279952,13.129514708279952,3,A
140,-61.5957271223901,15.220254499445025,,13.038310060705982,13.038310060705982,3,A
141,-61.59572712239011,15.22027772541502,,10.024205523372416,10.024205523372416,3,A
142,-61.5957271223901,15.220300951385013,,16.170838563520757,16.170838563520757,3,A
143,-61.5957271223901,15.220324177355009,,10.949135830123577,10.949135830123577,3,A
144,-61.5957271223901,15.220347403325004,,12.812408793726117,12.812408793726117,3,A
145,-61.59572712239011,15.220370629295,,10.33623850215799,10.33623850215799,3,A
146,-61.5957271223901,15.220393855264994,,10.518333771624302,10.518333771624302,3,A
147,-61.5957271223901,15.220417081234988,,13.450856404827293,13.450856404827293,3,A
148,-61.5957271223901,15.220440307204985,,10.388395853829788,10.388395853829788,3,A
149,-61.59572712239011,15.220463533174978,,16.27365980360742,16.27365980360742,3,A
150,-61.5957271223901,15.220486759144974,,12.134694699225296,12.134694699225296,3,A
151,-61.59572712239011,15.220509985114969,,15.5035544329933,15.5035544329933,3,A
152,-61.5957271223901,15.220533211084964,,11.62578467669233,11.62578467669233,3,A
153,-61.5957271223901,15.22055643705496,,16.52672826828131,16.52672826828131,3,A
154,-61.5957271223901,15.220579663024953,,11.862057110504985,11.862057110504985,3,A
155,-61.59572712239011,15.22060288899495,,18.499160290805936,18.499160290805936,3,A
156,-61.5957271223901,15.220626114964944,,15.656615980248729,15.656615980248729,3,A
157,-61.5957271223901,15.220649340934939,,14.559223828119968,14.559223828119968,3,A
158,-61.59572712239011,15.220672566904934,,17.569515162927463,17.569515162927463,3,A
159,-61.59572712239011,15.22069579287493,,12.701345292144726,12.701345292144726,3,A
160,-61.5957271223901,15.220719018844925,,16.77712169704486,16.77712169704486,3,A
161,-61.5957271223901,15.220742244814918,,17.423378507763797,17.423378507763797,3,A
162,-61.59572712239011,15.220765470784915,,16.300753240170256,16.300753240170256,3,A
163,-61.59572712239011,15.220788696754909,,16.35557927115788,16.35557927115788,3,A
164,-61.5957271223901,15.220811922724904,,14.503464945579875,14.503464945579875,3,A
165,-61.59572712239011,15.2208351486949,,14.132241885888218,14.132241885888218,3,A
166,-61.5957271223901,15.220858374664894,,14.887062553750866,14.887062553750866,3,A
167,-61.59572712239011,15.220881600634888,,19.477464020696413,19.477464020696413,3,A
168,-61.5957271223901,15.220904826604883,,16.548554222579398,16.548554222579398,3,A
169,-61.5957271223901,15.22092805257488,,11.775390227118574,11.775390227118574,3,A
170,-61.5957271223901,15.220951278544874,,16.03996816887779,16.03996816887779,3,A
171,-61.5957271223901,15.220974504514869,,16.90208567004779,16.90208567004779,3,A
172,-61.5957271223901,15.220997730484862,,9.778396917875929,9.778396917875929,3,A
173,-61.5957271223901,15.22102095645486,,16.65598314872678,16.65598314872678,3,A
174,-61.5957271223901,15.221044182424855,,17.21127770746902,17.21127770746902,3,A
175,-61.5957271223901,15.221067408394848,,19.229657677403907,19.229657677403907,3,A
176,-61.59572712239011,15.221090634364845,,9.975978823993739,9.975978823993739,3,A
177,-61.5957271223901,15.221113860334839,,21.978990636277654,21.978990636277654,3,A
178,-61.5957271223901,15.221137086304834,,17.129958216752353,17.129958216752353,3,A
179,-61.5957271223901,15.221160312274828,,18.582093439692883,18.582093439692883,3,A
180,-61.59572712239011,15.221183538244825,,17.02433943902874,17.02433943902874,3,A
181,-61.5957271223901,15.221206764214818,,18.07760268007809,18.07760268007809,3,A
182,-61.5957271223901,15.221229990184813,,17.0900121030975,17.0900121030975,3,A
183,-61.5957271223901,15.221253216154809,,17.98003069320132,17.98003069320132,3,A
184,-61.5957271223901,15.221276442124802,,18.778421127177367,18.778421127177367,3,A
185,-61.5957271223901,15.221299668094797,,12.47154997190642,12.47154997190642,3,A
186,-61.5957271223901,15.22132289406479,,13.516292035564843,13.516292035564843,3,A
187,-61.5957271223901,15.221346120034788,,19.462385721874654,19.462385721874654,3,A
188,-61.5957271223901,15.221369346004781,,11.542969299043998,11.542969299043998,3,A
189,-61.5957271223901,15.221392571974777,,17.386169896376604,17.386169896376604,3,A
190,-61.59572712239011,15.221415797944772,,16.330429734446177,16.330429734446177,3,A
191,-61.5957271223901,15.221439023914767,,17.760021008935816,17.760021008935816,3,A
192,-61.5957271223901,15.221462249884762,,11.666301075943284,11.666301075943284,3,A
193,-61.5957271223901,15.221485475854756,,15.17975816122722,15.17975816122722,3,A
194,-61.59572712239011,15.221508701824753,,16.349047727408678,16.349047727408678,3,A
195,-61.5957271223901,15.221531927794747,,14.514989117571673,14.514989117571673,3,A
196,-61.5957271223901,15.221555153764742,,12.662194777495383,12.662194777495383,3,A
197,-61.5957271223901,15.221578379734737,,16.375360088902795,16.375360088902795,3,A
198,-61.59572712239011,15.221601605704732,,20.419910152797033,20.419910152797033,3,A
199,-61.5957271223901,15.221624831674728,,13.81423023198127,13.81423023198127,3,A
200,-61.5957271223901,15.221648057644721,,14.473879970009138,14.473879970009138,3,A
201,-61.5957271223901,15.221671283614718,,8.950208658965842,8.950208658965842,3,A
202,-61.59572712239011,15.221694509584712,,19.91995259226659,19.91995259226659,3,A
203,-61.5957271223901,15.221717735554707,,17.800622718851237,17.800622718851237,3,A
204,-61.5957271223901,15.221740961524702,,18.70929227299021,18.70929227299021,3,A
205,-61.5957271223901,15.221764187494697,,13.644941693440405,13.644941693440405,3,A
206,-61.59572712239011,15.221787413464693,,14.242859014784779,14.242859014784779,3,A
207,-61.5957271223901,15.221810639434686,,16.317217154293843,16.317217154293843,3,A
208,-61.59572712239011,15.221833865404683,,13.91966728604681,13.91966728604681,3,A
209,-61.5957271223901,15.221857091374677,,15.087763425889221,15.087763425889221,3,A
210,-61.5957271223901,15.221880317344672,,11.076078256616197,11.076078256616197,3,A
211,-61.5957271223901,15.221903543314667,,11.898555191695207,11.898555191695207,3,A
212,-61.59572712239011,15.221926769284662,,15.922515974900566,15.922515974900566,3,A
213,-61.5957271223901,15.221949995254658,,12.47442336723357,12.47442336723357,3,A
214,-61.5957271223901,15.221973221224651,,17.29922471178299,17.29922471178299,3,A
215,-61.59572712239011,15.221996447194648,,13.34799108764107,13.34799108764107,3,A
216,-61.59572712239011,15.222019673164642,,20.225851733326166,20.225851733326166,3,A
217,-61.5957271223901,15.222042899134637,,18.608538885091086,18.608538885091086,3,A
218,-61.5957271223901,15.22206612510463,,10.54712877130075,10.54712877130075,3,A
219,-61.59572712239011,15.222089351074628,,15.96301180947141,15.96301180947141,3,A
220,-61.59572712239011,15.222112577044623,,18.50845016962278,18.50845016962278,3,A
221,-61.5957271223901,15.222135803014616,,18.96431351248772,18.96431351248772,3,A
222,-61.5957271223901,15.222159028984612,,17.94925001259843,17.94925001259843,3,A
223,-61.5957271223901,15.222182254954607,,16.686451015483883,16.686451015483883,3,A
224,-61.5957271223901,15.222205480924602,,15.195125659394309,15.195125659394309,3,A
225,-61.5957271223901,15.222228706894596,,11.268214031542392,11.268214031542392,3,A
226,-61.5957271223901,15.222251932864593,,11.837585733702426,11.837585733702426,3,A
227,-61.5957271223901,15.222275158834588,,19.49436302016849,19.49436302016849,3,A
228,-61.5957271223901,15.222298384804581,,12.269763544869498,12.269763544869498,3,A
229,-61.5957271223901,15.222321610774577,,12.929249528721398,12.929249528721398,3,A
230,-61.5957271223901,15.222344836744572,,17.609345990653516,17.609345990653516,3,A
231,-61.5957271223901,15.222368062714567,,13.950187951389076,13.950187951389076,3,A
232,-61.5957271223901,15.22239128868456,,15.353596296397635,15.353596296397635,3,A
233,-61.59572712239011,15.222414514654558,,13.517650983418353,13.517650983418353,3,A
234,-61.5957271223901,15.222437740624551,,19.914362487572262,19.914362487572262,3,A
235,-61.5957271223901,15.222460966594547,,20.098358318865703,20.098358318865703,3,A
236,-61.5957271223901,15.222484192564542,,9.391914777116257,9.391914777116257,3,A
237,-61.59572712239011,15.222507418534537,,18.05288386387852,18.05288386387852,3,A
238,-61.5957271223901,15.222530644504532,,13.892365845703804,13.892365845703804,3,A
239,-61.5957271223901,15.222553870474526,,22.281004756633614,22.281004756633614,3,A
240,-61.5957271223901,15.222577096444523,,8.687207916449845,8.687207916449845,3,A
241,-61.59572712239011,15.222600322414518,,13.108030596041434,13.108030596041434,3,A
242,-61.5957271223901,15.222623548384512,,23.280523834677922,23.280523834677922,3,A
243,-61.5957271223901,15.222646774354505,,14.929442770528771,14.929442770528771,3,A
244,-61.5957271223901,15.222670000324502,,14.841145176352303,14.841145176352303,3,A
245,-61.59572712239011,15.222693226294497,,16.399493390467512,16.399493390467512,3,A
246,-61.5957271223901,15.22271645226449,,19.666768629528022,19.666768629528022,3,A
247,-61.5957271223901,15.222739678234486,,17.900731341565375,17.900731341565375,3,A
248,-61.5957271223901,15.222762904204481,,14.919605315767052,14.919605315767052,3,A
249,-61.5957271223901,15.222786130174477,,16.06526509141483,16.06526509141483,3,A
250,-61.5957271223901,15.22280935614447,,15.069545377093549,15.069545377093549,3,A
251,-61.59572712239011,15.222832582114467,,14.82080404950667,14.82080404950667,3,A
252,-61.5957271223901,15.222855808084462,,11.726920213260748,11.726920213260748,3,A
253,-61.5957271223901,15.222879034054456,,13.89921636883753,13.89921636883753,3,A
254,-61.5957271223901,15.222902260024451,,18.57117352025677,18.57117352025677,3,A
255,-61.59572712239011,15.222925485994447,,16.44911735057342,16.44911735057342,3,A
256,-61.5957271223901,15.222948711964442,,13.172339580464822,13.172339580464822,3,A
257,-61.5957271223901,15.222971937934435,,19.442207661360236,19.442207661360236,3,A
258,-61.59572712239011,15.222995163904432,,17.699422665513985,17.699422665513985,3,A
259,-61.59572712239011,15.223018389874428,,17.58163921152245,17.58163921152245,3,A
260,-61.5957271223901,15.223041615844421,,17.492211519752072,17.492211519752072,3,A
261,-61.5957271223901,15.223064841814416,,13.585283661025056,13.585283661025056,3,A
262,-61.5957271223901,15.22308806778441,,14.413664687273346,14.413664687273346,3,A
263,-61.59572712239011,15.223111293754405,,20.843494339437456,20.843494339437456,3,A
264,-61.5957271223901,15.2231345197244,,15.693992897726885,15.693992897726885,3,A
265,-61.59572712239011,15.223157745694396,,16.944047390711074,16.944047390711074,3,A
266,-61.5957271223901,15.22318097166439,,15.411420384363241,15.411420384363241,3,A
267,-61.5957271223901,15.223204197634384,,11.631639260639343,11.631639260639343,3,A
268,-61.5957271223901,15.22322742360438,,21.23649444439859,21.23649444439859,3,A
269,-61.59572712239011,15.223250649574375,,17.683877117053836,17.683877117053836,3,A
270,-61.5957271223901,15.22327387554437,,16.691953500134296,16.691953500134296,3,A
271,-61.5957271223901,15.223297101514364,,13.28046041085858,13.28046041085858,3,A
272,-61.5957271223901,15.223320327484359,,16.482336628111124,16.482336628111124,3,A
273,-61.59572712239011,15.223343553454356,,18.204632955247725,18.204632955247725,3,A
274,-61.5957271223901,15.22336677942435,,13.571989483764533,13.571989483764533,3,A
275,-61.5957271223901,15.223390005394345,,18.473314607253712,18.473314607253712,3,A
276,-61.59572712239011,15.22341323136434,,18.11710338828562,18.11710338828562,3,A
277,-61.5957271223901,15.223436457334335,,19.06379174623172,19.06379174623172,3,A
278,-61.5957271223901,15.223459683304329,,14.603139088999967,14.603139088999967,3,A
279,-61.595727122390095,15.223482909274324,,17.167648156938036,17.167648156938036,3,A
280,-61.5957271223901,15.223506135244321,,17.613914665915587,17.613914665915587,3,A
281,-61.5957271223901,15.223529361214315,,16.020189001560137,16.020189001560137,3,A
282,-61.5957271223901,15.22355258718431,,13.824453784629291,13.824453784629291,3,A
283,-61.5957271223901,15.223575813154305,,17.128140062471417,17.128140062471417,3,A
284,-61.5957271223901,15.2235990391243,,10.318626820096421,10.318626820096421,3,A
285,-61.5957271223901,15.223622265094294,,14.638981155073427,14.638981155073427,3,A
286,-61.5957271223901,15.223645491064289,,14.084565788321626,14.084565788321626,3,A
287,-61.5957271223901,15.223668717034286,,12.169296336936082,12.169296336936082,3,A
288,-61.5957271223901,15.22369194300428,,18.8041790109217,18.8041790109217,3,A
289,-61.5957271223901,15.223715168974275,,13.083902733322628,13.083902733322628,3,A
290,-61.59572712239011,15.22373839494427,,14.004174938774549,14.004174938774549,3,A
291,-61.5957271223901,15.223761620914265,,16.86290478517518,16.86290478517518,3,A
292,-61.5957271223901,15.223784846884259,,11.489901350485418,11.489901350485418,3,A
293,-61.5957271223901,15.223808072854254,,15.549598925286453,15.549598925286453,3,A
294,-61.59572712239011,15.223831298824251,,13.43840816432616,13.43840816432616,3,A
295,-61.5957271223901,15.223854524794245,,13.261202195738747,13.261202195738747,3,A
296,-61.5957271223901,15.223877750764238,,17.67623806412282,17.67623806412282,3,A
297,-61.5957271223901,15.223900976734233,,15.04645675934103,15.04645675934103,3,A
298,-61.59572712239011,15.22392420270423,,15.824666083865035,15.824666083865035,3,A
299,-61.5957271223901,15.223947428674224,,16.723297289532134,16.723297289532134,3,A
300,-61.5957271223901,15.22397065464422,,15.357631209074704,15.357631209074704,3,A
301,-61.5957271223901,15.223993880614215,,25.8220690565835,25.8220690565835,3,A
302,-61.59572712239011,15.22401710658421,,15.895282845624127,15.895282845624127,3,A
303,-61.5957271223901,15.224040332554205,,14.725225854935326,14.725225854935326,3,A
304,-61.5957271223901,15.224063558524199,,16.88266183676113,16.88266183676113,3,A
305,-61.5957271223901,15.224086784494196,,12.171518571585944,12.171518571585944,3,A
306,-61.5957271223901,15.224110010464189,,13.724652691464193,13.724652691464193,3,A
307,-61.5957271223901,15.224133236434184,,13.48251841723126,13.48251841723126,3,A
308,-61.59572712239011,15.224156462404181,,11.647015504758954,11.647015504758954,3,A
309,-61.5957271223901,15.224179688374175,,13.98513765606897,13.98513765606897,3,A
310,-61.5957271223901,15.224202914344168,,20.262022202147694,20.262022202147694,3,A
311,-61.5957271223901,15.224226140314164,,16.360718961387246,16.360718961387246,3,A
312,-61.59572712239011,15.22424936628416,,18.052608781062,18.052608781062,3,A
313,-61.5957271223901,15.224272592254154,,16.36263862232712,16.36263862232712,3,A
314,-61.5957271223901,15.22429581822415,,23.315042200894585,23.315042200894585,3,A
315,-61.59572712239011,15.224319044194145,,17.456433011101513,17.456433011101513,3,A
316,-61.59572712239011,15.22434227016414,,17.716001419192057,17.716001419192057,3,A
317,-61.5957271223901,15.224365496134133,,16.54285595082027,16.54285595082027,3,A
318,-61.5957271223901,15.224388722104129,,19.003809194792364,19.003809194792364,3,A
319,-61.5957271223901,15.224411948074126,,16.090044105669758,16.090044105669758,3,A
320,-61.59572712239011,15.22443517404412,,17.32947261062035,17.32947261062035,3,A
321,-61.5957271223901,15.224458400014115,,17.186239932238053,17.186239932238053,3,A
322,-61.5957271223901,15.224481625984108,,16.430683115255906,16.430683115255906,3,A
323,-61.5957271223901,15.224504851954105,,19.08037491280686,19.08037491280686,3,A
324,-61.59572712239011,15.224528077924099,,19.461708260317586,19.461708260317586,3,A
325,-61.5957271223901,15.224551303894094,,17.534749037417587,17.534749037417587,3,A
326,-61.59572712239011,15.22457452986409,,20.347744733820065,20.347744733820065,3,A
327,-61.5957271223901,15.224597755834084,,17.15359565000974,17.15359565000974,3,A
328,-61.59572712239011,15.22462098180408,,13.963514783547787,13.963514783547787,3,A
329,-61.5957271223901,15.224644207774073,,10.652201164309687,10.652201164309687,3,A
330,-61.5957271223901,15.22466743374407,,18.909582634520604,18.909582634520604,3,A
331,-61.5957271223901,15.224690659714064,,17.903668364004393,17.903668364004393,3,A
332,-61.5957271223901,15.224713885684059,,15.647324195985565,15.647324195985565,3,A
333,-61.59572712239011,15.224737111654056,,13.714336136903311,13.714336136903311,3,A
334,-61.5957271223901,15.22476033762405,,10.175898613402865,10.175898613402865,3,A
335,-61.5957271223901,15.224783563594045,,15.071412351391682,15.071412351391682,3,A
336,-61.595727122390095,15.224806789564038,,16.15268692011677,16.15268692011677,3,A
337,-61.59572712239011,15.224830015534035,,16.02076797686902,16.02076797686902,3,A
338,-61.5957271223901,15.224853241504029,,19.201352005677947,19.201352005677947,3,A
339,-61.5957271223901,15.224876467474024,,16.581970560698306,16.581970560698306,3,A
340,-61.5957271223901,15.22489969344402,,14.516018010928267,14.516018010928267,3,A
341,-61.59572712239011,15.224922919414013,,21.842432448586145,21.842432448586145,3,A
342,-61.5957271223901,15.224946145384008,,21.12630296938285,21.12630296938285,3,A
343,-61.5957271223901,15.224969371354002,,17.331954662779225,17.331954662779225,3,A
344,-61.5957271223901,15.224992597323999,,12.319779013491297,12.319779013491297,3,A
345,-61.5957271223901,15.225015823293992,,14.389385526688109,14.389385526688109,3,A
346,-61.5957271223901,15.225039049263987,,20.093480289145432,20.093480289145432,3,A
347,-61.5957271223901,15.22506227523398,,5.197613953982598,5.197613953982598,3,A
348,-61.5957271223901,15.225085501203978,,15.522668547366278,15.522668547366278,3,A
349,-61.5957271223901,15.225108727173973,,18.725844900909173,18.725844900909173,3,A
350,-61.5957271223901,15.225131953143967,,16.107832181825813,16.107832181825813,3,A
351,-61.59572712239011,15.225155179113964,,11.728581444702353,11.728581444702353,3,A
352,-61.5957271223901,15.225178405083957,,19.99497111023372,19.99497111023372,3,A
353,-61.5957271223901,15.225201631053952,,18.72428036503289,18.72428036503289,3,A
354,-61.5957271223901,15.225224857023946,,13.500189939936877,13.500189939936877,3,A
355,-61.59572712239011,15.225248082993943,,13.849518491391905,13.849518491391905,3,A
356,-61.5957271223901,15.225271308963938,,13.62100644627801,13.62100644627801,3,A
357,-61.5957271223901,15.225294534933932,,14.522788980085577,14.522788980085577,3,A
358,-61.5957271223901,15.225317760903929,,18.1871880190025,18.1871880190025,3,A
359,-61.59572712239011,15.225340986873922,,17.058849842066913,17.058849842066913,3,A
360,-61.5957271223901,15.225364212843917,,15.90115593701581,15.90115593701581,3,A
361,-61.5957271223901,15.225387438813911,,19.387861247472333,19.387861247472333,3,A
362,-61.5957271223901,15.225410664783908,,14.070932246676467,14.070932246676467,3,A
363,-61.59572712239011,15.225433890753902,,17.807577981833546,17.807577981833546,3,A
364,-61.5957271223901,15.225457116723897,,20.628171104574783,20.628171104574783,3,A
365,-61.59572712239011,15.225480342693894,,14.633319671462546,14.633319671462546,3,A
366,-61.5957271223901,15.225503568663887,,16.62482220555909,16.62482220555909,3,A
367,-61.5957271223901,15.225526794633883,,17.244485391021186,17.244485391021186,3,A
368,-61.5957271223901,15.225550020603876,,11.104345353024328,11.104345353024328,3,A
369,-61.59572712239011,15.225573246573873,,17.63630126989655,17.63630126989655,3,A
370,-61.5957271223901,15.225596472543868,,11.298222759549283,11.298222759549283,3,A
371,-61.5957271223901,15.225619698513862,,12.699384381005006,12.699384381005006,3,A
372,-61.5957271223901,15.225642924483857,,13.752344312141314,13.752344312141314,3,A
373,-61.59572712239011,15.225666150453852,,10.80767715727954,10.80767715727954,3,A
374,-61.5957271223901,15.225689376423848,,8.23020050298211,8.23020050298211,3,A
375,-61.5957271223901,15.225712602393841,,17.99051311981976,17.99051311981976,3,A
376,-61.59572712239011,15.225735828363838,,14.898672868900732,14.898672868900732,3,A
377,-61.59572712239011,15.225759054333832,,13.348986759404983,13.348986759404983,3,A
378,-61.5957271223901,15.225782280303827,,12.983415037130484,12.983415037130484,3,A
379,-61.5957271223901,15.225805506273822,,25.55030928420865,25.55030928420865,3,A
380,-61.5957271223901,15.225828732243817,,15.2652829467317,15.2652829467317,3,A
381,-61.59572712239011,15.225851958213813,,12.448431589672882,12.448431589672882,3,A
382,-61.5957271223901,15.225875184183806,,16.951998291188847,16.951998291188847,3,A
383,-61.5957271223901,15.225898410153803,,15.693025032771441,15.693025032771441,3,A
384,-61.5957271223901,15.225921636123797,,15.684716220206946,15.684716220206946,3,A
385,-61.5957271223901,15.225944862093792,,14.239306500412983,14.239306500412983,3,A
386,-61.5957271223901,15.225968088063787,,13.962684782745374,13.962684782745374,3,A
387,-61.5957271223901,15.225991314033783,,14.978518277694327,14.978518277694327,3,A
388,-61.5957271223901,15.226014540003778,,18.953416547071075,18.953416547071075,3,A
389,-61.5957271223901,15.226037765973771,,15.35406145780961,15.35406145780961,3,A
390,-61.59572712239011,15.226060991943768,,16.081811008650554,16.081811008650554,3,A
391,-61.5957271223901,15.226084217913762,,20.462798546551845,20.462798546551845,3,A
392,-61.5957271223901,15.226107443883757,,19.309196412853737,19.309196412853737,3,A
393,-61.5957271223901,15.226130669853752,,14.500576270406285,14.500576270406285,3,A
394,-61.59572712239011,15.226153895823748,,17.96704966960833,17.96704966960833,3,A
395,-61.5957271223901,15.226177121793743,,11.228663401598062,11.228663401598062,3,A
396,-61.5957271223901,15.226200347763736,,17.43343011460032,17.43343011460032,3,A
397,-61.595727122390095,15.226223573733732,,14.262210337423221,14.262210337423221,3,A
398,-61.59572712239011,15.226246799703727,,14.09549391816872,14.09549391816872,3,A
399,-61.5957271223901,15.226270025673722,,19.32828727549643,19.32828727549643,3,A
400,-61.5957271223901,15.226293251643717,,19.07047926868719,19.07047926868719,3,A
401,-61.5957271223901,15.226316477613713,,15.580005434665177,15.580005434665177,3,A
402,-61.5957271223901,15.226339703583708,,16.645710098543347,16.645710098543347,3,A
403,-61.5957271223901,15.226362929553702,,18.077067785551293,18.077067785551293,3,A
404,-61.5957271223901,15.226386155523697,,14.890379358296872,14.890379358296872,3,A
405,-61.5957271223901,15.226409381493692,,15.175324987440005,15.175324987440005,3,A
406,-61.5957271223901,15.226432607463687,,14.924712317805204,14.924712317805204,3,A
407,-61.5957271223901,15.226455833433683,,18.88388009065437,18.88388009065437,3,A
408,-61.59572712239011,15.226479059403678,,19.7450549615652,19.7450549615652,3,A
409,-61.5957271223901,15.226502285373673,,15.188688369246893,15.188688369246893,3,A
410,-61.5957271223901,15.226525511343667,,17.25790684233935,17.25790684233935,3,A
411,-61.5957271223901,15.226548737313662,,19.930493566701934,19.930493566701934,3,A
412,-61.59572712239011,15.226571963283657,,14.304156632095172,14.304156632095172,3,A
413,-61.5957271223901,15.226595189253652,,15.875776358144298,15.875776358144298,3,A
414,-61.5957271223901,15.226618415223648,,16.592145317338396,16.592145317338396,3,A
415,-61.5957271223901,15.226641641193643,,17.814074318209098,17.814074318209098,3,A
416,-61.59572712239011,15.226664867163638,,14.625006910085478,14.625006910085478,3,A
417,-61.5957271223901,15.226688093133632,,12.079668822145564,12.079668822145564,3,A
418,-61.5957271223901,15.226711319103627,,17.82326408589739,17.82326408589739,3,A
419,-61.5957271223901,15.22673454507362,,15.224377054250626,15.224377054250626,3,A
420,-61.59572712239011,15.226757771043616,,15.447368719180728,15.447368719180728,3,A
421,-61.5957271223901,15.22678099701361,,19.802804020268383,19.802804020268383,3,A
422,-61.5957271223901,15.226804222983604,,15.46950786143812,15.46950786143812,3,A
423,-61.5957271223901,15.226827448953602,,10.812099604990125,10.812099604990125,3,A
424,-61.59572712239011,15.226850674923595,,19.69497417380382,19.69497417380382,3,A
425,-61.5957271223901,15.22687390089359,,18.188847556976675,18.188847556976675,3,A
426,-61.59572712239011,15.226897126863586,,11.049306584577728,11.049306584577728,3,A
427,-61.5957271223901,15.22692035283358,,16.11366960287,16.11366960287,3,A
428,-61.5957271223901,15.226943578803574,,16.66880611610314,16.66880611610314,3,A
429,-61.5957271223901,15.22696680477357,,17.350459484098508,17.350459484098508,3,A
430,-61.59572712239011,15.226990030743565,,17.400717803758898,17.400717803758898,3,A
431,-61.5957271223901,15.22701325671356,,22.73856012882504,22.73856012882504,3,A
432,-61.5957271223901,15.227036482683555,,17.19516334008808,17.19516334008808,3,A
433,-61.59572712239011,15.22705970865355,,13.440656517508227,13.440656517508227,3,A
434,-61.5957271223901,15.227082934623546,,18.063634573082183,18.063634573082183,3,A
435,-61.5957271223901,15.22710616059354,,14.705893933930765,14.705893933930765,3,A
436,-61.595727122390095,15.227129386563535,,17.01661017258755,17.01661017258755,3,A
437,-61.59572712239011,15.22715261253353,,15.816580078741005,15.816580078741005,3,A
438,-61.5957271223901,15.227175838503525,,12.849217578423524,12.849217578423524,3,A
439,-61.5957271223901,15.22719906447352,,17.263389581958254,17.263389581958254,3,A
440,-61.5957271223901,15.227222290443516,,16.200410713078583,16.200410713078583,3,A
441,-61.5957271223901,15.227245516413511,,15.501898108450273,15.501898108450273,3,A
442,-61.5957271223901,15.227268742383504,,13.783281512883184,13.783281512883184,3,A
443,-61.5957271223901,15.2272919683535,,17.96746908696563,17.96746908696563,3,A
444,-61.5957271223901,15.227315194323495,,18.948225648245092,18.948225648245092,3,A
445,-61.5957271223901,15.22733842029349,,16.122079315442473,16.122079315442473,3,A
446,-61.5957271223901,15.227361646263486,,12.526341012314852,12.526341012314852,3,A
447,-61.5957271223901,15.227384872233479,,15.876925682748281,15.876925682748281,3,A
448,-61.5957271223901,15.227408098203476,,11.15569321847055,11.15569321847055,3,A
449,-61.5957271223901,15.22743132417347,,19.916043403045226,19.916043403045226,3,A
450,-61.5957271223901,15.227454550143465,,19.100102817896264,19.100102817896264,3,A
451,-61.59572712239011,15.22747777611346,,16.00919834155493,16.00919834155493,3,A
452,-61.5957271223901,15.227501002083455,,20.935865552937305,20.935865552937305,3,A
453,-61.5957271223901,15.22752422805345,,11.7507151442491,11.7507151442491,3,A
454,-61.595727122390095,15.227547454023444,,15.959310239496606,15.959310239496606,3,A
455,-61.59572712239011,15.227570679993441,,10.863418809146896,10.863418809146896,3,A
456,-61.5957271223901,15.227593905963435,,14.804276281501949,14.804276281501949,3,A
457,-61.5957271223901,15.22761713193343,,17.009805460541582,17.009805460541582,3,A
458,-61.5957271223901,15.227640357903425,,14.339909313518756,14.339909313518756,3,A
459,-61.59572712239011,15.22766358387342,,22.987541835048102,22.987541835048102,3,A
460,-61.5957271223901,15.227686809843416,,15.214741960205199,15.214741960205199,3,A
461,-61.5957271223901,15.22771003581341,,16.81711420571293,16.81711420571293,3,A
462,-61.5957271223901,15.227733261783406,,18.027975025440277,18.027975025440277,3,A
463,-61.5957271223901,15.2277564877534,,16.626075709386054,16.626075709386054,3,A
464,-61.5957271223901,15.227779713723395,,14.15147681290679,14.15147681290679,3,A
465,-61.59572712239011,15.22780293969339,,17.63325690995555,17.63325690995555,3,A
466,-61.5957271223901,15.227826165663386,,15.118446602952213,15.118446602952213,3,A
467,-61.5957271223901,15.22784939163338,,14.524080868475117,14.524080868475117,3,A
468,-61.5957271223901,15.227872617603374,,16.45589839313965,16.45589839313965,3,A
469,-61.59572712239011,15.227895843573371,,14.454437013109658,14.454437013109658,3,A
470,-61.5957271223901,15.227919069543365,,16.08370858635124,16.08370858635124,3,A
471,-61.5957271223901,15.22794229551336,,15.755593570717581,15.755593570717581,3,A
472,-61.5957271223901,15.227965521483354,,15.919362409160794,15.919362409160794,3,A
473,-61.59572712239011,15.22798874745335,,21.399203875411445,21.399203875411445,3,A
474,-61.5957271223901,15.228011973423346,,15.992752063449059,15.992752063449059,3,A
475,-61.5957271223901,15.22803519939334,,17.674546546714947,17.674546546714947,3,A
476,-61.5957271223901,15.228058425363336,,18.142979704033255,18.142979704033255,3,A
477,-61.59572712239011,15.22808165133333,,12.331682391164751,12.331682391164751,3,A
478,-61.5957271223901,15.228104877303325,,16.354782488709148,16.354782488709148,3,A
479,-61.5957271223901,15.228128103273319,,14.867534216833938,14.867534216833938,3,A
480,-61.5957271223901,15.228151329243316,,15.439169623222899,15.439169623222899,3,A
481,-61.59572712239011,15.228174555213311,,18.621166578176865,18.621166578176865,3,A
482,-61.5957271223901,15.228197781183304,,22.259988359122694,22.259988359122694,3,A
483,-61.59572712239011,15.228221007153302,,16.747057455942922,16.747057455942922,3,A
484,-61.5957271223901,15.228244233123295,,16.660113840634658,16.660113840634658,3,A
485,-61.59572712239011,15.22826745909329,,18.62858756470943,18.62858756470943,3,A
486,-61.5957271223901,15.228290685063284,,15.845665396662026,15.845665396662026,3,A
487,-61.5957271223901,15.22831391103328,,18.86184982427407,18.86184982427407,3,A
488,-61.5957271223901,15.228337137003274,,9.422130126147962,9.422130126147962,3,A
489,-61.5957271223901,15.22836036297327,,11.463086913694518,11.463086913694518,3,A
490,-61.59572712239011,15.228383588943267,,14.8993078784138,14.8993078784138,3,A
491,-61.5957271223901,15.22840681491326,,17.51003185052693,17.51003185052693,3,A
492,-61.5957271223901,15.228430040883255,,15.461033885489526,15.461033885489526,3,A
493,-61.595727122390095,15.228453266853249,,14.463566494898432,14.463566494898432,3,A
494,-61.59572712239011,15.228476492823246,,14.011005458282142,14.011005458282142,3,A
495,-61.5957271223901,15.22849971879324,,12.32109998818163,12.32109998818163,3,A
496,-61.5957271223901,15.228522944763235,,18.52445717190526,18.52445717190526,3,A
497,-61.595727122390095,15.228546170733228,,17.456412930548446,17.456412930548446,3,A
498,-61.59572712239011,15.228569396703223,,14.3909884618115,14.3909884618115,3,A
499,-61.5957271223901,15.228592622673219,,20.92230863030558,20.92230863030558,3,A
500,-61.5957271223901,15.228615848643212,,18.75440389713461,18.75440389713461,3,A
501,-61.5957271223901,15.22863907461321,,16.545444947774445,16.545444947774445,3,A
502,-61.5957271223901,15.228662300583203,,17.89451348342418,17.89451348342418,3,A
503,-61.5957271223901,15.228685526553198,,18.789772251800567,18.789772251800567,3,A
504,-61.5957271223901,15.228708752523191,,15.7065623635548,15.7065623635548,3,A
505,-61.5957271223901,15.228731978493188,,15.424865202586655,15.424865202586655,3,A
506,-61.5957271223901,15.228755204463184,,16.341961549414858,16.341961549414858,3,A
507,-61.5957271223901,15.228778430433177,,16.97287144438515,16.97287144438515,3,A
508,-61.59572712239011,15.228801656403174,,16.727488938902663,16.727488938902663,3,A
509,-61.5957271223901,15.228824882373168,,22.831078980992896,22.831078980992896,3,A
510,-61.5957271223901,15.228848108343163,,12.52411564080639,12.52411564080639,3,A
511,-61.5957271223901,15.228871334313158,,16.056359977897344,16.056359977897344,3,A
512,-61.59572712239011,15.228894560283154,,15.651031592747952,15.651031592747952,3,A
513,-61.5957271223901,15.228917786253149,,18.864603952513924,18.864603952513924,3,A
514,-61.5957271223901,15.228941012223142,,12.620823467499118,12.620823467499118,3,A
515,-61.5957271223901,15.22896423819314,,17.29356485274571,17.29356485274571,3,A
516,-61.59572712239011,15.228987464163133,,14.094655671868644,14.094655671868644,3,A
517,-61.5957271223901,15.229010690133128,,16.123120233263034,16.123120233263034,3,A
518,-61.5957271223901,15.229033916103122,,20.570834974104294,20.570834974104294,3,A
519,-61.5957271223901,15.229057142073119,,17.680631442361847,17.680631442361847,3,A
520,-61.59572712239011,15.229080368043114,,14.989438719787161,14.989438719787161,3,A
521,-61.5957271223901,15.229103594013107,,21.771519512157433,21.771519512157433,3,A
522,-61.5957271223901,15.229126819983103,,16.41615750075928,16.41615750075928,3,A
523,-61.5957271223901,15.229150045953098,,19.003840955900273,19.003840955900273,3,A
524,-61.59572712239011,15.229173271923093,,16.876948573771344,16.876948573771344,3,A
525,-61.5957271223901,15.229196497893087,,14.594002209347831,14.594002209347831,3,A
526,-61.59572712239011,15.229219723863084,,20.313663690674748,20.313663690674748,3,A
527,-61.5957271223901,15.229242949833079,,13.824647808228566,13.824647808228566,3,A
528,-61.5957271223901,15.229266175803073,,17.967331702499976,17.967331702499976,3,A
529,-61.5957271223901,15.229289401773068,,15.648446233598033,15.648446233598033,3,A
530,-61.59572712239011,15.229312627743063,,11.701192624786176,11.701192624786176,3,A
531,-61.5957271223901,15.229335853713058,,17.75744212232286,17.75744212232286,3,A
532,-61.5957271223901,15.229359079683052,,15.533108171199613,15.533108171199613,3,A
533,-61.59572712239011,15.229382305653049,,15.264543341686435,15.264543341686435,3,A
534,-61.59572712239011,15.229405531623044,,16.041047754563245,16.041047754563245,3,A
535,-61.5957271223901,15.229428757593038,,14.588237889076604,14.588237889076604,3,A
536,-61.5957271223901,15.229451983563033,,13.412389500933038,13.412389500933038,3,A
537,-61.59572712239011,15.229475209533028,,14.841822077425263,14.841822077425263,3,A
538,-61.59572712239011,15.229498435503023,,20.563021537166776,20.563021537166776,3,A
539,-61.5957271223901,15.229521661473017,,14.042321690063678,14.042321690063678,3,A
540,-61.5957271223901,15.229544887443014,,15.375380420080205,15.375380420080205,3,A
541,-61.5957271223901,15.22956811341301,,17.708241602273617,17.708241602273617,3,A
542,-61.5957271223901,15.229591339383003,,22.265833351843494,22.265833351843494,3,A
543,-61.5957271223901,15.229614565352998,,15.87861314723005,15.87861314723005,3,A
544,-61.5957271223901,15.229637791322993,,20.2454236394731,20.2454236394731,3,A
545,-61.5957271223901,15.229661017292988,,13.875587921270103,13.875587921270103,3,A
546,-61.5957271223901,15.229684243262982,,15.810430640016103,15.810430640016103,3,A
547,-61.5957271223901,15.229707469232977,,15.06966898761696,15.06966898761696,3,A
548,-61.5957271223901,15.229730695202973,,17.08666549260832,17.08666549260832,3,A
549,-61.5957271223901,15.229753921172968,,16.36768860855213,16.36768860855213,3,A
550,-61.5957271223901,15.229777147142961,,14.37641744675411,14.37641744675411,3,A
551,-61.59572712239011,15.229800373112958,,16.111708239454924,16.111708239454924,3,A
552,-61.5957271223901,15.229823599082954,,15.673581679616277,15.673581679616277,3,A
553,-61.5957271223901,15.229846825052947,,15.800800967602841,15.800800967602841,3,A
554,-61.595727122390095,15.229870051022942,,15.696626196054806,15.696626196054806,3,A
555,-61.59572712239011,15.229893276992938,,14.359981395829891,14.359981395829891,3,A
556,-61.5957271223901,15.229916502962933,,20.001367993043537,20.001367993043537,3,A
557,-61.5957271223901,15.229939728932926,,13.933008128125238,13.933008128125238,3,A
558,-61.5957271223901,15.229962954902923,,23.662980807519137,23.662980807519137,3,A
559,-61.5957271223901,15.229986180872919,,14.532060729831198,14.532060729831198,3,A
560,-61.5957271223901,15.230009406842912,,16.09762184380526,16.09762184380526,3,A
561,-61.5957271223901,15.230032632812907,,12.742088770858476,12.742088770858476,3,A
562,-61.5957271223901,15.230055858782903,,12.03316030246584,12.03316030246584,3,A
563,-61.5957271223901,15.230079084752898,,22.621982672571416,22.621982672571416,3,A
564,-61.5957271223901,15.230102310722891,,14.81162893682614,14.81162893682614,3,A
565,-61.59572712239011,15.230125536692888,,8.165522106471672,8.165522106471672,3,A
566,-61.5957271223901,15.230148762662884,,19.714095704984018,19.714095704984018,3,A
567,-61.5957271223901,15.230171988632877,,18.957539603078608,18.957539603078608,3,A
568,-61.5957271223901,15.230195214602873,,19.16452488513095,19.16452488513095,3,A
569,-61.59572712239011,15.230218440572868,,14.135335079324674,14.135335079324674,3,A
570,-61.5957271223901,15.230241666542863,,16.44069388323668,16.44069388323668,3,A
571,-61.5957271223901,15.230264892512857,,16.91396433508236,16.91396433508236,3,A
572,-61.5957271223901,15.230288118482852,,20.167407210435073,20.167407210435073,3,A
573,-61.59572712239011,15.230311344452849,,17.757245198852793,17.757245198852793,3,A
574,-61.5957271223901,15.230334570422842,,15.41284258072009,15.41284258072009,3,A
575,-61.5957271223901,15.230357796392838,,16.91913083472254,16.91913083472254,3,A
576,-61.5957271223901,15.230381022362831,,20.753997358733123,20.753997358733123,3,A
577,-61.59572712239011,15.230404248332826,,17.27363778990027,17.27363778990027,3,A
578,-61.5957271223901,15.230427474302822,,13.020232464270233,13.020232464270233,3,A
579,-61.5957271223901,15.230450700272815,,16.21006919949962,16.21006919949962,3,A
580,-61.5957271223901,15.230473926242812,,14.861160695371524,14.861160695371524,3,A
581,-61.59572712239011,15.230497152212806,,21.999153206339656,21.999153206339656,3,A
582,-61.5957271223901,15.230520378182801,,16.968912667259662,16.968912667259662,3,A
583,-61.59572712239011,15.230543604152796,,19.378790486911214,19.378790486911214,3,A
584,-61.5957271223901,15.230566830122791,,11.236414307436728,11.236414307436728,3,A
585,-61.5957271223901,15.230590056092785,,11.653361456812457,11.653361456812457,3,A
586,-61.5957271223901,15.23061328206278,,19.465841974951623,19.465841974951623,3,A
587,-61.59572712239011,15.230636508032777,,16.930949970764125,16.930949970764125,3,A
588,-61.5957271223901,15.23065973400277,,17.665166118460633,17.665166118460633,3,A
589,-61.5957271223901,15.230682959972766,,18.589455520243447,18.589455520243447,3,A
590,-61.59572712239011,15.230706185942761,,17.137843873196747,17.137843873196747,3,A
591,-61.59572712239011,15.230729411912757,,19.106273600748427,19.106273600748427,3,A
592,-61.5957271223901,15.23075263788275,,14.774521752583802,14.774521752583802,3,A
593,-61.5957271223901,15.230775863852745,,15.692114904971387,15.692114904971387,3,A
594,-61.59572712239011,15.230799089822742,,16.914769543123846,16.914769543123846,3,A
595,-61.5957271223901,15.230822315792736,,8.078266614169845,8.078266614169845,3,A
596,-61.5957271223901,15.230845541762731,,18.193969420331698,18.193969420331698,3,A
597,-61.595727122390095,15.230868767732725,,15.748006988487756,15.748006988487756,3,A
598,-61.5957271223901,15.230891993702722,,15.298074496778476,15.298074496778476,3,A
599,-61.5957271223901,15.230915219672715,,16.834304239552964,16.834304239552964,3,A
600,-61.5957271223901,15.23093844564271,,18.990856392262753,18.990856392262753,3,A
601,-61.5957271223901,15.230961671612706,,20.37373516271443,20.37373516271443,3,A
602,-61.5957271223901,15.230984897582701,,13.007884751790959,13.007884751790959,3,A
603,-61.5957271223901,15.231008123552696,,12.72425349550234,12.72425349550234,3,A
604,-61.5957271223901,15.23103134952269,,20.121307857761547,20.121307857761547,3,A
605,-61.5957271223901,15.231054575492687,,14.762816590754463,14.762816590754463,3,A
606,-61.5957271223901,15.23107780146268,,15.156761571109701,15.156761571109701,3,A
607,-61.5957271223901,15.231101027432675,,22.863193664898564,22.863193664898564,3,A
608,-61.59572712239011,15.23112425340267,,17.560462425041433,17.560462425041433,3,A
609,-61.5957271223901,15.231147479372666,,17.831470810791625,17.831470810791625,3,A
610,-61.5957271223901,15.23117070534266,,16.404258261687552,16.404258261687552,3,A
611,-61.5957271223901,15.231193931312655,,14.406331479646308,14.406331479646308,3,A
612,-61.59572712239011,15.231217157282652,,21.364672784950734,21.364672784950734,3,A
613,-61.5957271223901,15.231240383252645,,14.924173800597234,14.924173800597234,3,A
614,-61.5957271223901,15.23126360922264,,14.955225425104771,14.955225425104771,3,A
615,-61.5957271223901,15.231286835192636,,18.750821728487605,18.750821728487605,3,A
616,-61.59572712239011,15.231310061162631,,19.61585650526994,19.61585650526994,3,A
617,-61.5957271223901,15.231333287132625,,17.236588302014034,17.236588302014034,3,A
618,-61.5957271223901,15.23135651310262,,15.352956945092128,15.352956945092128,3,A
619,-61.5957271223901,15.231379739072617,,13.18770566879132,13.18770566879132,3,A
620,-61.59572712239011,15.23140296504261,,14.478733620095777,14.478733620095777,3,A
621,-61.5957271223901,15.231426191012606,,17.925270187691606,17.925270187691606,3,A
622,-61.5957271223901,15.2314494169826,,16.795351948959635,16.795351948959635,3,A
623,-61.5957271223901,15.231472642952596,,14.265326085761188,14.265326085761188,3,A
624,-61.5957271223901,15.23149586892259,,13.375177953337776,13.375177953337776,3,A
625,-61.5957271223901,15.231519094892585,,19.76635245125902,19.76635245125902,3,A
626,-61.59572712239011,15.231542320862582,,14.185480887255316,14.185480887255316,3,A
627,-61.5957271223901,15.231565546832575,,10.568125172267472,10.568125172267472,3,A
628,-61.5957271223901,15.23158877280257,,20.970216005610894,20.970216005610894,3,A
629,-61.5957271223901,15.231611998772564,,20.200832141652715,20.200832141652715,3,A
630,-61.59572712239011,15.231635224742561,,11.351760406757604,11.351760406757604,3,A
631,-61.5957271223901,15.231658450712555,,16.795621867481827,16.795621867481827,3,A
632,-61.5957271223901,15.23168167668255,,13.550101750872143,13.550101750872143,3,A
633,-61.5957271223901,15.231704902652545,,18.883754985200184,18.883754985200184,3,A
634,-61.59572712239011,15.23172812862254,,18.01325015862919,18.01325015862919,3,A
635,-61.5957271223901,15.231751354592536,,14.973633403668945,14.973633403668945,3,A
636,-61.5957271223901,15.23177458056253,,15.156227826394154,15.156227826394154,3,A
637,-61.5957271223901,15.231797806532526,,16.46915042470453,16.46915042470453,3,A
638,-61.59572712239011,15.23182103250252,,20.577582964403625,20.577582964403625,3,A
639,-61.5957271223901,15.231844258472515,,16.205280773010898,16.205280773010898,3,A
640,-61.59572712239011,15.231867484442512,,14.216640539739394,14.216640539739394,3,A
641,-61.5957271223901,15.231890710412506,,18.05355399020479,18.05355399020479,3,A
642,-61.59572712239011,15.231913936382501,,23.811169608535682,23.811169608535682,3,A
643,-61.5957271223901,15.231937162352494,,15.830836546982233,15.830836546982233,3,A
644,-61.5957271223901,15.231960388322491,,17.512097431917255,17.512097431917255,3,A
645,-61.5957271223901,15.231983614292485,,12.182064995985668,12.182064995985668,3,A
646,-61.5957271223901,15.23200684026248,,15.131829131628306,15.131829131628306,3,A
647,-61.5957271223901,15.232030066232475,,16.498576790720197,16.498576790720197,3,A
648,-61.5957271223901,15.23205329220247,,18.936664779416517,18.936664779416517,3,A
649,-61.5957271223901,15.232076518172466,,18.343730360229497,18.343730360229497,3,A
650,-61.595727122390095,15.23209974414246,,14.469049826458482,14.469049826458482,3,A
651,-61.59572712239011,15.232122970112457,,15.40867909592998,15.40867909592998,3,A
652,-61.5957271223901,15.23214619608245,,13.920518243516808,13.920518243516808,3,A
653,-61.5957271223901,15.232169422052445,,10.701750013424654,10.701750013424654,3,A
654,-61.595727122390095,15.232192648022439,,21.51562793777959,21.51562793777959,3,A
655,-61.59572712239011,15.232215873992434,,15.432766739352909,15.432766739352909,3,A
656,-61.5957271223901,15.23223909996243,,15.72101171576673,15.72101171576673,3,A
657,-61.5957271223901,15.232262325932423,,16.97033408068857,16.97033408068857,3,A
658,-61.5957271223901,15.23228555190242,,17.90757756690639,17.90757756690639,3,A
659,-61.5957271223901,15.232308777872413,,14.075350432382134,14.075350432382134,3,A
660,-61.5957271223901,15.232332003842409,,13.035449124968057,13.035449124968057,3,A
661,-61.5957271223901,15.232355229812402,,17.361142986082392,17.361142986082392,3,A
662,-61.5957271223901,15.2323784557824,,16.18269129722626,16.18269129722626,3,A
663,-61.5957271223901,15.232401681752393,,18.808654507372257,18.808654507372257,3,A
664,-61.5957271223901,15.232424907722388,,21.194811818021847,21.194811818021847,3,A
665,-61.59572712239011,15.232448133692385,,18.392256564823263,18.392256564823263,3,A
666,-61.5957271223901,15.232471359662378,,18.93497776805623,18.93497776805623,3,A
667,-61.5957271223901,15.232494585632374,,19.092115709067436,19.092115709067436,3,A
668,-61.5957271223901,15.232517811602367,,19.87408545048565,19.87408545048565,3,A
669,-61.59572712239011,15.232541037572364,,18.13018139879402,18.13018139879402,3,A
670,-61.5957271223901,15.23256426354236,,15.348119682727205,15.348119682727205,3,A
671,-61.5957271223901,15.232587489512353,,16.870807848394733,16.870807848394733,3,A
672,-61.5957271223901,15.23261071548235,,20.977022819986054,20.977022819986054,3,A
673,-61.59572712239011,15.232633941452344,,16.175969401630383,16.175969401630383,3,A
674,-61.5957271223901,15.232657167422339,,15.37528346000022,15.37528346000022,3,A
675,-61.5957271223901,15.232680393392332,,16.776685088750853,16.776685088750853,3,A
676,-61.5957271223901,15.23270361936233,,14.17627017604284,14.17627017604284,3,A
677,-61.59572712239011,15.232726845332323,,15.858005660759208,15.858005660759208,3,A
678,-61.5957271223901,15.232750071302318,,19.80519164920259,19.80519164920259,3,A
679,-61.5957271223901,15.232773297272313,,23.716468076951713,23.716468076951713,3,A
680,-61.5957271223901,15.232796523242309,,15.308966619078845,15.308966619078845,3,A
681,-61.59572712239011,15.232819749212304,,14.644748955889249,14.644748955889249,3,A
682,-61.5957271223901,15.232842975182297,,16.57045182494865,16.57045182494865,3,A
683,-61.59572712239011,15.232866201152294,,12.767003946898516,12.767003946898516,3,A
684,-61.5957271223901,15.232889427122288,,16.654441866185465,16.654441866185465,3,A
685,-61.5957271223901,15.232912653092283,,18.932184265215398,18.932184265215398,3,A
686,-61.5957271223901,15.232935879062278,,22.80073809204397,22.80073809204397,3,A
687,-61.59572712239011,15.232959105032274,,11.621646873023366,11.621646873023366,3,A
688,-61.5957271223901,15.232982331002269,,16.045462260464646,16.045462260464646,3,A
689,-61.5957271223901,15.233005556972262,,16.046404785578353,16.046404785578353,3,A
690,-61.59572712239011,15.23302878294226,,14.484203955394632,14.484203955394632,3,A
691,-61.59572712239011,15.233052008912253,,11.510801169187314,11.510801169187314,3,A
692,-61.5957271223901,15.233075234882248,,17.934466167244768,17.934466167244768,3,A
693,-61.5957271223901,15.233098460852244,,17.979135303791253,17.979135303791253,3,A
694,-61.59572712239011,15.233121686822239,,16.45392325202331,16.45392325202331,3,A
695,-61.59572712239011,15.233144912792234,,19.20960061194814,19.20960061194814,3,A
696,-61.5957271223901,15.233168138762228,,15.640074497394195,15.640074497394195,3,A
697,-61.5957271223901,15.233191364732225,,18.176970808127788,18.176970808127788,3,A
698,-61.5957271223901,15.233214590702218,,17.573160165044797,17.573160165044797,3,A
699,-61.5957271223901,15.233237816672213,,19.749927632888205,19.749927632888205,3,A
700,-61.5957271223901,15.233261042642209,,10.193838203362944,10.193838203362944,3,A
701,-61.5957271223901,15.233284268612204,,22.03830529204214,22.03830529204214,3,A
702,-61.5957271223901,15.2333074945822,,18.23642432385832,18.23642432385832,3,A
703,-61.5957271223901,15.233330720552193,,17.51597551977128,17.51597551977128,3,A
704,-61.5957271223901,15.233353946522188,,15.636080761301578,15.636080761301578,3,A
705,-61.5957271223901,15.233377172492183,,15.226402891389402,15.226402891389402,3,A
706,-61.5957271223901,15.233400398462178,,19.777501846856296,19.777501846856296,3,A
707,-61.5957271223901,15.233423624432174,,20.233783651913,20.233783651913,3,A
708,-61.59572712239011,15.233446850402169,,19.130889592775436,19.130889592775436,3,A
709,-61.5957271223901,15.233470076372164,,21.830074924085075,21.830074924085075,3,A
710,-61.5957271223901,15.233493302342158,,16.703807842133507,16.703807842133507,3,A
711,-61.5957271223901,15.233516528312153,,16.694684462179175,16.694684462179175,3,A
712,-61.59572712239011,15.233539754282148,,15.406059039758356,15.406059039758356,3,A
713,-61.5957271223901,15.233562980252144,,16.759893142179116,16.759893142179116,3,A
714,-61.5957271223901,15.233586206222139,,24.248370107081854,24.248370107081854,3,A
715,-61.5957271223901,15.233609432192134,,17.860479464157144,17.860479464157144,3,A
716,-61.59572712239011,15.23363265816213,,17.035535435240863,17.035535435240863,3,A
717,-61.5957271223901,15.233655884132123,,18.262941881613845,18.262941881613845,3,A
718,-61.5957271223901,15.233679110102118,,18.46009587633396,18.46009587633396,3,A
719,-61.5957271223901,15.233702336072113,,14.926250092239593,14.926250092239593,3,A
720,-61.59572712239011,15.233725562042109,,21.59224184684024,21.59224184684024,3,A
721,-61.5957271223901,15.233748788012102,,22.16283518864666,22.16283518864666,3,A
722,-61.59572712239011,15.2337720139821,,14.672849487716956,14.672849487716956,3,A
723,-61.5957271223901,15.233795239952094,,20.54699361244377,20.54699361244377,3,A
724,-61.5957271223901,15.233818465922088,,19.03729557441578,19.03729557441578,3,A
725,-61.5957271223901,15.233841691892083,,16.162393354152115,16.162393354152115,3,A
726,-61.59572712239011,15.233864917862078,,17.327530791335157,17.327530791335157,3,A
727,-61.5957271223901,15.233888143832074,,21.18541280990887,21.18541280990887,3,A
728,-61.5957271223901,15.233911369802069,,15.080169920022664,15.080169920022664,3,A
729,-61.5957271223901,15.233934595772062,,19.00903696726435,19.00903696726435,3,A
730,-61.59572712239011,15.23395782174206,,17.76643289406743,17.76643289406743,3,A
731,-61.5957271223901,15.233981047712053,,15.868967429596893,15.868967429596893,3,A
732,-61.5957271223901,15.234004273682048,,17.573203972221044,17.573203972221044,3,A
733,-61.5957271223901,15.234027499652042,,17.698867893103333,17.698867893103333,3,A
734,-61.59572712239011,15.234050725622039,,13.707991467117886,13.707991467117886,3,A
735,-61.5957271223901,15.234073951592032,,13.599807219411858,13.599807219411858,3,A
736,-61.5957271223901,15.234097177562028,,16.134840066630915,16.134840066630915,3,A
737,-61.5957271223901,15.234120403532021,,19.474778796278386,19.474778796278386,3,A
738,-61.59572712239011,15.234143629502016,,14.966780698252366,14.966780698252366,3,A
739,-61.5957271223901,15.234166855472012,,17.254509299066278,17.254509299066278,3,A
740,-61.59572712239011,15.234190081442007,,20.941469586887134,20.941469586887134,3,A
741,-61.5957271223901,15.234213307412002,,13.964707920512112,13.964707920512112,3,A
742,-61.5957271223901,15.234236533381996,,20.739501812039066,20.739501812039066,3,A
743,-61.5957271223901,15.23425975935199,,20.54689960335331,20.54689960335331,3,A
744,-61.59572712239011,15.234282985321986,,13.070809390709881,13.070809390709881,3,A
745,-61.5957271223901,15.234306211291981,,13.612465467086789,13.612465467086789,3,A
746,-61.5957271223901,15.234329437261977,,21.447177976050927,21.447177976050927,3,A
747,-61.59572712239011,15.234352663231972,,16.783528210250346,16.783528210250346,3,A
748,-61.59572712239011,15.234375889201967,,13.428616530763486,13.428616530763486,3,A
749,-61.5957271223901,15.23439911517196,,19.260231866551827,19.260231866551827,3,A
750,-61.5957271223901,15.234422341141956,,15.927809872268574,15.927809872268574,3,A
751,-61.59572712239011,15.234445567111951,,13.154243117588955,13.154243117588955,3,A
752,-61.5957271223901,15.234468793081946,,16.045674704485105,16.045674704485105,3,A
753,-61.5957271223901,15.234492019051942,,22.01371160408843,22.01371160408843,3,A
754,-61.595727122390095,15.234515245021935,,19.955929486843505,19.955929486843505,3,A
755,-61.5957271223901,15.234538470991932,,16.599125194021692,16.599125194021692,3,A
756,-61.5957271223901,15.234561696961926,,20.3496487201766,20.3496487201766,3,A
757,-61.5957271223901,15.234584922931921,,15.353140611428007,15.353140611428007,3,A
758,-61.5957271223901,15.234608148901916,,14.513800668930182,14.513800668930182,3,A
759,-61.5957271223901,15.234631374871912,,17.62421762458273,17.62421762458273,3,A
760,-61.5957271223901,15.234654600841907,,11.82646887442302,11.82646887442302,3,A
761,-61.5957271223901,15.2346778268119,,17.806556443494017,17.806556443494017,3,A
762,-61.5957271223901,15.234701052781897,,16.534127776796065,16.534127776796065,3,A
763,-61.5957271223901,15.23472427875189,,23.13660258393726,23.13660258393726,3,A
764,-61.5957271223901,15.234747504721886,,17.90395697579623,17.90395697579623,3,A
765,-61.59572712239011,15.234770730691881,,14.523448752501285,14.523448752501285,3,A
766,-61.5957271223901,15.234793956661877,,16.13687473015171,16.13687473015171,3,A
767,-61.5957271223901,15.234817182631872,,14.671945477141538,14.671945477141538,3,A
768,-61.5957271223901,15.234840408601865,,18.06957582319966,18.06957582319966,3,A
769,-61.59572712239011,15.234863634571862,,12.721249275014186,12.721249275014186,3,A
770,-61.5957271223901,15.234886860541856,,16.153055651158365,16.153055651158365,3,A
771,-61.5957271223901,15.234910086511851,,15.89628811183753,15.89628811183753,3,A
772,-61.5957271223901,15.234933312481846,,16.61219146311135,16.61219146311135,3,A
773,-61.59572712239011,15.234956538451842,,20.816107667144664,20.816107667144664,3,A
774,-61.5957271223901,15.234979764421837,,22.891343663746436,22.891343663746436,3,A
775,-61.5957271223901,15.23500299039183,,19.76347072218254,19.76347072218254,3,A
776,-61.5957271223901,15.235026216361828,,16.77702615800503,16.77702615800503,3,A
777,-61.59572712239011,15.235049442331821,,19.932198441575576,19.932198441575576,3,A
778,-61.5957271223901,15.235072668301816,,15.9055879471807,15.9055879471807,3,A
779,-61.5957271223901,15.23509589427181,,15.54570540044541,15.54570540044541,3,A
780,-61.5957271223901,15.235119120241807,,15.432805270005986,15.432805270005986,3,A
781,-61.5957271223901,15.235142346211802,,19.247278733474605,19.247278733474605,3,A
782,-61.5957271223901,15.235165572181796,,19.46939804099975,19.46939804099975,3,A
783,-61.59572712239011,15.235188798151793,,19.673683124526022,19.673683124526022,3,A
784,-61.5957271223901,15.235212024121786,,14.432480722763366,14.432480722763366,3,A
785,-61.5957271223901,15.235235250091781,,15.886882331353723,15.886882331353723,3,A
786,-61.5957271223901,15.235258476061775,,16.808477296970423,16.808477296970423,3,A
787,-61.59572712239011,15.235281702031772,,22.326499572182385,22.326499572182385,3,A
788,-61.5957271223901,15.235304928001765,,19.378074586802303,19.378074586802303,3,A
789,-61.5957271223901,15.23532815397176,,12.986118827955053,12.986118827955053,3,A
790,-61.59572712239011,15.235351379941758,,17.8919967484073,17.8919967484073,3,A
791,-61.59572712239011,15.235374605911751,,16.905674792785966,16.905674792785966,3,A
792,-61.5957271223901,15.235397831881746,,16.91202224158707,16.91202224158707,3,A
793,-61.5957271223901,15.23542105785174,,17.44101877115943,17.44101877115943,3,A
794,-61.5957271223901,15.235444283821737,,13.006527649924765,13.006527649924765,3,A
795,-61.59572712239011,15.23546750979173,,14.438551717393805,14.438551717393805,3,A
796,-61.5957271223901,15.235490735761726,,15.08945617046,15.08945617046,3,A
797,-61.59572712239011,15.235513961731723,,17.964013764106774,17.964013764106774,3,A
798,-61.5957271223901,15.235537187701716,,12.936904514770761,12.936904514770761,3,A
799,-61.59572712239011,15.235560413671712,,16.85493687891539,16.85493687891539,3,A
800,-61.5957271223901,15.235583639641705,,15.985560329672014,15.985560329672014,3,A
801,-61.59572712239011,15.235606865611702,,13.437511929219028,13.437511929219028,3,A
802,-61.5957271223901,15.235630091581696,,18.930956167799668,18.930956167799668,3,A
803,-61.59572712239011,15.23565331755169,,18.174479049612575,18.174479049612575,3,A
804,-61.5957271223901,15.235676543521684,,18.3211575434894,18.3211575434894,3,A
805,-61.5957271223901,15.235699769491681,,15.025197399874536,15.025197399874536,3,A
806,-61.5957271223901,15.235722995461677,,20.238102625600533,20.238102625600533,3,A
807,-61.5957271223901,15.23574622143167,,20.488320745152166,20.488320745152166,3,A
808,-61.59572712239011,15.235769447401667,,18.19712616979968,18.19712616979968,3,A
809,-61.5957271223901,15.23579267337166,,14.294009566151484,14.294009566151484,3,A
810,-61.5957271223901,15.235815899341656,,16.917229798694084,16.917229798694084,3,A
811,-61.595727122390095,15.23583912531165,,12.270380324930535,12.270380324930535,3,A
812,-61.59572712239011,15.235862351281646,,14.499758976268616,14.499758976268616,3,A
813,-61.5957271223901,15.23588557725164,,19.442221102712672,19.442221102712672,3,A
814,-61.5957271223901,15.235908803221635,,18.114632069141233,18.114632069141233,3,A
815,-61.5957271223901,15.23593202919163,,18.67690812269128,18.67690812269128,3,A
816,-61.59572712239011,15.235955255161624,,14.529590851003984,14.529590851003984,3,A
817,-61.5957271223901,15.23597848113162,,17.340247926525336,17.340247926525336,3,A
818,-61.5957271223901,15.236001707101613,,14.243184386910208,14.243184386910208,3,A
819,-61.5957271223901,15.23602493307161,,11.85765378134511,11.85765378134511,3,A
820,-61.5957271223901,15.236048159041605,,18.41471236406201,18.41471236406201,3,A
821,-61.5957271223901,15.236071385011599,,14.452866572852,14.452866572852,3,A
822,-61.59572712239011,15.236094610981596,,18.313455966147174,18.313455966147174,3,A
823,-61.5957271223901,15.236117836951589,,15.819244007340489,15.819244007340489,3,A
824,-61.5957271223901,15.236141062921584,,17.300080110772303,17.300080110772303,3,A
825,-61.5957271223901,15.236164288891578,,19.526074144584047,19.526074144584047,3,A
826,-61.59572712239011,15.236187514861575,,12.619203125351552,12.619203125351552,3,A
827,-61.5957271223901,15.23621074083157,,13.989721339915615,13.989721339915615,3,A
828,-61.5957271223901,15.236233966801564,,16.257237957005728,16.257237957005728,3,A
829,-61.5957271223901,15.236257192771559,,17.95239481905266,17.95239481905266,3,A
830,-61.59572712239011,15.236280418741554,,17.578270316018948,17.578270316018948,3,A
831,-61.5957271223901,15.23630364471155,,18.81476647109614,18.81476647109614,3,A
832,-61.5957271223901,15.236326870681543,,16.945545121599867,16.945545121599867,3,A
833,-61.5957271223901,15.23635009665154,,13.108542636711206,13.108542636711206,3,A
834,-61.59572712239011,15.236373322621535,,12.659802223354347,12.659802223354347,3,A
835,-61.5957271223901,15.236396548591529,,17.072586883471967,17.072586883471967,3,A
836,-61.5957271223901,15.236419774561524,,17.835885419403215,17.835885419403215,3,A
837,-61.5957271223901,15.23644300053152,,14.157149973111913,14.157149973111913,3,A
838,-61.59572712239011,15.236466226501514,,15.110080975943951,15.110080975943951,3,A
839,-61.5957271223901,15.236489452471508,,19.644038832565577,19.644038832565577,3,A
840,-61.59572712239011,15.236512678441505,,19.427462989590186,19.427462989590186,3,A
841,-61.5957271223901,15.2365359044115,,16.754464293139,16.754464293139,3,A
842,-61.5957271223901,15.236559130381494,,21.357270402276836,21.357270402276836,3,A
843,-61.5957271223901,15.236582356351489,,14.9241621330505,14.9241621330505,3,A
844,-61.59572712239011,15.236605582321484,,14.289997075467763,14.289997075467763,3,A
845,-61.5957271223901,15.23662880829148,,15.462676995376013,15.462676995376013,3,A
846,-61.5957271223901,15.236652034261473,,13.160816326012966,13.160816326012966,3,A
847,-61.59572712239011,15.23667526023147,,20.49207461940598,20.49207461940598,3,A
848,-61.59572712239011,15.236698486201464,,15.584498099612714,15.584498099612714,3,A
849,-61.5957271223901,15.236721712171459,,15.911585006025167,15.911585006025167,3,A
850,-61.5957271223901,15.236744938141452,,15.757994046875048,15.757994046875048,3,A
851,-61.59572712239011,15.23676816411145,,15.404306987702387,15.404306987702387,3,A
852,-61.59572712239011,15.236791390081445,,17.004940700918475,17.004940700918475,3,A
853,-61.5957271223901,15.236814616051438,,14.826975420969724,14.826975420969724,3,A
854,-61.5957271223901,15.236837842021433,,14.243674335412662,14.243674335412662,3,A
855,-61.5957271223901,15.236861067991429,,12.234261793403075,12.234261793403075,3,A
856,-61.59572712239011,15.236884293961424,,15.06344343092784,15.06344343092784,3,A
857,-61.5957271223901,15.236907519931417,,19.14843651974049,19.14843651974049,3,A
858,-61.5957271223901,15.236930745901414,,18.382036813453343,18.382036813453343,3,A
859,-61.5957271223901,15.23695397187141,,18.826463425231275,18.826463425231275,3,A
860,-61.5957271223901,15.236977197841403,,15.432192728136656,15.432192728136656,3,A
861,-61.5957271223901,15.237000423811399,,17.577239842175306,17.577239842175306,3,A
862,-61.5957271223901,15.237023649781394,,24.193066188456847,24.193066188456847,3,A
863,-61.5957271223901,15.237046875751389,,14.136692651935624,14.136692651935624,3,A
864,-61.5957271223901,15.237070101721383,,19.415217871643833,19.415217871643833,3,A
865,-61.59572712239011,15.23709332769138,,14.480643651117457,14.480643651117457,3,A
866,-61.5957271223901,15.237116553661375,,17.511963195853795,17.511963195853795,3,A
867,-61.5957271223901,15.237139779631368,,16.998314315444453,16.998314315444453,3,A
868,-61.5957271223901,15.237163005601364,,17.89858808012891,17.89858808012891,3,A
869,-61.59572712239011,15.237186231571359,,11.046293015663828,11.046293015663828,3,A
870,-61.5957271223901,15.237209457541354,,18.472487512123802,18.472487512123802,3,A
1582,-61.5957271223901,15.253746348177774,,14.608990443304803,14.608990443304803,3,A
1583,-61.5957271223901,15.25376957414777,,16.576990717081024,16.576990717081024,3,A
1584,-61.59572712239011,15.253792800117765,,18.805883138680638,18.805883138680638,3,A
1585,-61.5957271223901,15.253816026087758,,19.16925934465185,19.16925934465185,3,A
1586,-61.5957271223901,15.253839252057752,,18.04505922750318,18.04505922750318,3,A
1587,-61.5957271223901,15.253862478027749,,20.345063011171867,20.345063011171867,3,A
1588,-61.59572712239011,15.253885703997744,,13.088662681220715,13.088662681220715,3,A
1589,-61.5957271223901,15.253908929967738,,21.314987524843765,21.314987524843765,3,A
1590,-61.59572712239011,15.253932155937735,,20.869432876845075,20.869432876845075,3,A
1591,-61.5957271223901,15.25395538190773,,14.5462278163304,14.5462278163304,3,A
1592,-61.59572712239011,15.253978607877723,,19.486734573589423,19.486734573589423,3,A
1593,-61.5957271223901,15.254001833847717,,23.883181830951138,23.883181830951138,3,A
1594,-61.59572712239011,15.254025059817714,,15.905069793855468,15.905069793855468,3,A
1595,-61.5957271223901,15.254048285787709,,16.198435040620936,16.198435040620936,3,A
1596,-61.5957271223901,15.254071511757703,,18.599704510079064,18.599704510079064,3,A
1597,-61.59572712239011,15.2540947377277,,14.588972074083276,14.588972074083276,3,A
1598,-61.5957271223901,15.254117963697695,,21.774602041785208,21.774602041785208,3,A
1599,-61.5957271223901,15.254141189667688,,16.931405629121983,16.931405629121983,3,A
1600,-61.5957271223901,15.254164415637684,,14.73965175315796,14.73965175315796,3,A
1601,-61.5957271223901,15.254187641607679,,14.471346454051744,14.471346454051744,3,A
1602,-61.5957271223901,15.254210867577672,,22.778024207677344,22.778024207677344,3,A
1603,-61.5957271223901,15.254234093547668,,18.793116050620704,18.793116050620704,3,A
1604,-61.595727122390095,15.254257319517663,,21.255790983855043,21.255790983855043,3,A
1605,-61.5957271223901,15.254280545487656,,18.801369589300645,18.801369589300645,3,A
1606,-61.5957271223901,15.254303771457652,,19.324162354210834,19.324162354210834,3,A
1607,-61.5957271223901,15.254326997427647,,19.501467478195462,19.501467478195462,3,A
1608,-61.5957271223901,15.254350223397642,,21.533445603174233,21.533445603174233,3,A
1609,-61.5957271223901,15.254373449367638,,21.384301626887833,21.384301626887833,3,A
1610,-61.5957271223901,15.254396675337631,,18.22965964035269,18.22965964035269,3,A
1611,-61.5957271223901,15.254419901307626,,21.72600438592123,21.72600438592123,3,A
1612,-61.5957271223901,15.254443127277622,,14.847888947171713,14.847888947171713,3,A
1613,-61.5957271223901,15.254466353247617,,22.625405900424997,22.625405900424997,3,A
1614,-61.5957271223901,15.254489579217612,,18.253353281320386,18.253353281320386,3,A
1615,-61.59572712239011,15.254512805187607,,21.424703172924286,21.424703172924286,3,A
1616,-61.5957271223901,15.254536031157603,,17.68433269143206,17.68433269143206,3,A
1617,-61.5957271223901,15.254559257127596,,15.982709965005656,15.982709965005656,3,A
1618,-61.5957271223901,15.254582483097591,,15.240802421688612,15.240802421688612,3,A
1619,-61.59572712239011,15.254605709067587,,19.064805889725328,19.064805889725328,3,A
1620,-61.5957271223901,15.254628935037582,,17.33129465647371,17.33129465647371,3,A
1621,-61.5957271223901,15.254652161007577,,18.451627844992085,18.451627844992085,3,A
1622,-61.5957271223901,15.254675386977572,,10.822037643155236,10.822037643155236,3,A
1623,-61.59572712239011,15.254698612947568,,12.94927941067504,12.94927941067504,3,A
1624,-61.5957271223901,15.254721838917561,,21.403151852774688,21.403151852774688,3,A
1625,-61.5957271223901,15.254745064887556,,11.96702584713586,11.96702584713586,3,A
1626,-61.5957271223901,15.254768290857552,,18.63685550774958,18.63685550774958,3,A
1627,-61.5957271223901,15.254791516827547,,22.629981623954457,22.629981623954457,3,A
1628,-61.5957271223901,15.25481474279754,,18.420835759797892,18.420835759797892,3,A
1629,-61.5957271223901,15.254837968767536,,22.577171351336023,22.577171351336023,3,A
1630,-61.5957271223901,15.254861194737533,,16.645349538261765,16.645349538261765,3,A
1631,-61.5957271223901,15.254884420707526,,19.343923407705894,19.343923407705894,3,A
1632,-61.5957271223901,15.254907646677522,,16.278028090220356,16.278028090220356,3,A
1633,-61.59572712239011,15.254930872647517,,20.679035447251092,20.679035447251092,3,A
1634,-61.5957271223901,15.254954098617512,,20.396195934615523,20.396195934615523,3,A
1635,-61.5957271223901,15.254977324587506,,15.682365776559324,15.682365776559324,3,A
1636,-61.5957271223901,15.2550005505575,,13.971544924956874,13.971544924956874,3,A
1637,-61.59572712239011,15.255023776527498,,21.634893716310135,21.634893716310135,3,A
1638,-61.5957271223901,15.255047002497491,,17.731307994810617,17.731307994810617,3,A
1639,-61.5957271223901,15.255070228467487,,20.67814606565952,20.67814606565952,3,A
1640,-61.59572712239011,15.255093454437482,,18.601757602008053,18.601757602008053,3,A
1641,-61.59572712239011,15.255116680407477,,24.09409211982187,24.09409211982187,3,A
1642,-61.5957271223901,15.255139906377472,,19.52210209044988,19.52210209044988,3,A
1643,-61.5957271223901,15.255163132347466,,14.209836349093052,14.209836349093052,3,A
1644,-61.5957271223901,15.255186358317463,,15.520406551164287,15.520406551164287,3,A
1645,-61.59572712239011,15.255209584287456,,22.491325965935943,22.491325965935943,3,A
1646,-61.5957271223901,15.25523281025745,,21.956416973122273,21.956416973122273,3,A
1647,-61.5957271223901,15.255256036227447,,19.87643698616913,19.87643698616913,3,A
1648,-61.5957271223901,15.255279262197442,,13.005386972879737,13.005386972879737,3,A
1649,-61.5957271223901,15.255302488167438,,20.156959251604967,20.156959251604967,3,A
1650,-61.5957271223901,15.255325714137431,,23.8072832071188,23.8072832071188,3,A
1651,-61.5957271223901,15.255348940107426,,18.50528858948242,18.50528858948242,3,A
1652,-61.5957271223901,15.255372166077422,,16.01266881142971,16.01266881142971,3,A
1653,-61.5957271223901,15.255395392047415,,17.29984973230169,17.29984973230169,3,A
1654,-61.5957271223901,15.25541861801741,,16.186536804858996,16.186536804858996,3,A
1655,-61.5957271223901,15.255441843987407,,17.55642582889848,17.55642582889848,3,A
1656,-61.5957271223901,15.2554650699574,,29.3335775272241,29.3335775272241,3,A
1657,-61.5957271223901,15.255488295927396,,17.179976801505028,17.179976801505028,3,A
1658,-61.59572712239011,15.255511521897393,,18.113923778982922,18.113923778982922,3,A
1659,-61.5957271223901,15.255534747867387,,20.39815842465045,20.39815842465045,3,A
1660,-61.5957271223901,15.25555797383738,,24.923449046012173,24.923449046012173,3,A
1661,-61.595727122390095,15.255581199807375,,18.33844118441595,18.33844118441595,3,A
1662,-61.5957271223901,15.255604425777372,,17.650270072668462,17.650270072668462,3,A
1663,-61.5957271223901,15.255627651747366,,19.514318922546693,19.514318922546693,3,A
1664,-61.5957271223901,15.255650877717361,,24.282035163245965,24.282035163245965,3,A
1665,-61.5957271223901,15.255674103687358,,19.996532142634226,19.996532142634226,3,A
1666,-61.59572712239011,15.255697329657352,,23.03560945737929,23.03560945737929,3,A
1667,-61.5957271223901,15.255720555627347,,20.310117107836284,20.310117107836284,3,A
1668,-61.5957271223901,15.25574378159734,,21.77193610174382,21.77193610174382,3,A
1669,-61.5957271223901,15.255767007567336,,21.34035768772771,21.34035768772771,3,A
1670,-61.5957271223901,15.255790233537331,,15.60618465597415,15.60618465597415,3,A
1671,-61.5957271223901,15.255813459507326,,18.021617414246716,18.021617414246716,3,A
1672,-61.59572712239011,15.255836685477322,,17.60324155557169,17.60324155557169,3,A
1673,-61.5957271223901,15.255859911447317,,20.52304880018173,20.52304880018173,3,A
1674,-61.5957271223901,15.25588313741731,,24.139986941029363,24.139986941029363,3,A
1675,-61.5957271223901,15.255906363387306,,21.581359820999257,21.581359820999257,3,A
1676,-61.59572712239011,15.2559295893573,,23.171036956467898,23.171036956467898,3,A
1677,-61.5957271223901,15.255952815327296,,20.61580527760801,20.61580527760801,3,A
1678,-61.5957271223901,15.255976041297291,,17.53022783191954,17.53022783191954,3,A
1679,-61.5957271223901,15.255999267267285,,18.771747035114952,18.771747035114952,3,A
1680,-61.59572712239011,15.256022493237282,,18.45803571119147,18.45803571119147,3,A
1681,-61.5957271223901,15.256045719207275,,16.71599322413609,16.71599322413609,3,A
1682,-61.5957271223901,15.25606894517727,,18.061335913315357,18.061335913315357,3,A
1683,-61.5957271223901,15.256092171147266,,18.276650058050762,18.276650058050762,3,A
1684,-61.5957271223901,15.25611539711726,,18.83790288029116,18.83790288029116,3,A
1685,-61.5957271223901,15.256138623087255,,18.97700334762353,18.97700334762353,3,A
1686,-61.5957271223901,15.256161849057248,,20.435774603508786,20.435774603508786,3,A
1687,-61.5957271223901,15.256185075027245,,20.857921835398955,20.857921835398955,3,A
1688,-61.5957271223901,15.25620830099724,,25.05687185269782,25.05687185269782,3,A
1689,-61.5957271223901,15.256231526967234,,17.39502934931012,17.39502934931012,3,A
1690,-61.59572712239011,15.256254752937231,,15.947700125905515,15.947700125905515,3,A
1691,-61.5957271223901,15.256277978907224,,16.407598022454646,16.407598022454646,3,A
1692,-61.59572712239011,15.25630120487722,,17.62937369930164,17.62937369930164,3,A
1693,-61.5957271223901,15.256324430847213,,21.13512071782027,21.13512071782027,3,A
1694,-61.59572712239011,15.25634765681721,,18.532874842912626,18.532874842912626,3,A
1695,-61.5957271223901,15.256370882787204,,18.528067244815663,18.528067244815663,3,A
1696,-61.5957271223901,15.256394108757199,,20.173018678289584,20.173018678289584,3,A
1697,-61.59572712239011,15.256417334727196,,15.3449988694518,15.3449988694518,3,A
1698,-61.59572712239011,15.25644056069719,,22.696918065550353,22.696918065550353,3,A
1699,-61.5957271223901,15.256463786667185,,20.671400733453,20.671400733453,3,A
1700,-61.5957271223901,15.256487012637178,,23.53599871132047,23.53599871132047,3,A
1701,-61.5957271223901,15.256510238607175,,23.758112436800147,23.758112436800147,3,A
1702,-61.5957271223901,15.256533464577169,,21.673436491083628,21.673436491083628,3,A
1703,-61.5957271223901,15.256556690547164,,14.24159544146827,14.24159544146827,3,A
1704,-61.595727122390095,15.256579916517158,,14.583027312199809,14.583027312199809,3,A
1705,-61.5957271223901,15.256603142487155,,15.850495894852571,15.850495894852571,3,A
1706,-61.5957271223901,15.25662636845715,,13.92340902116413,13.92340902116413,3,A
1707,-61.5957271223901,15.256649594427143,,18.144127113579284,18.144127113579284,3,A
1708,-61.5957271223901,15.25667282039714,,17.325643144424262,17.325643144424262,3,A
1709,-61.5957271223901,15.256696046367134,,19.59134075605456,19.59134075605456,3,A
1710,-61.5957271223901,15.25671927233713,,19.609948623263808,19.609948623263808,3,A
1711,-61.5957271223901,15.256742498307123,,18.19862851360272,18.19862851360272,3,A
1712,-61.5957271223901,15.25676572427712,,16.35431356812152,16.35431356812152,3,A
1713,-61.5957271223901,15.256788950247113,,19.27072745546695,19.27072745546695,3,A
1714,-61.5957271223901,15.256812176217109,,19.510096676907473,19.510096676907473,3,A
1715,-61.59572712239011,15.256835402187106,,18.518439528318442,18.518439528318442,3,A
1716,-61.5957271223901,15.256858628157099,,24.82679067089276,24.82679067089276,3,A
1717,-61.5957271223901,15.256881854127094,,15.081935317167861,15.081935317167861,3,A
1718,-61.5957271223901,15.256905080097088,,16.3864848330843,16.3864848330843,3,A
1719,-61.59572712239011,15.256928306067085,,21.92823923520976,21.92823923520976,3,A
1720,-61.5957271223901,15.256951532037078,,18.70789014007684,18.70789014007684,3,A
1721,-61.5957271223901,15.256974758007074,,14.04742346843905,14.04742346843905,3,A
1722,-61.5957271223901,15.25699798397707,,10.833899878597194,10.833899878597194,3,A
1723,-61.59572712239011,15.257021209947064,,17.64222897646779,17.64222897646779,3,A
1724,-61.5957271223901,15.25704443591706,,25.389389681769686,25.389389681769686,3,A
1725,-61.5957271223901,15.257067661887053,,15.150384341243395,15.150384341243395,3,A
1726,-61.5957271223901,15.25709088785705,,23.12869707849157,23.12869707849157,3,A
1727,-61.5957271223901,15.257114113827043,,22.5301326974614,22.5301326974614,3,A
1728,-61.5957271223901,15.257137339797039,,22.381632390440526,22.381632390440526,3,A
1729,-61.5957271223901,15.257160565767034,,17.24537363799243,17.24537363799243,3,A
1730,-61.5957271223901,15.25718379173703,,17.56394945453994,17.56394945453994,3,A
1731,-61.5957271223901,15.257207017707024,,22.240960149043914,22.240960149043914,3,A
1732,-61.5957271223901,15.257230243677018,,17.37199527183808,17.37199527183808,3,A
1733,-61.59572712239011,15.257253469647015,,21.896627979552015,21.896627979552015,3,A
1734,-61.5957271223901,15.257276695617008,,20.584269092524313,20.584269092524313,3,A
1735,-61.5957271223901,15.257299921587004,,19.779387257449887,19.779387257449887,3,A
1736,-61.5957271223901,15.257323147556999,,16.93156798012629,16.93156798012629,3,A
1737,-61.59572712239011,15.257346373526994,,18.332045968661493,18.332045968661493,3,A
1738,-61.5957271223901,15.25736959949699,,18.748371298525957,18.748371298525957,3,A
1739,-61.5957271223901,15.257392825466983,,27.65393276139984,27.65393276139984,3,A
1740,-61.5957271223901,15.25741605143698,,15.402773626436122,15.402773626436122,3,A
1741,-61.59572712239011,15.257439277406974,,19.31149458254614,19.31149458254614,3,A
1742,-61.5957271223901,15.257462503376969,,15.03606999520017,15.03606999520017,3,A
1743,-61.5957271223901,15.257485729346964,,21.300765268019,21.300765268019,3,A
1744,-61.5957271223901,15.25750895531696,,14.625412404262677,14.625412404262677,3,A
1745,-61.59572712239011,15.257532181286955,,13.56726540930553,13.56726540930553,3,A
1746,-61.5957271223901,15.257555407256948,,22.770173779190735,22.770173779190735,3,A
1747,-61.59572712239011,15.257578633226945,,18.709062800941886,18.709062800941886,3,A
1748,-61.5957271223901,15.257601859196939,,18.673851220969805,18.673851220969805,3,A
1749,-61.59572712239011,15.257625085166934,,19.54037160452751,19.54037160452751,3,A
1750,-61.5957271223901,15.25764831113693,,17.226202428217377,17.226202428217377,3,A
1751,-61.59572712239011,15.257671537106924,,18.75508409616495,18.75508409616495,3,A
1752,-61.5957271223901,15.25769476307692,,23.852187456661454,23.852187456661454,3,A
1753,-61.5957271223901,15.257717989046913,,23.989122207775765,23.989122207775765,3,A
1754,-61.5957271223901,15.257741215016908,,18.719269799532253,18.719269799532253,3,A
1755,-61.5957271223901,15.257764440986904,,17.34710313341678,17.34710313341678,3,A
1756,-61.5957271223901,15.257787666956899,,20.608296547138828,20.608296547138828,3,A
1757,-61.5957271223901,15.257810892926894,,19.78915409511721,19.78915409511721,3,A
1758,-61.59572712239011,15.25783411889689,,21.39899715386492,21.39899715386492,3,A
1759,-61.5957271223901,15.257857344866885,,19.561936672641153,19.561936672641153,3,A
1760,-61.5957271223901,15.257880570836878,,19.05196895584005,19.05196895584005,3,A
1761,-61.595727122390095,15.257903796806874,,16.376142726122822,16.376142726122822,3,A
1762,-61.5957271223901,15.257927022776867,,18.131882273172852,18.131882273172852,3,A
1763,-61.5957271223901,15.257950248746862,,23.588772614967745,23.588772614967745,3,A
1764,-61.5957271223901,15.257973474716856,,16.34313193204945,16.34313193204945,3,A
1765,-61.5957271223901,15.257996700686853,,17.363428148988305,17.363428148988305,3,A
1766,-61.5957271223901,15.258019926656848,,19.54909738830496,19.54909738830496,3,A
1767,-61.5957271223901,15.258043152626842,,17.812578284524186,17.812578284524186,3,A
1768,-61.5957271223901,15.258066378596837,,20.23174448533189,20.23174448533189,3,A
1769,-61.5957271223901,15.258089604566832,,15.526182246542568,15.526182246542568,3,A
1770,-61.5957271223901,15.258112830536827,,18.768316381893015,18.768316381893015,3,A
1771,-61.5957271223901,15.258136056506821,,20.202741815550972,20.202741815550972,3,A
1772,-61.59572712239011,15.258159282476818,,22.6933113229964,22.6933113229964,3,A
1773,-61.5957271223901,15.258182508446813,,16.817459647850463,16.817459647850463,3,A
1774,-61.5957271223901,15.258205734416807,,17.00899375175318,17.00899375175318,3,A
1775,-61.5957271223901,15.258228960386802,,19.789767783133176,19.789767783133176,3,A
1776,-61.59572712239011,15.258252186356797,,19.559825962119184,19.559825962119184,3,A
1777,-61.5957271223901,15.258275412326793,,16.85168523520086,16.85168523520086,3,A
1778,-61.5957271223901,15.258298638296786,,22.10432601592659,22.10432601592659,3,A
1779,-61.5957271223901,15.258321864266781,,20.782572793684043,20.782572793684043,3,A
1780,-61.59572712239011,15.258345090236777,,18.09076346342654,18.09076346342654,3,A
1781,-61.5957271223901,15.258368316206772,,19.48230235090175,19.48230235090175,3,A
1782,-61.5957271223901,15.258391542176767,,21.31774629178777,21.31774629178777,3,A
1783,-61.5957271223901,15.258414768146762,,22.148544434380995,22.148544434380995,3,A
1784,-61.5957271223901,15.258437994116758,,28.42907487618063,28.42907487618063,3,A
1785,-61.5957271223901,15.258461220086751,,23.092476146885637,23.092476146885637,3,A
1786,-61.5957271223901,15.258484446056746,,17.52699744021769,17.52699744021769,3,A
1787,-61.5957271223901,15.258507672026742,,18.197872784035773,18.197872784035773,3,A
1788,-61.5957271223901,15.258530897996737,,12.075778469289517,12.075778469289517,3,A
1789,-61.5957271223901,15.258554123966732,,17.210823639501534,17.210823639501534,3,A
1790,-61.59572712239011,15.258577349936727,,19.068814193670697,19.068814193670697,3,A
1791,-61.5957271223901,15.258600575906723,,22.674393447169404,22.674393447169404,3,A
1792,-61.5957271223901,15.258623801876716,,12.050952340417444,12.050952340417444,3,A
1793,-61.5957271223901,15.258647027846711,,19.929360519656097,19.929360519656097,3,A
1794,-61.59572712239011,15.258670253816707,,21.94714234367601,21.94714234367601,3,A
1795,-61.5957271223901,15.258693479786702,,19.879808629758113,19.879808629758113,3,A
1796,-61.5957271223901,15.258716705756697,,21.625415448470147,21.625415448470147,3,A
1797,-61.59572712239011,15.258739931726693,,22.983013052622344,22.983013052622344,3,A
1798,-61.59572712239011,15.258763157696688,,14.689043607505692,14.689043607505692,3,A
1799,-61.5957271223901,15.258786383666681,,18.6695815301616,18.6695815301616,3,A
1800,-61.5957271223901,15.258809609636677,,16.555134895100906,16.555134895100906,3,A
1801,-61.5957271223901,15.258832835606672,,23.07194866386202,23.07194866386202,3,A
1802,-61.59572712239011,15.258856061576667,,16.503066962549624,16.503066962549624,3,A
1803,-61.5957271223901,15.258879287546662,,20.450109118955705,20.450109118955705,3,A
1804,-61.5957271223901,15.258902513516656,,15.87913486604368,15.87913486604368,3,A
1805,-61.5957271223901,15.258925739486653,,22.99183914892034,22.99183914892034,3,A
1806,-61.59572712239011,15.258948965456646,,16.006306182782417,16.006306182782417,3,A
1807,-61.5957271223901,15.258972191426642,,17.791857236684255,17.791857236684255,3,A
1808,-61.5957271223901,15.258995417396637,,17.000604929865165,17.000604929865165,3,A
1809,-61.5957271223901,15.259018643366632,,17.551337420176637,17.551337420176637,3,A
1810,-61.5957271223901,15.259041869336627,,16.402091583733252,16.402091583733252,3,A
1811,-61.5957271223901,15.259065095306621,,16.306361758661275,16.306361758661275,3,A
1812,-61.5957271223901,15.259088321276618,,20.383497498152504,20.383497498152504,3,A
1813,-61.5957271223901,15.259111547246611,,22.1591689185504,22.1591689185504,3,A
1814,-61.5957271223901,15.259134773216607,,18.76651895567748,18.76651895567748,3,A
1815,-61.59572712239011,15.259157999186602,,19.136371454606586,19.136371454606586,3,A
1816,-61.5957271223901,15.259181225156597,,12.76985346571675,12.76985346571675,3,A
1817,-61.5957271223901,15.259204451126593,,21.521454053007027,21.521454053007027,3,A
1818,-61.595727122390095,15.259227677096586,,16.328326278329595,16.328326278329595,3,A
1819,-61.5957271223901,15.259250903066583,,14.068190820689903,14.068190820689903,3,A
1820,-61.5957271223901,15.259274129036577,,19.37349881026701,19.37349881026701,3,A
1821,-61.5957271223901,15.259297355006572,,18.76420082727996,18.76420082727996,3,A
1822,-61.5957271223901,15.259320580976567,,11.279477025751422,11.279477025751422,3,A
1823,-61.59572712239011,15.259343806946562,,17.751266347867606,17.751266347867606,3,A
1824,-61.5957271223901,15.259367032916558,,22.740310828097222,22.740310828097222,3,A
1825,-61.5957271223901,15.259390258886551,,23.116104663271027,23.116104663271027,3,A
1826,-61.5957271223901,15.259413484856548,,19.638706527155787,19.638706527155787,3,A
1827,-61.5957271223901,15.259436710826542,,23.008433931879352,23.008433931879352,3,A
1828,-61.5957271223901,15.259459936796537,,17.94712397010245,17.94712397010245,3,A
1829,-61.5957271223901,15.25948316276653,,16.864658551245675,16.864658551245675,3,A
1830,-61.5957271223901,15.259506388736527,,21.046486334605166,21.046486334605166,3,A
1831,-61.5957271223901,15.259529614706523,,22.668037554854354,22.668037554854354,3,A
1832,-61.5957271223901,15.259552840676516,,18.48628830192375,18.48628830192375,3,A
1833,-61.59572712239011,15.259576066646513,,20.56264938540985,20.56264938540985,3,A
1834,-61.5957271223901,15.259599292616507,,19.58756819296542,19.58756819296542,3,A
1835,-61.5957271223901,15.259622518586502,,17.799795435437094,17.799795435437094,3,A
1836,-61.5957271223901,15.259645744556495,,21.321372633329116,21.321372633329116,3,A
1837,-61.59572712239011,15.259668970526493,,18.669486314244843,18.669486314244843,3,A
1838,-61.5957271223901,15.259692196496488,,24.180386707366964,24.180386707366964,3,A
1839,-61.5957271223901,15.259715422466481,,13.80871497050168,13.80871497050168,3,A
1840,-61.5957271223901,15.259738648436475,,21.29152779224066,21.29152779224066,3,A
1841,-61.59572712239011,15.25976187440647,,15.388554399106564,15.388554399106564,3,A
1842,-61.5957271223901,15.259785100376465,,22.957166622717978,22.957166622717978,3,A
1843,-61.5957271223901,15.259808326346459,,25.335416059247585,25.335416059247585,3,A
1844,-61.5957271223901,15.259831552316456,,22.831331034196303,22.831331034196303,3,A
1845,-61.5957271223901,15.25985477828645,,22.56370344138131,22.56370344138131,3,A
1846,-61.5957271223901,15.259878004256445,,14.398577941160104,14.398577941160104,3,A
1847,-61.59572712239011,15.25990123022644,,17.30077526309721,17.30077526309721,3,A
1848,-61.5957271223901,15.259924456196435,,16.34074120407586,16.34074120407586,3,A
1849,-61.59572712239011,15.25994768216643,,16.77029208145875,16.77029208145875,3,A
1850,-61.5957271223901,15.259970908136424,,24.192261583942035,24.192261583942035,3,A
1851,-61.59572712239011,15.259994134106421,,21.97944683238342,21.97944683238342,3,A
1852,-61.5957271223901,15.260017360076414,,20.40075042354409,20.40075042354409,3,A
1853,-61.5957271223901,15.26004058604641,,20.34876536643521,20.34876536643521,3,A
1854,-61.5957271223901,15.260063812016405,,20.626423723574394,20.626423723574394,3,A
1855,-61.59572712239011,15.2600870379864,,18.305821601096042,18.305821601096042,3,A
1856,-61.5957271223901,15.260110263956395,,19.238808192160107,19.238808192160107,3,A
1857,-61.5957271223901,15.260133489926389,,15.024829865487177,15.024829865487177,3,A
1858,-61.59572712239011,15.260156715896386,,17.304643881912416,17.304643881912416,3,A
1859,-61.59572712239011,15.26017994186638,,15.11529634160142,15.11529634160142,3,A
1860,-61.5957271223901,15.260203167836375,,22.118329850591383,22.118329850591383,3,A
1861,-61.5957271223901,15.26022639380637,,19.83850901503748,19.83850901503748,3,A
1862,-61.5957271223901,15.260249619776365,,20.23737032883586,20.23737032883586,3,A
1863,-61.5957271223901,15.26027284574636,,16.030418314012316,16.030418314012316,3,A
1864,-61.5957271223901,15.260296071716354,,22.0428801269969,22.0428801269969,3,A
1865,-61.5957271223901,15.260319297686351,,21.35153632003601,21.35153632003601,3,A
1866,-61.5957271223901,15.260342523656345,,15.015566951567198,15.015566951567198,3,A
1867,-61.5957271223901,15.26036574962634,,20.300289612485305,20.300289612485305,3,A
1868,-61.5957271223901,15.260388975596333,,22.17208352915733,22.17208352915733,3,A
1869,-61.5957271223901,15.26041220156633,,19.89476434110259,19.89476434110259,3,A
1870,-61.5957271223901,15.260435427536326,,20.405058144696806,20.405058144696806,3,A
1871,-61.5957271223901,15.26045865350632,,24.98176514191394,24.98176514191394,3,A
1872,-61.59572712239011,15.260481879476316,,21.341713869163147,21.341713869163147,3,A
1873,-61.5957271223901,15.26050510544631,,17.30936352232484,17.30936352232484,3,A
1874,-61.5957271223901,15.260528331416305,,14.145545040093486,14.145545040093486,3,A
1875,-61.5957271223901,15.2605515573863,,17.155075865995794,17.155075865995794,3,A
1876,-61.59572712239011,15.260574783356295,,18.09212125206106,18.09212125206106,3,A
1877,-61.5957271223901,15.26059800932629,,17.570195007342544,17.570195007342544,3,A
1878,-61.5957271223901,15.260621235296284,,17.4165491134395,17.4165491134395,3,A
1879,-61.5957271223901,15.26064446126628,,17.279852747886082,17.279852747886082,3,A
1880,-61.59572712239011,15.260667687236275,,22.457609734827937,22.457609734827937,3,A
1881,-61.5957271223901,15.26069091320627,,21.421530327865025,21.421530327865025,3,A
1882,-61.5957271223901,15.260714139176265,,11.710088439828183,11.710088439828183,3,A
1883,-61.5957271223901,15.26073736514626,,24.28855590482585,24.28855590482585,3,A
1884,-61.5957271223901,15.260760591116254,,18.179886673567683,18.179886673567683,3,A
1885,-61.5957271223901,15.26078381708625,,22.53389112611666,22.53389112611666,3,A
1886,-61.5957271223901,15.260807043056243,,21.255702967199355,21.255702967199355,3,A
1887,-61.5957271223901,15.26083026902624,,18.530232570663856,18.530232570663856,3,A
1888,-61.5957271223901,15.260853494996235,,19.00587107950174,19.00587107950174,3,A
1889,-61.5957271223901,15.260876720966229,,20.183285373556416,20.183285373556416,3,A
1890,-61.59572712239011,15.260899946936226,,19.684599045292913,19.684599045292913,3,A
1891,-61.5957271223901,15.260923172906221,,22.18518528237769,22.18518528237769,3,A
1892,-61.5957271223901,15.260946398876214,,21.731018496158008,21.731018496158008,3,A
1893,-61.5957271223901,15.260969624846208,,22.839818955655765,22.839818955655765,3,A
1894,-61.59572712239011,15.260992850816205,,18.160038968972344,18.160038968972344,3,A
1895,-61.5957271223901,15.2610160767862,,18.728109321188374,18.728109321188374,3,A
1896,-61.5957271223901,15.261039302756194,,16.997901739184954,16.997901739184954,3,A
1897,-61.5957271223901,15.26106252872619,,18.474430359098605,18.474430359098605,3,A
1898,-61.59572712239011,15.261085754696186,,18.95628783859999,18.95628783859999,3,A
1899,-61.5957271223901,15.26110898066618,,22.185242056345405,22.185242056345405,3,A
1900,-61.5957271223901,15.261132206636175,,26.886007255332057,26.886007255332057,3,A
1901,-61.5957271223901,15.26115543260617,,17.742740126572603,17.742740126572603,3,A
1902,-61.59572712239011,15.261178658576164,,21.741911307063305,21.741911307063305,3,A
1903,-61.5957271223901,15.261201884546159,,18.173852715175162,18.173852715175162,3,A
1904,-61.5957271223901,15.261225110516154,,22.57861780535019,22.57861780535019,3,A
1905,-61.5957271223901,15.261248336486151,,20.304391002923914,20.304391002923914,3,A
1906,-61.59572712239011,15.261271562456145,,15.421382091410578,15.421382091410578,3,A
1907,-61.5957271223901,15.261294788426138,,22.99945911857495,22.99945911857495,3,A
1908,-61.59572712239011,15.261318014396135,,21.372644733678904,21.372644733678904,3,A
1909,-61.5957271223901,15.261341240366129,,20.89054640997106,20.89054640997106,3,A
1910,-61.5957271223901,15.261364466336124,,18.524041636855667,18.524041636855667,3,A
1911,-61.5957271223901,15.26138769230612,,17.37651890452521,17.37651890452521,3,A
1912,-61.5957271223901,15.261410918276114,,22.335437313362128,22.335437313362128,3,A
1913,-61.5957271223901,15.26143414424611,,17.241180995357837,17.241180995357837,3,A
1914,-61.5957271223901,15.261457370216103,,15.20601238315669,15.20601238315669,3,A
1915,-61.59572712239011,15.2614805961861,,15.792978622897628,15.792978622897628,3,A
1916,-61.5957271223901,15.261503822156095,,20.2734906828124,20.2734906828124,3,A
1917,-61.5957271223901,15.261527048126089,,23.180102534355914,23.180102534355914,3,A
1918,-61.595727122390095,15.261550274096084,,18.447729747339803,18.447729747339803,3,A
1919,-61.5957271223901,15.261573500066078,,21.715638987413776,21.715638987413776,3,A
1920,-61.5957271223901,15.261596726036073,,20.195227105983253,20.195227105983253,3,A
1921,-61.5957271223901,15.261619952006068,,25.10679191341511,25.10679191341511,3,A
1922,-61.5957271223901,15.261643177976064,,17.693907142138993,17.693907142138993,3,A
1923,-61.5957271223901,15.261666403946059,,19.7177320406966,19.7177320406966,3,A
1924,-61.5957271223901,15.261689629916052,,16.675892234849105,16.675892234849105,3,A
1925,-61.5957271223901,15.261712855886048,,19.694802729872812,19.694802729872812,3,A
1926,-61.5957271223901,15.261736081856043,,20.216544556970288,20.216544556970288,3,A
1927,-61.5957271223901,15.261759307826038,,17.804535965296814,17.804535965296814,3,A
1928,-61.5957271223901,15.261782533796032,,16.431748114028355,16.431748114028355,3,A
1929,-61.5957271223901,15.261805759766027,,23.60201120574887,23.60201120574887,3,A
1930,-61.5957271223901,15.261828985736024,,19.667900742162946,19.667900742162946,3,A
1931,-61.5957271223901,15.261852211706017,,20.01865691804129,20.01865691804129,3,A
1932,-61.5957271223901,15.261875437676013,,16.236296325987382,16.236296325987382,3,A
1933,-61.59572712239011,15.261898663646008,,19.802508388952248,19.802508388952248,3,A
1934,-61.5957271223901,15.261921889616003,,18.013683175157876,18.013683175157876,3,A
1935,-61.5957271223901,15.261945115585997,,25.035209807954274,25.035209807954274,3,A
1936,-61.5957271223901,15.261968341555992,,18.543476081434154,18.543476081434154,3,A
1937,-61.59572712239011,15.261991567525989,,21.675435292712237,21.675435292712237,3,A
1938,-61.5957271223901,15.262014793495982,,16.510248076056204,16.510248076056204,3,A
1939,-61.5957271223901,15.262038019465978,,17.086289435901865,17.086289435901865,3,A
1940,-61.5957271223901,15.262061245435973,,19.692981748708558,19.692981748708558,3,A
1941,-61.59572712239011,15.262084471405968,,17.988471718082344,17.988471718082344,3,A
1942,-61.5957271223901,15.262107697375964,,17.509754847540428,17.509754847540428,3,A
1943,-61.5957271223901,15.262130923345957,,22.240509505555764,22.240509505555764,3,A
1944,-61.5957271223901,15.262154149315954,,19.248871467498002,19.248871467498002,3,A
1945,-61.5957271223901,15.262177375285948,,19.943198681394154,19.943198681394154,3,A
1946,-61.5957271223901,15.262200601255941,,18.62178168345282,18.62178168345282,3,A
1947,-61.59572712239011,15.262223827225938,,19.915354785180977,19.915354785180977,3,A
1948,-61.5957271223901,15.262247053195933,,13.947346140634176,13.947346140634176,3,A
1949,-61.5957271223901,15.262270279165929,,19.18168717058976,19.18168717058976,3,A
1950,-61.5957271223901,15.262293505135922,,18.710281805904362,18.710281805904362,3,A
1951,-61.59572712239011,15.262316731105917,,27.89853977429473,27.89853977429473,3,A
1952,-61.5957271223901,15.262339957075913,,19.12998839680958,19.12998839680958,3,A
1953,-61.5957271223901,15.262363183045906,,16.86442313651207,16.86442313651207,3,A
1954,-61.5957271223901,15.262386409015901,,13.862746236913582,13.862746236913582,3,A
1955,-61.59572712239011,15.262409634985898,,19.08069560998515,19.08069560998515,3,A
1956,-61.5957271223901,15.262432860955892,,21.907770307566977,21.907770307566977,3,A
1957,-61.5957271223901,15.262456086925887,,19.31517973583656,19.31517973583656,3,A
1958,-61.59572712239011,15.262479312895884,,20.868292850023966,20.868292850023966,3,A
1959,-61.59572712239011,15.262502538865878,,21.65145010515611,21.65145010515611,3,A
1960,-61.5957271223901,15.262525764835871,,15.286715344992773,15.286715344992773,3,A
1961,-61.5957271223901,15.262548990805866,,23.437568884059054,23.437568884059054,3,A
1962,-61.5957271223901,15.262572216775864,,26.833781825745106,26.833781825745106,3,A
1963,-61.59572712239011,15.262595442745857,,19.30426162284603,19.30426162284603,3,A
1964,-61.5957271223901,15.262618668715852,,21.238605857744034,21.238605857744034,3,A
1965,-61.5957271223901,15.26264189468585,,19.335392596003402,19.335392596003402,3,A
1966,-61.5957271223901,15.262665120655843,,23.836628923397505,23.836628923397505,3,A
1967,-61.5957271223901,15.262688346625838,,29.937899859308608,29.937899859308608,3,A
1968,-61.5957271223901,15.262711572595832,,20.734074092869978,20.734074092869978,3,A
1969,-61.5957271223901,15.262734798565827,,17.607439298250323,17.607439298250323,3,A
1970,-61.5957271223901,15.262758024535822,,17.475473517073887,17.475473517073887,3,A
1971,-61.5957271223901,15.262781250505817,,14.749657818016445,14.749657818016445,3,A
1972,-61.59572712239011,15.262804476475814,,21.62532817351182,21.62532817351182,3,A
1973,-61.5957271223901,15.262827702445808,,21.697395162580076,21.697395162580076,3,A
1974,-61.5957271223901,15.262850928415801,,21.058350757805872,21.058350757805872,3,A
1975,-61.5957271223901,15.262874154385797,,18.93231893484376,18.93231893484376,3,A
1976,-61.5957271223901,15.262897380355792,,23.23314161578513,23.23314161578513,3,A
1977,-61.5957271223901,15.262920606325787,,18.13123380473657,18.13123380473657,3,A
1978,-61.5957271223901,15.262943832295782,,19.05731015125467,19.05731015125467,3,A
1979,-61.595727122390095,15.262967058265776,,17.92646893417722,17.92646893417722,3,A
1980,-61.59572712239011,15.262990284235773,,19.99684530115132,19.99684530115132,3,A
1981,-61.5957271223901,15.263013510205766,,23.841305932417573,23.841305932417573,3,A
1982,-61.5957271223901,15.263036736175762,,24.07584940033136,24.07584940033136,3,A
1983,-61.5957271223901,15.263059962145759,,19.402504135821427,19.402504135821427,3,A
1984,-61.5957271223901,15.263083188115752,,20.73653404422513,20.73653404422513,3,A
1985,-61.5957271223901,15.263106414085748,,28.31564716801533,28.31564716801533,3,A
1986,-61.5957271223901,15.263129640055741,,19.66603419759442,19.66603419759442,3,A
1987,-61.5957271223901,15.263152866025738,,21.257341265539125,21.257341265539125,3,A
1988,-61.5957271223901,15.263176091995732,,15.419607101061237,15.419607101061237,3,A
1989,-61.5957271223901,15.263199317965727,,20.05731895562373,20.05731895562373,3,A
1990,-61.59572712239011,15.263222543935722,,17.130294216466392,17.130294216466392,3,A
1991,-61.5957271223901,15.263245769905717,,20.318397173976773,20.318397173976773,3,A
1992,-61.5957271223901,15.263268995875713,,18.553210284902075,18.553210284902075,3,A
1993,-61.5957271223901,15.263292221845706,,21.072616972349074,21.072616972349074,3,A
1994,-61.59572712239011,15.263315447815703,,18.177934059408162,18.177934059408162,3,A
1995,-61.5957271223901,15.263338673785697,,26.356994614450983,26.356994614450983,3,A
1996,-61.5957271223901,15.263361899755692,,21.84633438548856,21.84633438548856,3,A
1997,-61.5957271223901,15.263385125725687,,21.565678949602884,21.565678949602884,3,A
1998,-61.59572712239011,15.26340835169568,,22.891941983925815,22.891941983925815,3,A
1999,-61.5957271223901,15.263431577665678,,17.98263977047658,17.98263977047658,3,A
2000,-61.5957271223901,15.263454803635671,,21.290818945131438,21.290818945131438,3,A
2001,-61.5957271223901,15.263478029605666,,19.495833865921437,19.495833865921437,3,A
2002,-61.5957271223901,15.26350125557566,,20.49468113057187,20.49468113057187,3,A
2003,-61.5957271223901,15.263524481545655,,23.25195197366925,23.25195197366925,3,A
2004,-61.5957271223901,15.263547707515649,,17.092953352915515,17.092953352915515,3,A
2005,-61.5957271223901,15.263570933485646,,19.305496036728318,19.305496036728318,3,A
2006,-61.59572712239011,15.263594159455641,,25.244829835439575,25.244829835439575,3,A
2007,-61.5957271223901,15.263617385425635,,20.17689799529533,20.17689799529533,3,A
2008,-61.59572712239011,15.263640611395632,,24.080271678739265,24.080271678739265,3,A
2009,-61.5957271223901,15.263663837365625,,19.178823326588525,19.178823326588525,3,A
2010,-61.5957271223901,15.26368706333562,,22.945141737605415,22.945141737605415,3,A
2011,-61.5957271223901,15.263710289305614,,23.66047976032009,23.66047976032009,3,A
2012,-61.59572712239011,15.26373351527561,,18.705785376359113,18.705785376359113,3,A
2013,-61.5957271223901,15.263756741245604,,21.426681777756855,21.426681777756855,3,A
2014,-61.5957271223901,15.2637799672156,,26.390957492984448,26.390957492984448,3,A
2015,-61.59572712239011,15.263803193185597,,22.138213713633466,22.138213713633466,3,A
2016,-61.59572712239011,15.263826419155592,,20.635597599619576,20.635597599619576,3,A
2017,-61.5957271223901,15.263849645125585,,19.271476466348133,19.271476466348133,3,A
2018,-61.5957271223901,15.263872871095579,,21.69810041014529,21.69810041014529,3,A
2019,-61.5957271223901,15.263896097065576,,19.88166084850875,19.88166084850875,3,A
2020,-61.5957271223901,15.26391932303557,,23.297029883356753,23.297029883356753,3,A
2021,-61.5957271223901,15.263942549005565,,19.522162909489335,19.522162909489335,3,A
2022,-61.5957271223901,15.263965774975562,,17.123271379098135,17.123271379098135,3,A
2023,-61.5957271223901,15.263989000945555,,19.504125717422312,19.504125717422312,3,A
2024,-61.5957271223901,15.26401222691555,,18.59252922998383,18.59252922998383,3,A
2025,-61.5957271223901,15.264035452885544,,18.525326631864264,18.525326631864264,3,A
2026,-61.5957271223901,15.264058678855541,,18.85528547592692,18.85528547592692,3,A
2027,-61.5957271223901,15.264081904825535,,17.414048876529492,17.414048876529492,3,A
2028,-61.5957271223901,15.26410513079553,,17.930552342605655,17.930552342605655,3,A
2029,-61.59572712239011,15.264128356765527,,18.71635802810613,18.71635802810613,3,A
2030,-61.5957271223901,15.26415158273552,,20.151003121228477,20.151003121228477,3,A
2031,-61.5957271223901,15.264174808705516,,20.216589372213157,20.216589372213157,3,A
2032,-61.5957271223901,15.264198034675509,,24.88713534829937,24.88713534829937,3,A
2033,-61.59572712239011,15.264221260645506,,15.206359057233223,15.206359057233223,3,A
2034,-61.5957271223901,15.2642444866155,,23.78781485062088,23.78781485062088,3,A
2035,-61.5957271223901,15.264267712585495,,16.456651254209987,16.456651254209987,3,A
2036,-61.5957271223901,15.26429093855549,,20.543949326455408,20.543949326455408,3,A
2037,-61.59572712239011,15.264314164525485,,24.56881903456,24.56881903456,3,A
2038,-61.5957271223901,15.26433739049548,,22.092366622361403,22.092366622361403,3,A
2039,-61.5957271223901,15.264360616465474,,22.084544843386908,22.084544843386908,3,A
2040,-61.5957271223901,15.264383842435471,,21.578942904353106,21.578942904353106,3,A
2041,-61.59572712239011,15.264407068405465,,19.438354500266605,19.438354500266605,3,A
2042,-61.5957271223901,15.26443029437546,,15.754106172742308,15.754106172742308,3,A
2043,-61.5957271223901,15.264453520345455,,12.888743860343933,12.888743860343933,3,A
2044,-61.5957271223901,15.26447674631545,,22.40078499428093,22.40078499428093,3,A
2045,-61.5957271223901,15.264499972285446,,23.3999271070104,23.3999271070104,3,A
2046,-61.5957271223901,15.26452319825544,,14.617981227279515,14.617981227279515,3,A
2047,-61.59572712239011,15.264546424225436,,18.52554988460065,18.52554988460065,3,A
2048,-61.5957271223901,15.26456965019543,,18.342293941113553,18.342293941113553,3,A
2049,-61.5957271223901,15.264592876165425,,17.702208765483903,17.702208765483903,3,A
2050,-61.5957271223901,15.26461610213542,,22.58167546789683,22.58167546789683,3,A
2051,-61.59572712239011,15.264639328105416,,18.518850361614163,18.518850361614163,3,A
2052,-61.5957271223901,15.26466255407541,,18.929294558703646,18.929294558703646,3,A
2053,-61.5957271223901,15.264685780045404,,13.778979300012779,13.778979300012779,3,A
2054,-61.5957271223901,15.264709006015401,,23.177727278651012,23.177727278651012,3,A
2055,-61.59572712239011,15.264732231985395,,20.384535540921327,20.384535540921327,3,A
2056,-61.5957271223901,15.26475545795539,,16.82289707564392,16.82289707564392,3,A
2057,-61.5957271223901,15.264778683925385,,20.074861677356882,20.074861677356882,3,A
2058,-61.5957271223901,15.26480190989538,,18.236169982780396,18.236169982780396,3,A
2059,-61.59572712239011,15.264825135865376,,19.92243152956887,19.92243152956887,3,A
2060,-61.5957271223901,15.26484836183537,,20.233658213667074,20.233658213667074,3,A
2061,-61.5957271223901,15.264871587805365,,20.01071572135051,20.01071572135051,3,A
2062,-61.5957271223901,15.26489481377536,,20.578900891635044,20.578900891635044,3,A
2063,-61.59572712239011,15.264918039745355,,18.724833981499902,18.724833981499902,3,A
2064,-61.5957271223901,15.26494126571535,,16.56899381904383,16.56899381904383,3,A
2065,-61.59572712239011,15.264964491685346,,24.39947164923919,24.39947164923919,3,A
2066,-61.5957271223901,15.264987717655341,,20.932817294998298,20.932817294998298,3,A
2067,-61.5957271223901,15.265010943625335,,18.430785416251226,18.430785416251226,3,A
2068,-61.5957271223901,15.26503416959533,,17.206699778101658,17.206699778101658,3,A
2069,-61.59572712239011,15.265057395565325,,20.08823255985101,20.08823255985101,3,A
2070,-61.5957271223901,15.26508062153532,,20.16547993821443,20.16547993821443,3,A
2071,-61.5957271223901,15.265103847505316,,21.291254334581847,21.291254334581847,3,A
2072,-61.59572712239011,15.26512707347531,,25.597437622436882,25.597437622436882,3,A
2073,-61.5957271223901,15.265150299445306,,17.991775532153827,17.991775532153827,3,A
2074,-61.5957271223901,15.2651735254153,,14.633223470955736,14.633223470955736,3,A
2075,-61.5957271223901,15.265196751385295,,18.64352407304312,18.64352407304312,3,A
2076,-61.5957271223901,15.26521997735529,,17.397271942899803,17.397271942899803,3,A
2077,-61.5957271223901,15.265243203325285,,18.44437534803333,18.44437534803333,3,A
2078,-61.5957271223901,15.26526642929528,,20.639519084937874,20.639519084937874,3,A
2079,-61.5957271223901,15.265289655265274,,20.690704895536882,20.690704895536882,3,A
2080,-61.5957271223901,15.265312881235268,,22.507616761469937,22.507616761469937,3,A
2081,-61.5957271223901,15.265336107205263,,21.707643389699438,21.707643389699438,3,A
2082,-61.5957271223901,15.265359333175258,,19.25427313318617,19.25427313318617,3,A
2083,-61.5957271223901,15.265382559145253,,23.493422734194464,23.493422734194464,3,A
2084,-61.5957271223901,15.265405785115249,,16.651785280043487,16.651785280043487,3,A
2085,-61.5957271223901,15.265429011085242,,23.043889574378998,23.043889574378998,3,A
2086,-61.5957271223901,15.265452237055237,,19.76355542285454,19.76355542285454,3,A
2087,-61.5957271223901,15.265475463025233,,17.162373674660248,17.162373674660248,3,A
2088,-61.5957271223901,15.265498688995228,,18.708097508616568,18.708097508616568,3,A
2089,-61.5957271223901,15.265521914965223,,18.908771776758886,18.908771776758886,3,A
2090,-61.59572712239011,15.265545140935219,,17.198473033454913,17.198473033454913,3,A
2091,-61.5957271223901,15.265568366905214,,18.066396224674342,18.066396224674342,3,A
2092,-61.5957271223901,15.265591592875207,,23.732256233335313,23.732256233335313,3,A
2093,-61.5957271223901,15.265614818845203,,19.469747829585057,19.469747829585057,3,A
2094,-61.59572712239011,15.265638044815198,,15.449151815784523,15.449151815784523,3,A
2095,-61.5957271223901,15.265661270785193,,16.505924620258888,16.505924620258888,3,A
2096,-61.5957271223901,15.265684496755188,,20.509262134227335,20.509262134227335,3,A
2097,-61.5957271223901,15.265707722725184,,21.30644305092802,21.30644305092802,3,A
2098,-61.59572712239011,15.265730948695179,,22.712223289059615,22.712223289059615,3,A
2099,-61.5957271223901,15.265754174665172,,21.851235960459192,21.851235960459192,3,A
2100,-61.5957271223901,15.265777400635168,,22.474229553957052,22.474229553957052,3,A
2101,-61.5957271223901,15.265800626605163,,18.197260576090166,18.197260576090166,3,A
2102,-61.5957271223901,15.265823852575158,,17.945946537786455,17.945946537786455,3,A
2103,-61.5957271223901,15.265847078545153,,14.47186894202133,14.47186894202133,3,A
2104,-61.59572712239011,15.265870304515149,,17.828032286971556,17.828032286971556,3,A
2105,-61.5957271223901,15.265893530485144,,17.314237192158462,17.314237192158462,3,A
2106,-61.5957271223901,15.265916756455137,,22.272132866583462,22.272132866583462,3,A
2107,-61.5957271223901,15.265939982425133,,18.031978299694064,18.031978299694064,3,A
2108,-61.59572712239011,15.265963208395128,,21.536171492058372,21.536171492058372,3,A
2109,-61.5957271223901,15.265986434365123,,21.585024488423223,21.585024488423223,3,A
2110,-61.5957271223901,15.266009660335119,,20.47314607936281,20.47314607936281,3,A
2111,-61.5957271223901,15.266032886305112,,20.273901642909582,20.273901642909582,3,A
2112,-61.59572712239011,15.266056112275109,,21.244789534334192,21.244789534334192,3,A
2113,-61.5957271223901,15.266079338245103,,20.150544729094594,20.150544729094594,3,A
2114,-61.5957271223901,15.266102564215098,,21.360557001563432,21.360557001563432,3,A
2115,-61.59572712239011,15.266125790185093,,20.484413169782098,20.484413169782098,3,A
2116,-61.59572712239011,15.266149016155088,,24.156558574018856,24.156558574018856,3,A
2117,-61.5957271223901,15.266172242125084,,16.17625317664126,16.17625317664126,3,A
2118,-61.5957271223901,15.266195468095077,,18.4180309164107,18.4180309164107,3,A
2119,-61.5957271223901,15.266218694065074,,21.112680609329544,21.112680609329544,3,A
2120,-61.59572712239011,15.266241920035068,,17.245663940590855,17.245663940590855,3,A
2121,-61.5957271223901,15.266265146005063,,12.851126002558455,12.851126002558455,3,A
2122,-61.5957271223901,15.266288371975058,,21.566822702936424,21.566822702936424,3,A
2123,-61.5957271223901,15.266311597945053,,20.7174301081604,20.7174301081604,3,A
2124,-61.5957271223901,15.266334823915049,,18.22129499865551,18.22129499865551,3,A
2125,-61.5957271223901,15.266358049885042,,18.451744056935706,18.451744056935706,3,A
2126,-61.5957271223901,15.26638127585504,,16.643664570746882,16.643664570746882,3,A
2127,-61.5957271223901,15.266404501825033,,21.466440569914052,21.466440569914052,3,A
2128,-61.5957271223901,15.266427727795028,,18.446338158750606,18.446338158750606,3,A
2129,-61.59572712239011,15.266450953765023,,19.609458342251866,19.609458342251866,3,A
2130,-61.5957271223901,15.266474179735019,,21.7834508371635,21.7834508371635,3,A
2131,-61.5957271223901,15.266497405705014,,18.791967437747537,18.791967437747537,3,A
2132,-61.5957271223901,15.266520631675007,,15.399078035784086,15.399078035784086,3,A
2133,-61.59572712239011,15.266543857645004,,17.989675069876565,17.989675069876565,3,A
2134,-61.5957271223901,15.266567083614998,,19.96868610674435,19.96868610674435,3,A
2135,-61.5957271223901,15.266590309584993,,17.879349247034472,17.879349247034472,3,A
2136,-61.595727122390095,15.266613535554987,,21.320918309039104,21.320918309039104,3,A
2137,-61.5957271223901,15.266636761524984,,20.357669592162036,20.357669592162036,3,A
2138,-61.5957271223901,15.266659987494979,,17.88605676588108,17.88605676588108,3,A
2139,-61.5957271223901,15.266683213464972,,21.747938869822114,21.747938869822114,3,A
2140,-61.5957271223901,15.26670643943497,,20.532733964165327,20.532733964165327,3,A
2141,-61.59572712239011,15.266729665404963,,22.95617555650223,22.95617555650223,3,A
2142,-61.5957271223901,15.266752891374956,,19.67021519957354,19.67021519957354,3,A
2143,-61.5957271223901,15.266776117344952,,20.371847308853496,20.371847308853496,3,A
2144,-61.5957271223901,15.266799343314949,,17.99079042971863,17.99079042971863,3,A
2145,-61.5957271223901,15.266822569284942,,11.543792684453912,11.543792684453912,3,A
2146,-61.5957271223901,15.266845795254937,,23.99249949644153,23.99249949644153,3,A
2147,-61.59572712239011,15.266869021224934,,18.708178021653165,18.708178021653165,3,A
2148,-61.5957271223901,15.266892247194928,,18.535880232746436,18.535880232746436,3,A
2149,-61.5957271223901,15.266915473164923,,21.351929255088162,21.351929255088162,3,A
2150,-61.5957271223901,15.266938699134917,,25.322441171246933,25.322441171246933,3,A
2151,-61.59572712239011,15.266961925104914,,15.986528045259714,15.986528045259714,3,A
2152,-61.5957271223901,15.266985151074907,,21.87064721706941,21.87064721706941,3,A
2153,-61.5957271223901,15.267008377044903,,19.895893943693896,19.895893943693896,3,A
2154,-61.5957271223901,15.2670316030149,,20.631223086814458,20.631223086814458,3,A
2155,-61.59572712239011,15.267054828984893,,15.683257045861893,15.683257045861893,3,A
2156,-61.5957271223901,15.267078054954888,,21.451474952870946,21.451474952870946,3,A
2157,-61.5957271223901,15.267101280924882,,19.40402898876078,19.40402898876078,3,A
2158,-61.5957271223901,15.267124506894877,,16.603444560599034,16.603444560599034,3,A
2159,-61.5957271223901,15.26714773286487,,16.057233452563448,16.057233452563448,3,A
2160,-61.5957271223901,15.267170958834866,,20.653028946613297,20.653028946613297,3,A
2161,-61.5957271223901,15.267194184804861,,20.891541824742987,20.891541824742987,3,A
2162,-61.5957271223901,15.267217410774856,,21.764424494034415,21.764424494034415,3,A
2163,-61.5957271223901,15.267240636744852,,16.42084512040549,16.42084512040549,3,A
2164,-61.5957271223901,15.267263862714845,,19.337739399581288,19.337739399581288,3,A
2165,-61.59572712239011,15.267287088684842,,23.07070132279805,23.07070132279805,3,A
2166,-61.5957271223901,15.267310314654836,,25.47065771427957,25.47065771427957,3,A
2167,-61.5957271223901,15.267333540624831,,21.521466126586954,21.521466126586954,3,A
2168,-61.5957271223901,15.267356766594824,,19.09770371832818,19.09770371832818,3,A
2169,-61.59572712239011,15.267379992564821,,18.852602926628546,18.852602926628546,3,A
2170,-61.5957271223901,15.267403218534817,,20.450328916548074,20.450328916548074,3,A
2171,-61.5957271223901,15.26742644450481,,18.99828130669203,18.99828130669203,3,A
2172,-61.59572712239011,15.267449670474807,,15.208438167011604,15.208438167011604,3,A
2173,-61.59572712239011,15.2674728964448,,12.2506932723167,12.2506932723167,3,A
2174,-61.5957271223901,15.267496122414796,,18.078342499591436,18.078342499591436,3,A
2175,-61.5957271223901,15.267519348384791,,24.202125800527973,24.202125800527973,3,A
2176,-61.5957271223901,15.267542574354787,,21.47933497355336,21.47933497355336,3,A
2177,-61.5957271223901,15.267565800324782,,18.972260661806143,18.972260661806143,3,A
2178,-61.5957271223901,15.267589026294775,,15.047362299453495,15.047362299453495,3,A
2179,-61.5957271223901,15.267612252264772,,19.440672764130788,19.440672764130788,3,A
2180,-61.5957271223901,15.267635478234766,,20.116085585574485,20.116085585574485,3,A
2181,-61.5957271223901,15.267658704204761,,20.595659071271733,20.595659071271733,3,A
2182,-61.5957271223901,15.267681930174756,,18.44214241274063,18.44214241274063,3,A
2183,-61.5957271223901,15.267705156144752,,17.96009673319802,17.96009673319802,3,A
2184,-61.5957271223901,15.267728382114747,,19.048255703612778,19.048255703612778,3,A
2185,-61.5957271223901,15.26775160808474,,28.539057065939314,28.539057065939314,3,A
2186,-61.5957271223901,15.267774834054734,,17.781900463787185,17.781900463787185,3,A
2187,-61.5957271223901,15.267798060024731,,16.673980168953086,16.673980168953086,3,A
2188,-61.5957271223901,15.267821285994726,,20.31666937528662,20.31666937528662,3,A
2189,-61.5957271223901,15.26784451196472,,17.864560495772935,17.864560495772935,3,A
2190,-61.59572712239011,15.267867737934717,,20.74379384223428,20.74379384223428,3,A
2191,-61.5957271223901,15.267890963904712,,20.177811380135193,20.177811380135193,3,A
2192,-61.5957271223901,15.267914189874705,,21.985560987486977,21.985560987486977,3,A
2193,-61.5957271223901,15.267937415844699,,23.27420050330867,23.27420050330867,3,A
2194,-61.59572712239011,15.267960641814696,,22.804549897438292,22.804549897438292,3,A
2195,-61.5957271223901,15.267983867784691,,21.200025093886612,21.200025093886612,3,A
2196,-61.5957271223901,15.268007093754685,,17.614571935168527,17.614571935168527,3,A
2197,-61.5957271223901,15.268030319724682,,25.94194485448884,25.94194485448884,3,A
2198,-61.59572712239011,15.268053545694677,,15.158053960671014,15.158053960671014,3,A
2199,-61.5957271223901,15.26807677166467,,13.90344114313175,13.90344114313175,3,A
2200,-61.5957271223901,15.268099997634666,,22.459823379121694,22.459823379121694,3,A
2201,-61.5957271223901,15.268123223604661,,21.699121990342334,21.699121990342334,3,A
2202,-61.5957271223901,15.268146449574655,,20.25688082944234,20.25688082944234,3,A
2203,-61.5957271223901,15.26816967554465,,21.894066647121647,21.894066647121647,3,A
2204,-61.59572712239011,15.268192901514647,,19.15288018768029,19.15288018768029,3,A
2205,-61.5957271223901,15.268216127484642,,15.068610912597691,15.068610912597691,3,A
2206,-61.5957271223901,15.268239353454636,,16.754770457760536,16.754770457760536,3,A
2207,-61.5957271223901,15.26826257942463,,17.012764595754668,17.012764595754668,3,A
2208,-61.59572712239011,15.268285805394626,,22.696943476387872,22.696943476387872,3,A
2209,-61.5957271223901,15.26830903136462,,22.07522149840797,22.07522149840797,3,A
2210,-61.5957271223901,15.268332257334615,,21.962621208169185,21.962621208169185,3,A
2211,-61.5957271223901,15.26835548330461,,19.458434264283824,19.458434264283824,3,A
2212,-61.59572712239011,15.268378709274605,,17.704364867507834,17.704364867507834,3,A
2213,-61.5957271223901,15.2684019352446,,17.65069733581278,17.65069733581278,3,A
2214,-61.5957271223901,15.268425161214594,,15.902578923202839,15.902578923202839,3,A
2215,-61.5957271223901,15.268448387184591,,21.53982300336757,21.53982300336757,3,A
2216,-61.59572712239011,15.268471613154587,,20.60236777585468,20.60236777585468,3,A
2217,-61.5957271223901,15.26849483912458,,24.107508846049996,24.107508846049996,3,A
2218,-61.5957271223901,15.268518065094575,,22.14144988682013,22.14144988682013,3,A
2219,-61.5957271223901,15.26854129106457,,26.55891850428987,26.55891850428987,3,A
2220,-61.59572712239011,15.268564517034566,,26.933328975474797,26.933328975474797,3,A
2221,-61.5957271223901,15.26858774300456,,21.433118468347544,21.433118468347544,3,A
2222,-61.59572712239011,15.268610968974556,,21.2417080708723,21.2417080708723,3,A
2223,-61.5957271223901,15.268634194944552,,19.96181121318606,19.96181121318606,3,A
2224,-61.59572712239011,15.268657420914545,,16.19052516799424,16.19052516799424,3,A
2225,-61.5957271223901,15.26868064688454,,19.39625428584299,19.39625428584299,3,A
2226,-61.59572712239011,15.268703872854536,,19.35549617784269,19.35549617784269,3,A
2227,-61.5957271223901,15.268727098824531,,22.223404403516057,22.223404403516057,3,A
2228,-61.5957271223901,15.268750324794524,,22.35069673722425,22.35069673722425,3,A
2229,-61.59572712239011,15.268773550764521,,22.011898238842733,22.011898238842733,3,A
2230,-61.5957271223901,15.268796776734515,,18.314509583513473,18.314509583513473,3,A
2231,-61.5957271223901,15.26882000270451,,18.078120776706644,18.078120776706644,3,A
2232,-61.5957271223901,15.268843228674505,,20.78958985630025,20.78958985630025,3,A
2233,-61.59572712239011,15.2688664546445,,18.99882844744361,18.99882844744361,3,A
2234,-61.5957271223901,15.268889680614496,,18.93416530542635,18.93416530542635,3,A
2235,-61.5957271223901,15.26891290658449,,20.941476281714834,20.941476281714834,3,A
2236,-61.595727122390095,15.268936132554485,,16.617088146820052,16.617088146820052,3,A
2237,-61.5957271223901,15.26895935852448,,19.86852993854936,19.86852993854936,3,A
2238,-61.5957271223901,15.268982584494474,,15.11700960428556,15.11700960428556,3,A
2239,-61.5957271223901,15.269005810464469,,21.22004247990454,21.22004247990454,3,A
2240,-61.5957271223901,15.269029036434464,,24.927530091767615,24.927530091767615,3,A
2241,-61.5957271223901,15.26905226240446,,20.664214119112096,20.664214119112096,3,A
2242,-61.5957271223901,15.269075488374453,,22.227586982681984,22.227586982681984,3,A
2243,-61.5957271223901,15.269098714344448,,21.56770588195397,21.56770588195397,3,A
2244,-61.5957271223901,15.269121940314445,,18.87533137730978,18.87533137730978,3,A
2245,-61.5957271223901,15.269145166284439,,23.96851679422408,23.96851679422408,3,A
2246,-61.5957271223901,15.269168392254432,,21.69994815022548,21.69994815022548,3,A
2247,-61.59572712239011,15.26919161822443,,23.078209681889824,23.078209681889824,3,A
2248,-61.5957271223901,15.269214844194424,,15.729839273767226,15.729839273767226,3,A
2249,-61.5957271223901,15.26923807016442,,20.784481402096173,20.784481402096173,3,A
2250,-61.5957271223901,15.269261296134413,,16.86123002305681,16.86123002305681,3,A
2251,-61.59572712239011,15.269284522104408,,19.54328005677946,19.54328005677946,3,A
2252,-61.5957271223901,15.269307748074404,,25.932025793602314,25.932025793602314,3,A
2253,-61.5957271223901,15.269330974044397,,23.916119089258533,23.916119089258533,3,A
2254,-61.5957271223901,15.269354200014394,,19.949262816205323,19.949262816205323,3,A
2255,-61.59572712239011,15.26937742598439,,21.345031533063192,21.345031533063192,3,A
2256,-61.5957271223901,15.269400651954383,,19.129186026295713,19.129186026295713,3,A
2257,-61.5957271223901,15.269423877924378,,21.609727747444065,21.609727747444065,3,A
2258,-61.5957271223901,15.269447103894375,,19.276997494128754,19.276997494128754,3,A
2259,-61.5957271223901,15.269470329864369,,21.025354813381536,21.025354813381536,3,A
2260,-61.5957271223901,15.269493555834362,,17.268706196853458,17.268706196853458,3,A
2261,-61.5957271223901,15.269516781804358,,17.638007801722857,17.638007801722857,3,A
2262,-61.5957271223901,15.269540007774355,,21.815664883264514,21.815664883264514,3,A
2263,-61.5957271223901,15.269563233744348,,17.82290134517286,17.82290134517286,3,A
2264,-61.5957271223901,15.269586459714343,,18.745756610173174,18.745756610173174,3,A
2265,-61.59572712239011,15.26960968568434,,20.232347991079173,20.232347991079173,3,A
2266,-61.5957271223901,15.269632911654334,,17.288080614787923,17.288080614787923,3,A
2267,-61.5957271223901,15.269656137624327,,15.091613622804429,15.091613622804429,3,A
2268,-61.5957271223901,15.269679363594323,,22.587425813568387,22.587425813568387,3,A
2269,-61.59572712239011,15.269702589564318,,23.353762408932035,23.353762408932035,3,A
2270,-61.5957271223901,15.269725815534313,,18.755630142047742,18.755630142047742,3,A
2271,-61.5957271223901,15.269749041504308,,16.830943298181456,16.830943298181456,3,A
2272,-61.59572712239011,15.269772267474305,,18.172805453351682,18.172805453351682,3,A
2273,-61.59572712239011,15.269795493444299,,16.021615735660625,16.021615735660625,3,A
2274,-61.5957271223901,15.269818719414292,,19.630965059642758,19.630965059642758,3,A
2275,-61.5957271223901,15.269841945384288,,22.10205200166555,22.10205200166555,3,A
2276,-61.5957271223901,15.269865171354283,,12.902642394350382,12.902642394350382,3,A
2277,-61.59572712239011,15.269888397324278,,21.330085796671238,21.330085796671238,3,A
2278,-61.5957271223901,15.269911623294274,,20.147887465164608,20.147887465164608,3,A
2279,-61.59572712239011,15.269934849264269,,24.385874224261563,24.385874224261563,3,A
2280,-61.5957271223901,15.269958075234264,,25.332093533662114,25.332093533662114,3,A
2281,-61.59572712239011,15.269981301204258,,20.74535340616436,20.74535340616436,3,A
2282,-61.5957271223901,15.270004527174253,,22.006572283176677,22.006572283176677,3,A
2283,-61.5957271223901,15.27002775314425,,24.859168624492483,24.859168624492483,3,A
2284,-61.5957271223901,15.270050979114243,,26.43685813474915,26.43685813474915,3,A
2285,-61.5957271223901,15.270074205084239,,24.570779473708907,24.570779473708907,3,A
2286,-61.5957271223901,15.270097431054232,,22.598910972070318,22.598910972070318,3,A
2287,-61.5957271223901,15.27012065702423,,17.408043409628398,17.408043409628398,3,A
2288,-61.5957271223901,15.270143882994223,,20.28949993345109,20.28949993345109,3,A
2289,-61.5957271223901,15.270167108964218,,20.75468114808919,20.75468114808919,3,A
2290,-61.59572712239011,15.270190334934215,,17.880645579665607,17.880645579665607,3,A
2291,-61.5957271223901,15.270213560904208,,21.18718839623926,21.18718839623926,3,A
2292,-61.5957271223901,15.270236786874204,,21.19964843647983,21.19964843647983,3,A
2293,-61.595727122390095,15.270260012844197,,28.42170449850947,28.42170449850947,3,A
2294,-61.5957271223901,15.270283238814194,,21.469405689298984,21.469405689298984,3,A
2295,-61.5957271223901,15.270306464784188,,25.580563337628256,25.580563337628256,3,A
2296,-61.5957271223901,15.270329690754183,,17.315943549199403,17.315943549199403,3,A
2297,-61.5957271223901,15.270352916724178,,19.450484696953215,19.450484696953215,3,A
2298,-61.59572712239011,15.270376142694174,,20.166562339958393,20.166562339958393,3,A
2299,-61.5957271223901,15.270399368664169,,18.21144215867323,18.21144215867323,3,A
2300,-61.5957271223901,15.270422594634162,,18.71402763746509,18.71402763746509,3,A
2301,-61.5957271223901,15.27044582060416,,19.466720174355856,19.466720174355856,3,A
2302,-61.59572712239011,15.270469046574153,,22.948270170931,22.948270170931,3,A
2303,-61.5957271223901,15.270492272544148,,19.629240426626055,19.629240426626055,3,A
2304,-61.59572712239011,15.270515498514145,,21.413802485191546,21.413802485191546,3,A
2305,-61.5957271223901,15.270538724484139,,19.937751843598395,19.937751843598395,3,A
2306,-61.5957271223901,15.270561950454134,,15.905433647846126,15.905433647846126,3,A
2307,-61.5957271223901,15.270585176424127,,19.312156794388308,19.312156794388308,3,A
2308,-61.59572712239011,15.270608402394124,,18.867797753524368,18.867797753524368,3,A
2309,-61.5957271223901,15.270631628364118,,22.623641730667813,22.623641730667813,3,A
2310,-61.5957271223901,15.270654854334113,,22.512174906069834,22.512174906069834,3,A
2311,-61.5957271223901,15.270678080304108,,19.81178418744867,19.81178418744867,3,A
2312,-61.59572712239011,15.270701306274104,,19.96930683649378,19.96930683649378,3,A
2313,-61.5957271223901,15.270724532244097,,18.817897322926093,18.817897322926093,3,A
2314,-61.5957271223901,15.270747758214092,,23.558139906698237,23.558139906698237,3,A
2315,-61.5957271223901,15.270770984184086,,23.59162324790165,23.59162324790165,3,A
2316,-61.59572712239011,15.270794210154083,,23.145136722716675,23.145136722716675,3,A
2317,-61.5957271223901,15.270817436124076,,20.76834362219562,20.76834362219562,3,A
2318,-61.5957271223901,15.27084066209407,,22.186899412566746,22.186899412566746,3,A
2319,-61.5957271223901,15.270863888064067,,20.038706252723543,20.038706252723543,3,A
2320,-61.59572712239011,15.270887114034062,,22.296215478582656,22.296215478582656,3,A
2321,-61.5957271223901,15.270910340004056,,22.453575381727017,22.453575381727017,3,A
2322,-61.59572712239011,15.270933565974051,,19.352490462943578,19.352490462943578,3,A
2323,-61.5957271223901,15.270956791944046,,23.682073407607685,23.682073407607685,3,A
2324,-61.5957271223901,15.270980017914042,,15.983119670800601,15.983119670800601,3,A
2325,-61.5957271223901,15.271003243884035,,20.34171050757619,20.34171050757619,3,A
2326,-61.59572712239011,15.271026469854032,,18.517733635078006,18.517733635078006,3,A
2327,-61.5957271223901,15.271049695824027,,21.64284870329909,21.64284870329909,3,A
2328,-61.5957271223901,15.27107292179402,,19.98580904729123,19.98580904729123,3,A
2329,-61.59572712239011,15.271096147764018,,16.964523046503828,16.964523046503828,3,A
2330,-61.59572712239011,15.271119373734011,,19.81664376999116,19.81664376999116,3,A
2331,-61.5957271223901,15.271142599704007,,18.532950037253453,18.532950037253453,3,A
2332,-61.5957271223901,15.271165825674,,18.025533222054726,18.025533222054726,3,A
2333,-61.5957271223901,15.271189051643997,,23.870586235045586,23.870586235045586,3,A
2334,-61.59572712239011,15.271212277613992,,22.589441819182486,22.589441819182486,3,A
2335,-61.5957271223901,15.271235503583986,,25.31178608410061,25.31178608410061,3,A
2336,-61.5957271223901,15.271258729553981,,18.301299588731354,18.301299588731354,3,A
2337,-61.5957271223901,15.271281955523976,,22.77961518037516,22.77961518037516,3,A
2338,-61.5957271223901,15.271305181493972,,17.316531534396837,17.316531534396837,3,A
2339,-61.5957271223901,15.271328407463965,,23.035098091920922,23.035098091920922,3,A
2340,-61.5957271223901,15.271351633433962,,22.16981336103175,22.16981336103175,3,A
2341,-61.5957271223901,15.271374859403956,,22.498149188277743,22.498149188277743,3,A
2342,-61.5957271223901,15.271398085373951,,18.258919423441235,18.258919423441235,3,A
2343,-61.5957271223901,15.271421311343946,,19.398386322556206,19.398386322556206,3,A
2344,-61.5957271223901,15.271444537313942,,18.17438603106597,18.17438603106597,3,A
2345,-61.5957271223901,15.271467763283937,,22.680113359503398,22.680113359503398,3,A
2346,-61.5957271223901,15.27149098925393,,18.868747340670396,18.868747340670396,3,A
2347,-61.5957271223901,15.271514215223927,,19.174084680488896,19.174084680488896,3,A
2348,-61.5957271223901,15.27153744119392,,20.5287526270396,20.5287526270396,3,A
2349,-61.5957271223901,15.271560667163916,,19.692031312111904,19.692031312111904,3,A
2350,-61.5957271223901,15.271583893133911,,19.14499325859327,19.14499325859327,3,A
2351,-61.59572712239011,15.271607119103907,,23.2269152404026,23.2269152404026,3,A
2352,-61.5957271223901,15.271630345073902,,20.28893456520052,20.28893456520052,3,A
2353,-61.5957271223901,15.271653571043895,,21.764226531583507,21.764226531583507,3,A
2354,-61.59572712239011,15.271676797013892,,20.82931464248152,20.82931464248152,3,A
2355,-61.59572712239011,15.271700022983886,,18.126673382642423,18.126673382642423,3,A
2356,-61.5957271223901,15.271723248953881,,18.335407512932978,18.335407512932978,3,A
2357,-61.5957271223901,15.271746474923876,,18.030568815797942,18.030568815797942,3,A
2358,-61.5957271223901,15.271769700893872,,21.012243024757375,21.012243024757375,3,A
2359,-61.59572712239011,15.271792926863867,,20.290041857488756,20.290041857488756,3,A
2360,-61.5957271223901,15.27181615283386,,16.777437686476453,16.777437686476453,3,A
2361,-61.5957271223901,15.271839378803856,,19.3569506138737,19.3569506138737,3,A
2362,-61.5957271223901,15.271862604773851,,23.33324869452486,23.33324869452486,3,A
2363,-61.5957271223901,15.271885830743846,,24.420263417549577,24.420263417549577,3,A
2364,-61.5957271223901,15.271909056713842,,18.444746765087874,18.444746765087874,3,A
2365,-61.59572712239011,15.271932282683837,,23.941232594423795,23.941232594423795,3,A
2366,-61.5957271223901,15.271955508653832,,23.628860816321485,23.628860816321485,3,A
2367,-61.5957271223901,15.271978734623826,,21.41106991907385,21.41106991907385,3,A
2368,-61.5957271223901,15.27200196059382,,21.206460496198453,21.206460496198453,3,A
2369,-61.59572712239011,15.272025186563816,,19.134259902932428,19.134259902932428,3,A
2370,-61.5957271223901,15.272048412533811,,16.754399662491274,16.754399662491274,3,A
2371,-61.5957271223901,15.272071638503807,,16.960157909998973,16.960157909998973,3,A
2372,-61.5957271223901,15.272094864473802,,23.532684638849442,23.532684638849442,3,A
2373,-61.59572712239011,15.272118090443797,,20.09801357908693,20.09801357908693,3,A
2374,-61.5957271223901,15.27214131641379,,20.75142262827569,20.75142262827569,3,A
2375,-61.5957271223901,15.272164542383786,,22.582470502465817,22.582470502465817,3,A
2376,-61.5957271223901,15.272187768353781,,23.5548374244579,23.5548374244579,3,A
2377,-61.59572712239011,15.272210994323776,,21.60826403369797,21.60826403369797,3,A
2378,-61.5957271223901,15.272234220293772,,18.081670582500198,18.081670582500198,3,A
2379,-61.595727122390116,15.272257446263767,,19.89792384617755,19.89792384617755,3,A
2380,-61.5957271223901,15.272280672233762,,20.78261280938083,20.78261280938083,3,A
2381,-61.5957271223901,15.272303898203756,,19.493155630202587,19.493155630202587,3,A
2382,-61.5957271223901,15.272327124173751,,19.012399542429332,19.012399542429332,3,A
2383,-61.59572712239011,15.272350350143746,,17.25189583989883,17.25189583989883,3,A
2384,-61.5957271223901,15.272373576113742,,23.693713806714165,23.693713806714165,3,A
2385,-61.5957271223901,15.272396802083735,,18.253954126569827,18.253954126569827,3,A
2386,-61.5957271223901,15.27242002805373,,26.70979850396578,26.70979850396578,3,A
2387,-61.5957271223901,15.272443254023727,,19.826516500889653,19.826516500889653,3,A
2388,-61.5957271223901,15.27246647999372,,21.4310410942811,21.4310410942811,3,A
2389,-61.5957271223901,15.272489705963716,,15.590763521431775,15.590763521431775,3,A
2390,-61.5957271223901,15.272512931933711,,18.828129205802497,18.828129205802497,3,A
2391,-61.5957271223901,15.272536157903707,,21.386156302292566,21.386156302292566,3,A
2392,-61.5957271223901,15.2725593838737,,19.17892986473689,19.17892986473689,3,A
2393,-61.5957271223901,15.272582609843695,,22.40818256194642,22.40818256194642,3,A
2394,-61.5957271223901,15.272605835813689,,19.80564828134081,19.80564828134081,3,A
2395,-61.5957271223901,15.272629061783686,,21.68097538754105,21.68097538754105,3,A
2396,-61.5957271223901,15.27265228775368,,24.469319070143918,24.469319070143918,3,A
2397,-61.5957271223901,15.272675513723675,,22.30031256941394,22.30031256941394,3,A
2398,-61.5957271223901,15.27269873969367,,20.413981453900693,20.413981453900693,3,A
2399,-61.5957271223901,15.272721965663663,,20.483083433107755,20.483083433107755,3,A
2400,-61.5957271223901,15.272745191633659,,18.94546128556018,18.94546128556018,3,A
2401,-61.5957271223901,15.272768417603654,,23.33272762120421,23.33272762120421,3,A
2402,-61.5957271223901,15.27279164357365,,22.697095637203457,22.697095637203457,3,A
2403,-61.5957271223901,15.272814869543645,,21.07372547122027,21.07372547122027,3,A
2404,-61.59572712239011,15.272838095513642,,16.63841162461101,16.63841162461101,3,A
2405,-61.5957271223901,15.272861321483635,,21.664952330509657,21.664952330509657,3,A
2406,-61.5957271223901,15.272884547453629,,18.936988471716553,18.936988471716553,3,A
2407,-61.5957271223901,15.272907773423624,,19.077855540202467,19.077855540202467,3,A
2408,-61.5957271223901,15.272930999393619,,22.687618814020315,22.687618814020315,3,A
2409,-61.5957271223901,15.272954225363614,,23.230577033729098,23.230577033729098,3,A
2410,-61.5957271223901,15.27297745133361,,16.087936118901496,16.087936118901496,3,A
2411,-61.5957271223901,15.273000677303603,,19.139856310506104,19.139856310506104,3,A
2412,-61.5957271223901,15.2730239032736,,23.17350630237977,23.17350630237977,3,A
2413,-61.5957271223901,15.273047129243594,,20.517943232571753,20.517943232571753,3,A
2414,-61.5957271223901,15.273070355213589,,20.40711534813278,20.40711534813278,3,A
2415,-61.5957271223901,15.273093581183584,,20.69837755631853,20.69837755631853,3,A
2416,-61.59572712239011,15.27311680715358,,22.466051102997145,22.466051102997145,3,A
2417,-61.5957271223901,15.273140033123575,,20.42471510385928,20.42471510385928,3,A
2418,-61.5957271223901,15.273163259093568,,17.772402444715237,17.772402444715237,3,A
2419,-61.5957271223901,15.273186485063565,,26.61139132546,26.61139132546,3,A
2420,-61.59572712239011,15.273209711033559,,23.46350974817015,23.46350974817015,3,A
2421,-61.5957271223901,15.273232937003554,,24.458087531648324,24.458087531648324,3,A
2422,-61.59572712239011,15.27325616297355,,21.79999352830233,21.79999352830233,3,A
2423,-61.5957271223901,15.273279388943545,,23.79626174888941,23.79626174888941,3,A
2424,-61.5957271223901,15.27330261491354,,20.20581135144635,20.20581135144635,3,A
2425,-61.5957271223901,15.273325840883533,,23.24502932959533,23.24502932959533,3,A
2426,-61.59572712239011,15.27334906685353,,23.483415504092566,23.483415504092566,3,A
2427,-61.5957271223901,15.273372292823524,,19.66258453425424,19.66258453425424,3,A
2428,-61.5957271223901,15.273395518793517,,23.99804577188067,23.99804577188067,3,A
2429,-61.59572712239011,15.273418744763514,,24.270571645058137,24.270571645058137,3,A
2430,-61.59572712239011,15.27344197073351,,21.62904768485939,21.62904768485939,3,A
2431,-61.5957271223901,15.273465196703505,,21.03989834636126,21.03989834636126,3,A
2432,-61.5957271223901,15.273488422673498,,20.675297261423975,20.675297261423975,3,A
2433,-61.5957271223901,15.273511648643495,,21.268545098244882,21.268545098244882,3,A
2434,-61.59572712239011,15.273534874613489,,21.823304383798742,21.823304383798742,3,A
2435,-61.5957271223901,15.273558100583482,,23.664396269860514,23.664396269860514,3,A
2436,-61.5957271223901,15.27358132655348,,20.02409934846623,20.02409934846623,3,A
2437,-61.5957271223901,15.273604552523475,,21.474034897043712,21.474034897043712,3,A
2438,-61.5957271223901,15.273627778493468,,14.958078648510844,14.958078648510844,3,A
2439,-61.5957271223901,15.273651004463463,,22.563304652540296,22.563304652540296,3,A
2440,-61.5957271223901,15.27367423043346,,20.47330994969612,20.47330994969612,3,A
2441,-61.5957271223901,15.273697456403454,,16.276032166731156,16.276032166731156,3,A
2442,-61.5957271223901,15.273720682373447,,17.18771983458735,17.18771983458735,3,A
2443,-61.5957271223901,15.273743908343445,,15.806981785468379,15.806981785468379,3,A
2444,-61.5957271223901,15.27376713431344,,19.80666153512192,19.80666153512192,3,A
2445,-61.5957271223901,15.273790360283435,,28.5766056912197,28.5766056912197,3,A
2446,-61.5957271223901,15.273813586253429,,23.711547062957205,23.711547062957205,3,A
2447,-61.5957271223901,15.273836812223426,,20.95701999809928,20.95701999809928,3,A
2448,-61.5957271223901,15.273860038193419,,22.563326291672443,22.563326291672443,3,A
2449,-61.5957271223901,15.273883264163413,,19.13294389381855,19.13294389381855,3,A
2450,-61.5957271223901,15.27390649013341,,22.580593692366456,22.580593692366456,3,A
2451,-61.5957271223901,15.273929716103403,,27.171656157867993,27.171656157867993,3,A
2452,-61.5957271223901,15.2739529420734,,24.834039195902207,24.834039195902207,3,A
2453,-61.5957271223901,15.273976168043394,,18.44486866396729,18.44486866396729,3,A
2454,-61.5957271223901,15.27399939401339,,21.83756805545913,21.83756805545913,3,A
2455,-61.5957271223901,15.274022619983384,,18.84859857875357,18.84859857875357,3,A
2456,-61.5957271223901,15.274045845953378,,17.500910195375823,17.500910195375823,3,A
2457,-61.5957271223901,15.274069071923375,,20.652119602153682,20.652119602153682,3,A
2458,-61.5957271223901,15.274092297893368,,16.643040422610245,16.643040422610245,3,A
2459,-61.5957271223901,15.274115523863365,,19.79460520722907,19.79460520722907,3,A
2460,-61.5957271223901,15.274138749833359,,20.02425479465338,20.02425479465338,3,A
2461,-61.5957271223901,15.274161975803352,,20.069321236627726,20.069321236627726,3,A
2462,-61.5957271223901,15.27418520177335,,24.79515044511214,24.79515044511214,3,A
2463,-61.5957271223901,15.274208427743343,,23.011438738180477,23.011438738180477,3,A
2464,-61.5957271223901,15.274231653713338,,21.324819650074613,21.324819650074613,3,A
2465,-61.5957271223901,15.274254879683333,,20.374665786183414,20.374665786183414,3,A
2466,-61.5957271223901,15.27427810565333,,22.506847398214155,22.506847398214155,3,A
2467,-61.5957271223901,15.274301331623324,,24.193013404594918,24.193013404594918,3,A
2468,-61.5957271223901,15.274324557593317,,20.977552037122145,20.977552037122145,3,A
2469,-61.59572712239011,15.274347783563314,,23.423936454836564,23.423936454836564,3,A
2470,-61.5957271223901,15.27437100953331,,23.084620347858934,23.084620347858934,3,A
2471,-61.5957271223901,15.274394235503303,,23.12281575071113,23.12281575071113,3,A
2472,-61.5957271223901,15.274417461473298,,18.00049574787962,18.00049574787962,3,A
2473,-61.59572712239011,15.274440687443292,,19.61979252948441,19.61979252948441,3,A
2474,-61.5957271223901,15.274463913413285,,20.872363216635954,20.872363216635954,3,A
2475,-61.5957271223901,15.274487139383282,,20.84618363888103,20.84618363888103,3,A
2476,-61.5957271223901,15.274510365353278,,17.088831356797378,17.088831356797378,3,A
2477,-61.59572712239011,15.274533591323273,,19.846520167685195,19.846520167685195,3,A
2478,-61.5957271223901,15.274556817293266,,21.098919330957564,21.098919330957564,3,A
2479,-61.595727122390116,15.274580043263263,,20.0239786580643,20.0239786580643,3,A
2480,-61.5957271223901,15.274603269233257,,25.3623685706745,25.3623685706745,3,A
2481,-61.5957271223901,15.27462649520325,,23.69790980605734,23.69790980605734,3,A
2482,-61.5957271223901,15.274649721173247,,18.065479254967123,18.065479254967123,3,A
2483,-61.59572712239011,15.274672947143243,,21.820950962670874,21.820950962670874,3,A
2484,-61.5957271223901,15.274696173113238,,25.712035662732266,25.712035662732266,3,A
2485,-61.5957271223901,15.274719399083232,,22.476278357108942,22.476278357108942,3,A
2486,-61.5957271223901,15.274742625053227,,22.886035332343475,22.886035332343475,3,A
2487,-61.59572712239011,15.274765851023222,,23.147275894191456,23.147275894191456,3,A
2488,-61.5957271223901,15.274789076993216,,21.16928294249865,21.16928294249865,3,A
2489,-61.5957271223901,15.274812302963213,,19.527626052948417,19.527626052948417,3,A
2490,-61.5957271223901,15.274835528933206,,19.642804475058316,19.642804475058316,3,A
2491,-61.59572712239011,15.274858754903203,,23.67417224954078,23.67417224954078,3,A
2492,-61.5957271223901,15.274881980873197,,17.734089318972256,17.734089318972256,3,A
2493,-61.5957271223901,15.274905206843192,,24.059042089544523,24.059042089544523,3,A
2494,-61.5957271223901,15.274928432813187,,21.07352404032833,21.07352404032833,3,A
2495,-61.5957271223901,15.274951658783182,,17.422229957902104,17.422229957902104,3,A
2496,-61.5957271223901,15.274974884753178,,20.892338997864467,20.892338997864467,3,A
2497,-61.5957271223901,15.274998110723171,,23.06689604969476,23.06689604969476,3,A
2498,-61.5957271223901,15.275021336693168,,22.71756910700471,22.71756910700471,3,A
2499,-61.5957271223901,15.275044562663162,,21.017294711174078,21.017294711174078,3,A
2500,-61.5957271223901,15.275067788633155,,21.61148715347582,21.61148715347582,3,A
2501,-61.5957271223901,15.275091014603152,,18.35164874949011,18.35164874949011,3,A
2502,-61.5957271223901,15.275114240573147,,24.810796277532518,24.810796277532518,3,A
2503,-61.5957271223901,15.275137466543141,,26.59081000210172,26.59081000210172,3,A
2504,-61.59572712239011,15.275160692513138,,16.98396892986883,16.98396892986883,3,A
2505,-61.5957271223901,15.275183918483133,,25.416379849863137,25.416379849863137,3,A
2506,-61.5957271223901,15.275207144453127,,21.384919783976652,21.384919783976652,3,A
2507,-61.5957271223901,15.27523037042312,,21.81321338060509,21.81321338060509,3,A
2508,-61.5957271223901,15.275253596393117,,24.41147126625976,24.41147126625976,3,A
2509,-61.5957271223901,15.275276822363113,,21.675820890765078,21.675820890765078,3,A
2510,-61.5957271223901,15.275300048333106,,21.363977299898107,21.363977299898107,3,A
2511,-61.5957271223901,15.275323274303101,,22.642300304527343,22.642300304527343,3,A
2512,-61.5957271223901,15.275346500273098,,20.80581744092497,20.80581744092497,3,A
2513,-61.5957271223901,15.275369726243092,,19.010520273613967,19.010520273613967,3,A
2514,-61.5957271223901,15.275392952213085,,24.68983073251225,24.68983073251225,3,A
2515,-61.5957271223901,15.275416178183082,,17.938377646732963,17.938377646732963,3,A
2516,-61.5957271223901,15.275439404153076,,21.107496530916684,21.107496530916684,3,A
2517,-61.5957271223901,15.275462630123071,,22.239888719079936,22.239888719079936,3,A
2518,-61.5957271223901,15.275485856093066,,18.747159834315926,18.747159834315926,3,A
2519,-61.5957271223901,15.275509082063063,,19.404616644452258,19.404616644452258,3,A
2520,-61.5957271223901,15.275532308033057,,19.09804805731158,19.09804805731158,3,A
2521,-61.5957271223901,15.27555553400305,,23.43627182595456,23.43627182595456,3,A
2522,-61.59572712239011,15.275578759973047,,25.85659737677478,25.85659737677478,3,A
2523,-61.5957271223901,15.275601985943041,,19.28533569639867,19.28533569639867,3,A
2524,-61.5957271223901,15.275625211913036,,24.358915803900686,24.358915803900686,3,A
2525,-61.5957271223901,15.275648437883032,,14.52270839111899,14.52270839111899,3,A
2526,-61.59572712239011,15.275671663853027,,25.29909378439777,25.29909378439777,3,A
2527,-61.5957271223901,15.275694889823022,,25.516653894717944,25.516653894717944,3,A
2528,-61.5957271223901,15.275718115793016,,16.62109062473968,16.62109062473968,3,A
2529,-61.5957271223901,15.275741341763013,,20.642105617469284,20.642105617469284,3,A
2530,-61.59572712239011,15.275764567733006,,15.717354616482138,15.717354616482138,3,A
2531,-61.5957271223901,15.275787793703001,,22.127198510484206,22.127198510484206,3,A
2532,-61.5957271223901,15.275811019672997,,24.027847424084918,24.027847424084918,3,A
2533,-61.5957271223901,15.275834245642992,,18.173885504638218,18.173885504638218,3,A
2534,-61.59572712239011,15.275857471612987,,13.835632002596444,13.835632002596444,3,A
2535,-61.5957271223901,15.27588069758298,,23.73763632919103,23.73763632919103,3,A
2536,-61.5957271223901,15.275903923552976,,19.387119175651957,19.387119175651957,3,A
2537,-61.5957271223901,15.275927149522971,,24.563604717727188,24.563604717727188,3,A
2538,-61.5957271223901,15.275950375492966,,18.164347503819503,18.164347503819503,3,A
2539,-61.5957271223901,15.275973601462962,,21.588780441897278,21.588780441897278,3,A
2540,-61.59572712239011,15.275996827432957,,22.931457922924366,22.931457922924366,3,A
2541,-61.5957271223901,15.276020053402952,,21.0146348309692,21.0146348309692,3,A
2542,-61.5957271223901,15.276043279372946,,16.380013557459023,16.380013557459023,3,A
2543,-61.5957271223901,15.276066505342941,,22.73307066658818,22.73307066658818,3,A
2544,-61.59572712239011,15.276089731312936,,22.86744548110685,22.86744548110685,3,A
2545,-61.5957271223901,15.276112957282933,,17.79020891909528,17.79020891909528,3,A
2546,-61.5957271223901,15.276136183252927,,21.783607543036823,21.783607543036823,3,A
2547,-61.5957271223901,15.276159409222922,,22.214999174603697,22.214999174603697,3,A
2548,-61.5957271223901,15.276182635192917,,24.274683738031985,24.274683738031985,3,A
2549,-61.5957271223901,15.27620586116291,,22.59106261890525,22.59106261890525,3,A
2550,-61.5957271223901,15.276229087132906,,27.845277816477648,27.845277816477648,3,A
2551,-61.5957271223901,15.276252313102901,,19.773578401333022,19.773578401333022,3,A
2552,-61.5957271223901,15.276275539072895,,15.207694029777766,15.207694029777766,3,A
2553,-61.5957271223901,15.276298765042888,,21.101707181626782,21.101707181626782,3,A
2554,-61.5957271223901,15.276321991012885,,12.54955514424487,12.54955514424487,3,A
2555,-61.5957271223901,15.27634521698288,,23.291599568220125,23.291599568220125,3,A
2556,-61.5957271223901,15.276368442952874,,19.913789403907224,19.913789403907224,3,A
2557,-61.5957271223901,15.27639166892287,,17.51020638187702,17.51020638187702,3,A
2558,-61.5957271223901,15.276414894892866,,20.81971202298419,20.81971202298419,3,A
2559,-61.5957271223901,15.27643812086286,,24.80564953488376,24.80564953488376,3,A
2560,-61.5957271223901,15.276461346832853,,23.056672609876017,23.056672609876017,3,A
2561,-61.5957271223901,15.27648457280285,,20.798495973597703,20.798495973597703,3,A
2562,-61.5957271223901,15.276507798772844,,18.094146181658072,18.094146181658072,3,A
2563,-61.5957271223901,15.27653102474284,,21.748784904134755,21.748784904134755,3,A
2564,-61.5957271223901,15.276554250712834,,23.968032114832013,23.968032114832013,3,A
2565,-61.5957271223901,15.27657747668283,,23.329554282667672,23.329554282667672,3,A
2566,-61.5957271223901,15.276600702652825,,23.734216379535177,23.734216379535177,3,A
2567,-61.5957271223901,15.276623928622818,,16.628772602814436,16.628772602814436,3,A
2568,-61.5957271223901,15.276647154592816,,30.280783386702275,30.280783386702275,3,A
2569,-61.5957271223901,15.276670380562809,,24.33491456003348,24.33491456003348,3,A
2570,-61.5957271223901,15.276693606532806,,23.661848437195736,23.661848437195736,3,A
2571,-61.5957271223901,15.2767168325028,,29.15948119432216,29.15948119432216,3,A
2572,-61.5957271223901,15.276740058472795,,19.480889332413057,19.480889332413057,3,A
2573,-61.5957271223901,15.27676328444279,,22.23739875892674,22.23739875892674,3,A
2574,-61.5957271223901,15.276786510412784,,21.055032885953352,21.055032885953352,3,A
2575,-61.5957271223901,15.276809736382779,,24.09585747729393,24.09585747729393,3,A
2576,-61.5957271223901,15.276832962352774,,20.333275183122968,20.333275183122968,3,A
2577,-61.59572712239011,15.276856188322771,,22.143367316486408,22.143367316486408,3,A
2578,-61.5957271223901,15.276879414292765,,20.282095633611245,20.282095633611245,3,A
2579,-61.59572712239011,15.27690264026276,,17.49522252441202,17.49522252441202,3,A
2580,-61.5957271223901,15.276925866232755,,21.959795496281078,21.959795496281078,3,A
2581,-61.5957271223901,15.276949092202749,,27.192103621071748,27.192103621071748,3,A
2582,-61.5957271223901,15.276972318172744,,21.67254984034052,21.67254984034052,3,A
2583,-61.59572712239011,15.27699554414274,,17.664503073288152,17.664503073288152,3,A
2584,-61.5957271223901,15.277018770112736,,20.010712698143408,20.010712698143408,3,A
2585,-61.5957271223901,15.27704199608273,,25.017240246436433,25.017240246436433,3,A
2586,-61.5957271223901,15.277065222052723,,17.286175290979614,17.286175290979614,3,A
2587,-61.59572712239011,15.27708844802272,,19.94250164199641,19.94250164199641,3,A
2588,-61.5957271223901,15.277111673992714,,16.613493276817167,16.613493276817167,3,A
2589,-61.5957271223901,15.277134899962709,,19.381110764415226,19.381110764415226,3,A
2590,-61.5957271223901,15.277158125932704,,19.314937086418432,19.314937086418432,3,A
2591,-61.59572712239011,15.2771813519027,,19.795815206007042,19.795815206007042,3,A
2592,-61.5957271223901,15.277204577872695,,22.752962936802465,22.752962936802465,3,A
2593,-61.5957271223901,15.277227803842688,,18.056805485114268,18.056805485114268,3,A
2594,-61.5957271223901,15.277251029812685,,18.593291740735822,18.593291740735822,3,A
2595,-61.59572712239011,15.277274255782679,,27.427090851225117,27.427090851225117,3,A
2596,-61.5957271223901,15.277297481752674,,27.494602548545252,27.494602548545252,3,A
2597,-61.5957271223901,15.27732070772267,,24.058970670455405,24.058970670455405,3,A
2598,-61.5957271223901,15.277343933692665,,20.322115756057276,20.322115756057276,3,A
2599,-61.5957271223901,15.27736715966266,,24.932616758540224,24.932616758540224,3,A
2600,-61.5957271223901,15.277390385632653,,23.67058662993542,23.67058662993542,3,A
2601,-61.5957271223901,15.27741361160265,,24.591827368823186,24.591827368823186,3,A
2602,-61.5957271223901,15.277436837572644,,20.84067392414132,20.84067392414132,3,A
2603,-61.5957271223901,15.27746006354264,,21.60673793501877,21.60673793501877,3,A
2604,-61.5957271223901,15.277483289512634,,23.033456076459007,23.033456076459007,3,A
2605,-61.5957271223901,15.27750651548263,,22.337886908962577,22.337886908962577,3,A
2606,-61.5957271223901,15.277529741452625,,22.124992125501347,22.124992125501347,3,A
2607,-61.5957271223901,15.277552967422618,,19.300188109369646,19.300188109369646,3,A
2608,-61.5957271223901,15.277576193392616,,18.67953520664104,18.67953520664104,3,A
2609,-61.5957271223901,15.277599419362609,,17.709268014709938,17.709268014709938,3,A
2610,-61.5957271223901,15.277622645332604,,18.22490084822371,18.22490084822371,3,A
2611,-61.5957271223901,15.2776458713026,,23.944163902202362,23.944163902202362,3,A
2612,-61.5957271223901,15.277669097272595,,16.796332553118674,16.796332553118674,3,A
2613,-61.5957271223901,15.27769232324259,,14.469687673889549,14.469687673889549,3,A
2614,-61.5957271223901,15.277715549212584,,28.160849489902727,28.160849489902727,3,A
2615,-61.5957271223901,15.27773877518258,,22.32039399933057,22.32039399933057,3,A
2616,-61.5957271223901,15.277762001152574,,19.600023071824523,19.600023071824523,3,A
2617,-61.5957271223901,15.27778522712257,,19.232799890507117,19.232799890507117,3,A
2618,-61.5957271223901,15.277808453092565,,21.295090139760088,21.295090139760088,3,A
2619,-61.5957271223901,15.27783167906256,,26.368759213301878,26.368759213301878,3,A
2620,-61.5957271223901,15.277854905032555,,22.851560656402075,22.851560656402075,3,A
2621,-61.5957271223901,15.277878131002549,,21.383956768888517,21.383956768888517,3,A
2622,-61.5957271223901,15.277901356972546,,20.27242348799264,20.27242348799264,3,A
2623,-61.5957271223901,15.27792458294254,,19.807602781101565,19.807602781101565,3,A
2624,-61.5957271223901,15.277947808912533,,21.93181955765744,21.93181955765744,3,A
2625,-61.5957271223901,15.27797103488253,,19.882727128722518,19.882727128722518,3,A
2626,-61.59572712239011,15.277994260852525,,22.339884251463705,22.339884251463705,3,A
2627,-61.5957271223901,15.27801748682252,,18.6292452817889,18.6292452817889,3,A
2628,-61.5957271223901,15.278040712792514,,20.218697562201296,20.218697562201296,3,A
2629,-61.5957271223901,15.278063938762507,,24.731767105109338,24.731767105109338,3,A
2630,-61.59572712239011,15.278087164732504,,28.47006445990897,28.47006445990897,3,A
2631,-61.5957271223901,15.278110390702498,,21.714421893501886,21.714421893501886,3,A
2632,-61.5957271223901,15.278133616672495,,20.918086545816283,20.918086545816283,3,A
2633,-61.5957271223901,15.278156842642488,,23.318452940797215,23.318452940797215,3,A
2634,-61.59572712239011,15.278180068612482,,23.044018486915483,23.044018486915483,3,A
2635,-61.5957271223901,15.278203294582477,,23.907075669682122,23.907075669682122,3,A
2636,-61.5957271223901,15.278226520552472,,20.81066970176634,20.81066970176634,3,A
2637,-61.5957271223901,15.278249746522468,,18.7823733741338,18.7823733741338,3,A
2638,-61.5957271223901,15.278272972492463,,23.52151187772776,23.52151187772776,3,A
2639,-61.5957271223901,15.278296198462456,,24.208257171231985,24.208257171231985,3,A
2640,-61.59572712239011,15.278319424432453,,22.102797893240105,22.102797893240105,3,A
2641,-61.5957271223901,15.278342650402447,,22.813170694046,22.813170694046,3,A
2642,-61.5957271223901,15.278365876372442,,24.563481836418124,24.563481836418124,3,A
2643,-61.5957271223901,15.278389102342437,,24.203035702997163,24.203035702997163,3,A
2644,-61.59572712239011,15.278412328312433,,18.40657821236027,18.40657821236027,3,A
2645,-61.5957271223901,15.278435554282428,,23.716035798021377,23.716035798021377,3,A
2646,-61.5957271223901,15.278458780252421,,26.607538933392277,26.607538933392277,3,A
2647,-61.5957271223901,15.278482006222418,,20.63012979518956,20.63012979518956,3,A
2648,-61.59572712239011,15.278505232192412,,19.465923158036173,19.465923158036173,3,A
2649,-61.5957271223901,15.278528458162407,,19.28170279240025,19.28170279240025,3,A
2650,-61.5957271223901,15.278551684132402,,25.528385772532946,25.528385772532946,3,A
2651,-61.5957271223901,15.278574910102398,,25.581211803153032,25.581211803153032,3,A
2652,-61.5957271223901,15.278598136072393,,22.51477591787226,22.51477591787226,3,A
2653,-61.5957271223901,15.278621362042387,,16.45941065642316,16.45941065642316,3,A
2654,-61.5957271223901,15.278644588012384,,23.905286253970175,23.905286253970175,3,A
2655,-61.5957271223901,15.278667813982377,,24.169748276438533,24.169748276438533,3,A
2656,-61.5957271223901,15.278691039952372,,21.47003494089343,21.47003494089343,3,A
2657,-61.5957271223901,15.278714265922368,,23.96424041890117,23.96424041890117,3,A
2658,-61.5957271223901,15.278737491892363,,24.152542746784057,24.152542746784057,3,A
2659,-61.5957271223901,15.278760717862358,,25.39980235404728,25.39980235404728,3,A
2660,-61.5957271223901,15.278783943832352,,21.310283924708692,21.310283924708692,3,A
2661,-61.5957271223901,15.278807169802347,,20.708543674645572,20.708543674645572,3,A
2662,-61.5957271223901,15.278830395772342,,21.78499138722305,21.78499138722305,3,A
2663,-61.5957271223901,15.278853621742336,,26.365644767632077,26.365644767632077,3,A
2664,-61.5957271223901,15.278876847712333,,23.062253744287734,23.062253744287734,3,A
2665,-61.5957271223901,15.278900073682328,,28.741242775436834,28.741242775436834,3,A
2666,-61.5957271223901,15.278923299652323,,21.140469740152525,21.140469740152525,3,A
2667,-61.5957271223901,15.278946525622317,,25.70824106303979,25.70824106303979,3,A
2668,-61.5957271223901,15.278969751592312,,16.179714724553197,16.179714724553197,3,A
2669,-61.5957271223901,15.278992977562307,,17.459300612614737,17.459300612614737,3,A
2670,-61.5957271223901,15.279016203532302,,22.01104604001163,22.01104604001163,3,A
2671,-61.5957271223901,15.279039429502298,,21.28940841094757,21.28940841094757,3,A
2672,-61.5957271223901,15.279062655472293,,21.75470844058726,21.75470844058726,3,A
2673,-61.5957271223901,15.279085881442288,,21.422892405978182,21.422892405978182,3,A
2674,-61.5957271223901,15.279109107412282,,20.487792138412754,20.487792138412754,3,A
2675,-61.5957271223901,15.279132333382277,,24.239970602153857,24.239970602153857,3,A
2676,-61.5957271223901,15.279155559352272,,26.465757001340535,26.465757001340535,3,A
2677,-61.5957271223901,15.279178785322268,,19.52301007067239,19.52301007067239,3,A
2678,-61.5957271223901,15.279202011292263,,21.444291364545897,21.444291364545897,3,A
2679,-61.59572712239011,15.279225237262258,,27.83230869742045,27.83230869742045,3,A
2680,-61.5957271223901,15.279248463232253,,26.795095031828602,26.795095031828602,3,A
2681,-61.5957271223901,15.279271689202247,,24.029977691265493,24.029977691265493,3,A
2682,-61.5957271223901,15.279294915172242,,19.56299978310357,19.56299978310357,3,A
2683,-61.59572712239011,15.279318141142237,,17.21873679593356,17.21873679593356,3,A
2684,-61.5957271223901,15.279341367112233,,25.960182153491587,25.960182153491587,3,A
2685,-61.5957271223901,15.279364593082228,,22.73665803699066,22.73665803699066,3,A
2686,-61.5957271223901,15.279387819052221,,20.228539128055807,20.228539128055807,3,A
2687,-61.59572712239011,15.279411045022218,,23.084146664425038,23.084146664425038,3,A
2688,-61.5957271223901,15.279434270992212,,23.919931233183537,23.919931233183537,3,A
2689,-61.5957271223901,15.279457496962205,,23.383977047730276,23.383977047730276,3,A
2690,-61.5957271223901,15.279480722932202,,22.596130842352533,22.596130842352533,3,A
2691,-61.59572712239011,15.279503948902198,,25.354747561408374,25.354747561408374,3,A
2692,-61.5957271223901,15.279527174872193,,17.018329397068864,17.018329397068864,3,A
2693,-61.5957271223901,15.279550400842187,,18.87103636941387,18.87103636941387,3,A
2694,-61.5957271223901,15.279573626812184,,24.56419112072149,24.56419112072149,3,A
2695,-61.59572712239011,15.279596852782177,,16.269220158718994,16.269220158718994,3,A
2696,-61.5957271223901,15.27962007875217,,17.805901046229295,17.805901046229295,3,A
2697,-61.59572712239011,15.279643304722168,,24.240365348072295,24.240365348072295,3,A
2698,-61.5957271223901,15.279666530692163,,20.080929231545596,20.080929231545596,3,A
2699,-61.5957271223901,15.279689756662156,,17.794143679719696,17.794143679719696,3,A
2700,-61.5957271223901,15.279712982632152,,15.143920271358267,15.143920271358267,3,A
2701,-61.59572712239011,15.279736208602149,,20.65558501771829,20.65558501771829,3,A
2702,-61.5957271223901,15.279759434572142,,20.463102603351118,20.463102603351118,3,A
2703,-61.5957271223901,15.279782660542136,,24.2799045751003,24.2799045751003,3,A
2704,-61.5957271223901,15.279805886512133,,27.627572795906993,27.627572795906993,3,A
2705,-61.5957271223901,15.279829112482128,,19.637328140729544,19.637328140729544,3,A
2706,-61.5957271223901,15.279852338452121,,18.922263101497848,18.922263101497848,3,A
2707,-61.5957271223901,15.279875564422117,,24.5021776482945,24.5021776482945,3,A
2708,-61.5957271223901,15.279898790392114,,22.403237482661883,22.403237482661883,3,A
2709,-61.5957271223901,15.279922016362107,,20.545033852882888,20.545033852882888,3,A
2710,-61.5957271223901,15.2799452423321,,24.01905745293738,24.01905745293738,3,A
2711,-61.5957271223901,15.279968468302098,,22.966452784738735,22.966452784738735,3,A
2712,-61.5957271223901,15.279991694272091,,25.86087523993595,25.86087523993595,3,A
2713,-61.5957271223901,15.280014920242085,,20.44757659725302,20.44757659725302,3,A
2714,-61.5957271223901,15.28003814621208,,24.037909866480923,24.037909866480923,3,A
2715,-61.5957271223901,15.280061372182075,,24.218906697042534,24.218906697042534,3,A
2716,-61.5957271223901,15.28008459815207,,25.10082115709202,25.10082115709202,3,A
2717,-61.5957271223901,15.280107824122066,,20.169018748774413,20.169018748774413,3,A
2718,-61.5957271223901,15.28013105009206,,23.536543904265827,23.536543904265827,3,A
2719,-61.5957271223901,15.280154276062056,,23.03114382085951,23.03114382085951,3,A
2720,-61.5957271223901,15.28017750203205,,21.792913240168467,21.792913240168467,3,A
2721,-61.5957271223901,15.280200728002045,,18.91880861084408,18.91880861084408,3,A
2722,-61.5957271223901,15.28022395397204,,23.33011061776343,23.33011061776343,3,A
2723,-61.5957271223901,15.280247179942036,,20.668889166977177,20.668889166977177,3,A
2724,-61.5957271223901,15.280270405912031,,20.385132532491436,20.385132532491436,3,A
2725,-61.5957271223901,15.280293631882024,,24.42907068798189,24.42907068798189,3,A
2726,-61.5957271223901,15.280316857852021,,19.339592663147656,19.339592663147656,3,A
2727,-61.5957271223901,15.280340083822015,,21.157720588799325,21.157720588799325,3,A
2728,-61.5957271223901,15.280363309792008,,23.20409857764142,23.20409857764142,3,A
2729,-61.5957271223901,15.280386535762005,,18.75547661150836,18.75547661150836,3,A
2730,-61.5957271223901,15.280409761732,,16.418522216007187,16.418522216007187,3,A
2731,-61.5957271223901,15.280432987701996,,24.31538233064164,24.31538233064164,3,A
2732,-61.5957271223901,15.28045621367199,,24.307667939982522,24.307667939982522,3,A
2733,-61.5957271223901,15.280479439641987,,20.978675539330492,20.978675539330492,3,A
2734,-61.59572712239011,15.28050266561198,,19.356091222234248,19.356091222234248,3,A
2735,-61.5957271223901,15.280525891581973,,19.975424486516044,19.975424486516044,3,A
2736,-61.5957271223901,15.28054911755197,,23.669212841298563,23.669212841298563,3,A
3333,-61.59572712239011,15.294415021638969,,27.017240055177073,27.017240055177073,3,A
3334,-61.5957271223901,15.294438247608966,,19.970867155416883,19.970867155416883,3,A
3335,-61.5957271223901,15.29446147357896,,22.334332828687966,22.334332828687966,3,A
3336,-61.5957271223901,15.294484699548953,,23.99398186168983,23.99398186168983,3,A
3337,-61.5957271223901,15.29450792551895,,20.45572143426199,20.45572143426199,3,A
3338,-61.5957271223901,15.294531151488943,,21.787706155463603,21.787706155463603,3,A
3339,-61.5957271223901,15.294554377458939,,26.182669283005524,26.182669283005524,3,A
3340,-61.5957271223901,15.294577603428934,,20.34854849872138,20.34854849872138,3,A
3341,-61.5957271223901,15.29460082939893,,21.78438384368329,21.78438384368329,3,A
3342,-61.5957271223901,15.294624055368924,,24.21907828286282,24.21907828286282,3,A
3343,-61.5957271223901,15.294647281338918,,26.761642721033557,26.761642721033557,3,A
3344,-61.5957271223901,15.294670507308913,,24.570741659266453,24.570741659266453,3,A
3345,-61.5957271223901,15.294693733278907,,25.89871531804943,25.89871531804943,3,A
3346,-61.5957271223901,15.294716959248902,,23.460501251120743,23.460501251120743,3,A
3347,-61.5957271223901,15.294740185218899,,26.27390621750847,26.27390621750847,3,A
3348,-61.5957271223901,15.294763411188892,,26.559527006807276,26.559527006807276,3,A
3349,-61.5957271223901,15.294786637158886,,22.765876204871418,22.765876204871418,3,A
3350,-61.5957271223901,15.294809863128883,,26.62375588086904,26.62375588086904,3,A
3351,-61.5957271223901,15.294833089098876,,30.18651426107496,30.18651426107496,3,A
3352,-61.5957271223901,15.294856315068873,,22.72863643505488,22.72863643505488,3,A
3353,-61.5957271223901,15.294879541038867,,23.83709155593154,23.83709155593154,3,A
3354,-61.5957271223901,15.294902767008864,,20.578674664591357,20.578674664591357,3,A
3355,-61.5957271223901,15.294925992978857,,23.83052765521922,23.83052765521922,3,A
3356,-61.5957271223901,15.294949218948851,,24.9664807972878,24.9664807972878,3,A
3357,-61.5957271223901,15.294972444918848,,21.392515978495585,21.392515978495585,3,A
3358,-61.5957271223901,15.294995670888841,,27.463310069532724,27.463310069532724,3,A
3359,-61.5957271223901,15.295018896858839,,18.38066328517292,18.38066328517292,3,A
3360,-61.5957271223901,15.295042122828832,,22.277358307722398,22.277358307722398,3,A
3361,-61.5957271223901,15.295065348798826,,24.679413065089342,24.679413065089342,3,A
3362,-61.5957271223901,15.295088574768823,,24.036424541952314,24.036424541952314,3,A
3363,-61.5957271223901,15.295111800738816,,23.618160559980225,23.618160559980225,3,A
3364,-61.5957271223901,15.295135026708811,,20.832363507129905,20.832363507129905,3,A
3365,-61.5957271223901,15.295158252678807,,26.26519944261805,26.26519944261805,3,A
3366,-61.59572712239011,15.295181478648804,,23.192169815542506,23.192169815542506,3,A
3367,-61.5957271223901,15.295204704618797,,25.74241011780085,25.74241011780085,3,A
3368,-61.5957271223901,15.29522793058879,,28.382529049731787,28.382529049731787,3,A
3369,-61.5957271223901,15.295251156558788,,26.182078563606662,26.182078563606662,3,A
3370,-61.5957271223901,15.295274382528781,,29.14356710303224,29.14356710303224,3,A
3371,-61.5957271223901,15.295297608498776,,22.886138376994573,22.886138376994573,3,A
3372,-61.59572712239011,15.295320834468772,,21.279616842197917,21.279616842197917,3,A
3373,-61.5957271223901,15.295344060438769,,25.69898391124048,25.69898391124048,3,A
3374,-61.5957271223901,15.295367286408762,,27.79274046980734,27.79274046980734,3,A
3375,-61.5957271223901,15.295390512378756,,23.63983747552202,23.63983747552202,3,A
3376,-61.59572712239011,15.295413738348753,,26.82277516633499,26.82277516633499,3,A
3377,-61.5957271223901,15.295436964318746,,24.816802126654938,24.816802126654938,3,A
3378,-61.5957271223901,15.295460190288741,,29.149397217897988,29.149397217897988,3,A
3379,-61.5957271223901,15.295483416258737,,24.2613727088139,24.2613727088139,3,A
3380,-61.59572712239011,15.295506642228734,,28.872124101741456,28.872124101741456,3,A
3381,-61.5957271223901,15.295529868198727,,26.20558270457968,26.20558270457968,3,A
3382,-61.5957271223901,15.29555309416872,,25.600247956676817,25.600247956676817,3,A
3383,-61.5957271223901,15.295576320138718,,21.296109713637964,21.296109713637964,3,A
3384,-61.59572712239011,15.295599546108711,,27.81618485454489,27.81618485454489,3,A
3385,-61.5957271223901,15.295622772078707,,26.517298521058493,26.517298521058493,3,A
3386,-61.595727122390116,15.295645998048704,,28.33975092895211,28.33975092895211,3,A
3387,-61.5957271223901,15.295669224018697,,23.992492699712347,23.992492699712347,3,A
3388,-61.5957271223901,15.295692449988692,,20.633867493125727,20.633867493125727,3,A
3389,-61.5957271223901,15.295715675958686,,28.58791847293505,28.58791847293505,3,A
3390,-61.5957271223901,15.295738901928683,,23.25314436672847,23.25314436672847,3,A
3391,-61.5957271223901,15.295762127898676,,25.814505394001074,25.814505394001074,3,A
3392,-61.5957271223901,15.295785353868672,,25.783191952632354,25.783191952632354,3,A
3393,-61.5957271223901,15.295808579838667,,24.72432835917417,24.72432835917417,3,A
3394,-61.5957271223901,15.295831805808662,,27.221556818549693,27.221556818549693,3,A
3395,-61.5957271223901,15.295855031778657,,25.22100174377603,25.22100174377603,3,A
3396,-61.5957271223901,15.295878257748651,,22.92822842864124,22.92822842864124,3,A
3397,-61.5957271223901,15.295901483718648,,29.6515511619899,29.6515511619899,3,A
3398,-61.5957271223901,15.295924709688641,,33.25307401718142,33.25307401718142,3,A
3399,-61.5957271223901,15.295947935658637,,21.801945796927935,21.801945796927935,3,A
3400,-61.5957271223901,15.295971161628632,,27.76405491872426,27.76405491872426,3,A
3401,-61.5957271223901,15.295994387598627,,23.404129641812922,23.404129641812922,3,A
3402,-61.5957271223901,15.296017613568623,,24.835154922291196,24.835154922291196,3,A
3403,-61.5957271223901,15.296040839538616,,26.197048265607474,26.197048265607474,3,A
3404,-61.5957271223901,15.296064065508613,,27.78751081932569,27.78751081932569,3,A
3405,-61.5957271223901,15.296087291478607,,26.388034415785615,26.388034415785615,3,A
3406,-61.5957271223901,15.296110517448602,,30.41373002132142,30.41373002132142,3,A
3407,-61.5957271223901,15.296133743418597,,26.709214774845996,26.709214774845996,3,A
3408,-61.5957271223901,15.296156969388592,,21.530294844849635,21.530294844849635,3,A
3409,-61.5957271223901,15.296180195358588,,25.92785513287345,25.92785513287345,3,A
3410,-61.5957271223901,15.296203421328581,,18.545329402874508,18.545329402874508,3,A
3411,-61.59572712239011,15.296226647298578,,23.355277191012693,23.355277191012693,3,A
3412,-61.5957271223901,15.296249873268572,,25.212593598248105,25.212593598248105,3,A
3413,-61.5957271223901,15.296273099238565,,29.61313543791723,29.61313543791723,3,A
3414,-61.5957271223901,15.296296325208562,,30.652705669328615,30.652705669328615,3,A
3415,-61.5957271223901,15.296319551178557,,24.119751680145214,24.119751680145214,3,A
3416,-61.5957271223901,15.296342777148553,,29.132832724650576,29.132832724650576,3,A
3417,-61.5957271223901,15.296366003118546,,25.94982515644954,25.94982515644954,3,A
3418,-61.5957271223901,15.296389229088541,,29.085896285089632,29.085896285089632,3,A
3419,-61.59572712239011,15.296412455058537,,24.07403515350402,24.07403515350402,3,A
3420,-61.5957271223901,15.29643568102853,,24.364901783793027,24.364901783793027,3,A
3421,-61.5957271223901,15.296458906998527,,27.5376096329474,27.5376096329474,3,A
3422,-61.5957271223901,15.29648213296852,,26.248754931266095,26.248754931266095,3,A
3423,-61.59572712239011,15.296505358938514,,23.767628662495575,23.767628662495575,3,A
3424,-61.5957271223901,15.29652858490851,,21.629000180359277,21.629000180359277,3,A
3425,-61.5957271223901,15.296551810878505,,28.733137672302977,28.733137672302977,3,A
3426,-61.5957271223901,15.2965750368485,,23.027899664946176,23.027899664946176,3,A
3427,-61.59572712239011,15.296598262818495,,22.068403502220853,22.068403502220853,3,A
3428,-61.5957271223901,15.296621488788489,,28.82644744439864,28.82644744439864,3,A
3429,-61.59572712239011,15.296644714758486,,19.56714052938063,19.56714052938063,3,A
3430,-61.5957271223901,15.29666794072848,,18.36883384491074,18.36883384491074,3,A
3431,-61.5957271223901,15.296691166698475,,24.98051872217996,24.98051872217996,3,A
3432,-61.5957271223901,15.29671439266847,,30.36393960561895,30.36393960561895,3,A
3433,-61.59572712239011,15.296737618638465,,27.852565516819467,27.852565516819467,3,A
3434,-61.5957271223901,15.29676084460846,,24.071778242411806,24.071778242411806,3,A
3435,-61.5957271223901,15.296784070578454,,20.489786425818544,20.489786425818544,3,A
3436,-61.59572712239011,15.296807296548451,,23.859657231538584,23.859657231538584,3,A
3437,-61.59572712239011,15.296830522518444,,27.989743490600624,27.989743490600624,3,A
3438,-61.5957271223901,15.29685374848844,,22.513931381469117,22.513931381469117,3,A
3439,-61.5957271223901,15.296876974458435,,22.419767965509962,22.419767965509962,3,A
3440,-61.5957271223901,15.29690020042843,,26.299317319478234,26.299317319478234,3,A
3441,-61.59572712239011,15.296923426398426,,25.534646608264723,25.534646608264723,3,A
3442,-61.5957271223901,15.296946652368419,,27.65522108290139,27.65522108290139,3,A
3443,-61.5957271223901,15.296969878338414,,19.866631893824458,19.866631893824458,3,A
3444,-61.5957271223901,15.29699310430841,,22.542577533169307,22.542577533169307,3,A
3445,-61.5957271223901,15.297016330278405,,25.87540860630687,25.87540860630687,3,A
3446,-61.5957271223901,15.2970395562484,,22.78118572523835,22.78118572523835,3,A
3447,-61.5957271223901,15.297062782218395,,25.650776513869026,25.650776513869026,3,A
3448,-61.5957271223901,15.29708600818839,,23.47325316697738,23.47325316697738,3,A
3449,-61.5957271223901,15.297109234158384,,23.954811047817582,23.954811047817582,3,A
3450,-61.5957271223901,15.29713246012838,,21.57072442263666,21.57072442263666,3,A
3451,-61.5957271223901,15.297155686098375,,26.30179268821525,26.30179268821525,3,A
3452,-61.5957271223901,15.29717891206837,,25.09920000867344,25.09920000867344,3,A
3453,-61.5957271223901,15.297202138038365,,25.56022618828612,25.56022618828612,3,A
3454,-61.5957271223901,15.29722536400836,,28.093376040992187,28.093376040992187,3,A
3455,-61.5957271223901,15.297248589978356,,21.668267673515096,21.668267673515096,3,A
3456,-61.5957271223901,15.29727181594835,,20.38979092483804,20.38979092483804,3,A
3457,-61.5957271223901,15.297295041918344,,26.48127719974964,26.48127719974964,3,A
3458,-61.5957271223901,15.29731826788834,,29.68118302349786,29.68118302349786,3,A
3459,-61.5957271223901,15.297341493858335,,22.500420030536198,22.500420030536198,3,A
3460,-61.5957271223901,15.29736471982833,,27.411978225494465,27.411978225494465,3,A
3461,-61.5957271223901,15.297387945798327,,25.32937984285571,25.32937984285571,3,A
3462,-61.5957271223901,15.29741117176832,,27.822004425449514,27.822004425449514,3,A
3463,-61.5957271223901,15.297434397738314,,27.390469055857995,27.390469055857995,3,A
3464,-61.5957271223901,15.29745762370831,,27.517654337657778,27.517654337657778,3,A
3465,-61.5957271223901,15.297480849678305,,27.34927136338699,27.34927136338699,3,A
3466,-61.5957271223901,15.2975040756483,,25.397873370746932,25.397873370746932,3,A
3467,-61.5957271223901,15.297527301618295,,25.55348826512606,25.55348826512606,3,A
3468,-61.5957271223901,15.297550527588289,,32.05975969227462,32.05975969227462,3,A
3469,-61.5957271223901,15.297573753558286,,29.387038558895625,29.387038558895625,3,A
3470,-61.5957271223901,15.29759697952828,,23.935765506365613,23.935765506365613,3,A
3471,-61.5957271223901,15.297620205498275,,28.511689010493793,28.511689010493793,3,A
3472,-61.59572712239011,15.29764343146827,,29.739893221305145,29.739893221305145,3,A
3473,-61.5957271223901,15.297666657438265,,20.49181217337665,20.49181217337665,3,A
3474,-61.5957271223901,15.29768988340826,,28.788489638366485,28.788489638366485,3,A
3475,-61.5957271223901,15.297713109378254,,26.14063073670411,26.14063073670411,3,A
3476,-61.59572712239011,15.297736335348251,,29.080502981300587,29.080502981300587,3,A
3477,-61.5957271223901,15.297759561318244,,29.283970872277244,29.283970872277244,3,A
3478,-61.5957271223901,15.29778278728824,,28.7598989572817,28.7598989572817,3,A
3479,-61.5957271223901,15.297806013258235,,23.521952472074503,23.521952472074503,3,A
3480,-61.59572712239011,15.29782923922823,,21.349168873145878,21.349168873145878,3,A
3481,-61.5957271223901,15.297852465198226,,27.330541727245166,27.330541727245166,3,A
3482,-61.5957271223901,15.297875691168219,,24.500605150817524,24.500605150817524,3,A
3483,-61.5957271223901,15.297898917138216,,25.678998720859354,25.678998720859354,3,A
3484,-61.59572712239011,15.29792214310821,,21.993053070587315,21.993053070587315,3,A
3485,-61.5957271223901,15.297945369078203,,29.3427937404279,29.3427937404279,3,A
3486,-61.595727122390116,15.2979685950482,,20.436558538943483,20.436558538943483,3,A
3487,-61.5957271223901,15.297991821018195,,26.331459146695632,26.331459146695632,3,A
3488,-61.5957271223901,15.298015046988189,,24.596764723604974,24.596764723604974,3,A
3489,-61.5957271223901,15.298038272958184,,26.2119809324518,26.2119809324518,3,A
3490,-61.59572712239011,15.298061498928181,,24.51776950343587,24.51776950343587,3,A
3491,-61.5957271223901,15.298084724898175,,22.797493591948108,22.797493591948108,3,A
3492,-61.5957271223901,15.298107950868168,,29.28668902970542,29.28668902970542,3,A
3493,-61.5957271223901,15.298131176838165,,27.691958118667213,27.691958118667213,3,A
3494,-61.59572712239011,15.29815440280816,,34.12681230135534,34.12681230135534,3,A
3495,-61.5957271223901,15.298177628778154,,24.508681724153064,24.508681724153064,3,A
3496,-61.5957271223901,15.29820085474815,,31.78463873683095,31.78463873683095,3,A
3497,-61.5957271223901,15.298224080718146,,22.283352714216896,22.283352714216896,3,A
3498,-61.5957271223901,15.29824730668814,,20.527363137329523,20.527363137329523,3,A
3499,-61.5957271223901,15.298270532658133,,26.698515092252794,26.698515092252794,3,A
3500,-61.5957271223901,15.29829375862813,,23.770440719089446,23.770440719089446,3,A
3501,-61.5957271223901,15.298316984598124,,21.614403705032043,21.614403705032043,3,A
3502,-61.5957271223901,15.298340210568117,,23.531901823057165,23.531901823057165,3,A
3503,-61.5957271223901,15.298363436538112,,24.73828422606641,24.73828422606641,3,A
3504,-61.5957271223901,15.298386662508108,,28.939987832974413,28.939987832974413,3,A
3505,-61.5957271223901,15.298409888478103,,27.85122314450228,27.85122314450228,3,A
3506,-61.5957271223901,15.298433114448098,,30.476424702889737,30.476424702889737,3,A
3507,-61.5957271223901,15.298456340418092,,27.108158573726058,27.108158573726058,3,A
3508,-61.5957271223901,15.298479566388089,,22.12384147798898,22.12384147798898,3,A
3509,-61.5957271223901,15.298502792358082,,26.389556268440163,26.389556268440163,3,A
3510,-61.5957271223901,15.298526018328078,,27.18650504388705,27.18650504388705,3,A
3511,-61.59572712239011,15.298549244298073,,21.792863956582323,21.792863956582323,3,A
3512,-61.5957271223901,15.298572470268068,,27.682051640799518,27.682051640799518,3,A
3513,-61.5957271223901,15.298595696238063,,24.059841528806547,24.059841528806547,3,A
3514,-61.5957271223901,15.298618922208057,,24.762805102672257,24.762805102672257,3,A
3515,-61.5957271223901,15.298642148178054,,21.225336424603167,21.225336424603167,3,A
3516,-61.5957271223901,15.298665374148047,,24.082255104306984,24.082255104306984,3,A
3517,-61.5957271223901,15.298688600118043,,25.295740160743893,25.295740160743893,3,A
3518,-61.5957271223901,15.298711826088038,,26.447931138759998,26.447931138759998,3,A
3519,-61.5957271223901,15.298735052058033,,28.032027943265586,28.032027943265586,3,A
3520,-61.5957271223901,15.298758278028028,,22.832385474354247,22.832385474354247,3,A
3521,-61.5957271223901,15.298781503998022,,32.194374961530215,32.194374961530215,3,A
3522,-61.5957271223901,15.298804729968019,,29.615526038976196,29.615526038976196,3,A
3523,-61.5957271223901,15.298827955938012,,26.708551716833117,26.708551716833117,3,A
3524,-61.5957271223901,15.298851181908006,,25.886820802341614,25.886820802341614,3,A
3525,-61.5957271223901,15.298874407878003,,22.83738460267917,22.83738460267917,3,A
3526,-61.5957271223901,15.298897633847998,,26.454970415724347,26.454970415724347,3,A
3527,-61.59572712239011,15.298920859817994,,25.886472056325374,25.886472056325374,3,A
3528,-61.5957271223901,15.298944085787987,,28.896442506890345,28.896442506890345,3,A
3529,-61.59572712239011,15.298967311757984,,24.33160337230934,24.33160337230934,3,A
3530,-61.5957271223901,15.298990537727978,,27.937962572365684,27.937962572365684,3,A
3531,-61.5957271223901,15.299013763697971,,31.591471730003835,31.591471730003835,3,A
3532,-61.5957271223901,15.299036989667968,,28.50071325270472,28.50071325270472,3,A
3533,-61.59572712239011,15.299060215637963,,24.28340053319791,24.28340053319791,3,A
3534,-61.5957271223901,15.299083441607959,,22.76761147385302,22.76761147385302,3,A
3535,-61.5957271223901,15.299106667577952,,25.875178199773803,25.875178199773803,3,A
3536,-61.59572712239011,15.29912989354795,,26.06107674214266,26.06107674214266,3,A
3537,-61.59572712239011,15.299153119517943,,33.20865521507543,33.20865521507543,3,A
3538,-61.5957271223901,15.299176345487936,,25.04556901262543,25.04556901262543,3,A
3539,-61.5957271223901,15.299199571457933,,24.54781165233676,24.54781165233676,3,A
3540,-61.5957271223901,15.299222797427928,,25.81776024445124,25.81776024445124,3,A
3541,-61.59572712239011,15.299246023397924,,26.09433880793909,26.09433880793909,3,A
3542,-61.5957271223901,15.299269249367917,,28.308208727391143,28.308208727391143,3,A
3543,-61.5957271223901,15.299292475337912,,25.778477079811037,25.778477079811037,3,A
3544,-61.5957271223901,15.299315701307908,,21.455759260364168,21.455759260364168,3,A
3545,-61.5957271223901,15.299338927277901,,28.495321101088752,28.495321101088752,3,A
3546,-61.5957271223901,15.299362153247898,,28.718914091112147,28.718914091112147,3,A
3547,-61.59572712239011,15.299385379217892,,26.664032529371866,26.664032529371866,3,A
3548,-61.5957271223901,15.299408605187889,,28.89136946638121,28.89136946638121,3,A
3549,-61.5957271223901,15.299431831157882,,26.598664491216383,26.598664491216383,3,A
3550,-61.5957271223901,15.299455057127876,,21.50894264527173,21.50894264527173,3,A
3551,-61.5957271223901,15.299478283097873,,25.830001344252643,25.830001344252643,3,A
3552,-61.5957271223901,15.299501509067868,,27.52515110009297,27.52515110009297,3,A
3553,-61.5957271223901,15.299524735037863,,30.59450661508597,30.59450661508597,3,A
3554,-61.5957271223901,15.299547961007857,,25.21150024569371,25.21150024569371,3,A
3555,-61.5957271223901,15.299571186977854,,25.033409063832018,25.033409063832018,3,A
3556,-61.5957271223901,15.299594412947847,,27.448389688273352,27.448389688273352,3,A
3557,-61.5957271223901,15.29961763891784,,26.546236421178154,26.546236421178154,3,A
3558,-61.5957271223901,15.299640864887838,,26.405312356892033,26.405312356892033,3,A
3559,-61.5957271223901,15.299664090857833,,26.3029943112614,26.3029943112614,3,A
3560,-61.5957271223901,15.299687316827827,,26.106905135765306,26.106905135765306,3,A
3561,-61.5957271223901,15.299710542797824,,25.939519540615656,25.939519540615656,3,A
3562,-61.5957271223901,15.299733768767819,,33.363258889046776,33.363258889046776,3,A
3563,-61.5957271223901,15.299756994737812,,29.34938891008067,29.34938891008067,3,A
3564,-61.5957271223901,15.299780220707806,,22.05670379811538,22.05670379811538,3,A
3565,-61.5957271223901,15.299803446677803,,25.396729008232292,25.396729008232292,3,A
3566,-61.5957271223901,15.299826672647798,,29.010789028205437,29.010789028205437,3,A
3567,-61.5957271223901,15.299849898617792,,26.767680158399262,26.767680158399262,3,A
3568,-61.5957271223901,15.299873124587787,,27.3134003989191,27.3134003989191,3,A
3569,-61.5957271223901,15.299896350557784,,25.573025231644827,25.573025231644827,3,A
3570,-61.5957271223901,15.299919576527778,,25.06593449276299,25.06593449276299,3,A
3571,-61.5957271223901,15.299942802497771,,28.815972456865463,28.815972456865463,3,A
3572,-61.5957271223901,15.299966028467768,,25.095912327527433,25.095912327527433,3,A
3573,-61.5957271223901,15.299989254437762,,19.982462519934415,19.982462519934415,3,A
3574,-61.5957271223901,15.300012480407757,,28.802758434948743,28.802758434948743,3,A
3575,-61.5957271223901,15.300035706377752,,28.034643173609517,28.034643173609517,3,A
3576,-61.5957271223901,15.300058932347747,,25.972985158703295,25.972985158703295,3,A
3577,-61.5957271223901,15.300082158317743,,27.31492735315685,27.31492735315685,3,A
3578,-61.5957271223901,15.300105384287736,,25.520531230498207,25.520531230498207,3,A
3579,-61.5957271223901,15.300128610257731,,26.797424792157663,26.797424792157663,3,A
3580,-61.59572712239011,15.300151836227727,,29.48981426919191,29.48981426919191,3,A
3581,-61.5957271223901,15.30017506219772,,26.826714665844445,26.826714665844445,3,A
3582,-61.5957271223901,15.300198288167715,,29.932934725617834,29.932934725617834,3,A
3583,-61.5957271223901,15.30022151413771,,25.13058020099906,25.13058020099906,3,A
3584,-61.59572712239011,15.300244740107706,,28.56842253063067,28.56842253063067,3,A
3585,-61.5957271223901,15.300267966077701,,29.239421960250123,29.239421960250123,3,A
3586,-61.595727122390116,15.300291192047696,,30.918299182256785,30.918299182256785,3,A
3587,-61.5957271223901,15.300314418017692,,26.495486465246145,26.495486465246145,3,A
3588,-61.5957271223901,15.300337643987685,,28.652737985669614,28.652737985669614,3,A
3589,-61.5957271223901,15.300360869957679,,27.18237951673755,27.18237951673755,3,A
3590,-61.59572712239011,15.300384095927676,,26.935042065735,26.935042065735,3,A
3591,-61.5957271223901,15.300407321897671,,30.185592684272205,30.185592684272205,3,A
3592,-61.5957271223901,15.300430547867666,,24.39495083479428,24.39495083479428,3,A
3593,-61.5957271223901,15.30045377383766,,27.613908385551984,27.613908385551984,3,A
3594,-61.59572712239011,15.300476999807657,,33.554553534063615,33.554553534063615,3,A
3595,-61.5957271223901,15.30050022577765,,28.8220626294672,28.8220626294672,3,A
3596,-61.5957271223901,15.300523451747644,,28.10463060760995,28.10463060760995,3,A
3597,-61.5957271223901,15.30054667771764,,18.09466062321762,18.09466062321762,3,A
3598,-61.59572712239011,15.300569903687636,,27.15209744862422,27.15209744862422,3,A
3599,-61.5957271223901,15.30059312965763,,33.170262128582486,33.170262128582486,3,A
3600,-61.5957271223901,15.300616355627625,,19.30658549877225,19.30658549877225,3,A
3601,-61.5957271223901,15.300639581597622,,27.816148205962286,27.816148205962286,3,A
3602,-61.5957271223901,15.300662807567615,,24.80390029775764,24.80390029775764,3,A
3603,-61.5957271223901,15.300686033537609,,24.218005153170573,24.218005153170573,3,A
3604,-61.5957271223901,15.300709259507606,,26.457378141537983,26.457378141537983,3,A
3605,-61.5957271223901,15.300732485477601,,22.776689887938275,22.776689887938275,3,A
3606,-61.5957271223901,15.300755711447595,,33.24752663516305,33.24752663516305,3,A
3607,-61.5957271223901,15.30077893741759,,30.464625754653177,30.464625754653177,3,A
3608,-61.5957271223901,15.300802163387587,,28.840126110453618,28.840126110453618,3,A
3609,-61.5957271223901,15.30082538935758,,25.539259850633435,25.539259850633435,3,A
3610,-61.5957271223901,15.300848615327574,,26.77436578292738,26.77436578292738,3,A
3611,-61.59572712239011,15.300871841297571,,27.90674397818694,27.90674397818694,3,A
3612,-61.5957271223901,15.300895067267565,,28.42830530741171,28.42830530741171,3,A
3613,-61.5957271223901,15.30091829323756,,31.03382860596557,31.03382860596557,3,A
3614,-61.5957271223901,15.300941519207555,,26.941097216779458,26.941097216779458,3,A
3615,-61.5957271223901,15.300964745177552,,24.14267524966406,24.14267524966406,3,A
3616,-61.5957271223901,15.300987971147546,,25.447478836660164,25.447478836660164,3,A
3617,-61.5957271223901,15.301011197117539,,25.702259795601474,25.702259795601474,3,A
3618,-61.5957271223901,15.301034423087536,,22.72685288457962,22.72685288457962,3,A
3619,-61.5957271223901,15.30105764905753,,27.70236968491798,27.70236968491798,3,A
3620,-61.5957271223901,15.301080875027525,,26.022794703228843,26.022794703228843,3,A
3621,-61.5957271223901,15.30110410099752,,26.188075026471378,26.188075026471378,3,A
3622,-61.5957271223901,15.301127326967515,,26.425403540418696,26.425403540418696,3,A
3623,-61.5957271223901,15.30115055293751,,24.583270730376586,24.583270730376586,3,A
3624,-61.5957271223901,15.301173778907504,,29.287311966128428,29.287311966128428,3,A
3625,-61.5957271223901,15.3011970048775,,29.145595861045834,29.145595861045834,3,A
3626,-61.5957271223901,15.301220230847495,,29.172978203964007,29.172978203964007,3,A
3627,-61.5957271223901,15.301243456817492,,25.310284286493772,25.310284286493772,3,A
3628,-61.5957271223901,15.301266682787485,,27.77352178710352,27.77352178710352,3,A
3629,-61.59572712239011,15.30128990875748,,25.63767166706864,25.63767166706864,3,A
3630,-61.5957271223901,15.301313134727476,,30.52236293579916,30.52236293579916,3,A
3631,-61.5957271223901,15.30133636069747,,27.513324499132505,27.513324499132505,3,A
3632,-61.5957271223901,15.301359586667465,,25.33507373562739,25.33507373562739,3,A
3633,-61.59572712239011,15.30138281263746,,27.452199369147934,27.452199369147934,3,A
3634,-61.5957271223901,15.301406038607457,,22.939668436778334,22.939668436778334,3,A
3635,-61.5957271223901,15.30142926457745,,25.389711710707903,25.389711710707903,3,A
3636,-61.59572712239011,15.301452490547447,,24.73987955210602,24.73987955210602,3,A
3637,-61.59572712239011,15.30147571651744,,27.509086632667675,27.509086632667675,3,A
3638,-61.5957271223901,15.301498942487434,,19.090565696643885,19.090565696643885,3,A
3639,-61.5957271223901,15.30152216845743,,25.702697059344114,25.702697059344114,3,A
3640,-61.5957271223901,15.301545394427425,,24.145971944474137,24.145971944474137,3,A
3641,-61.59572712239011,15.301568620397422,,26.60200748253363,26.60200748253363,3,A
3642,-61.5957271223901,15.301591846367415,,32.25850641046843,32.25850641046843,3,A
3643,-61.5957271223901,15.301615072337409,,23.279151190219864,23.279151190219864,3,A
3644,-61.5957271223901,15.301638298307406,,30.070727823057865,30.070727823057865,3,A
3645,-61.5957271223901,15.3016615242774,,24.45112889564117,24.45112889564117,3,A
3646,-61.5957271223901,15.301684750247395,,26.709595519574883,26.709595519574883,3,A
3647,-61.59572712239011,15.30170797621739,,23.045681083023776,23.045681083023776,3,A
3648,-61.5957271223901,15.301731202187385,,22.10596242771947,22.10596242771947,3,A
3649,-61.5957271223901,15.30175442815738,,29.28366003272581,29.28366003272581,3,A
3650,-61.5957271223901,15.301777654127374,,28.437087037228785,28.437087037228785,3,A
3651,-61.59572712239011,15.301800880097371,,24.94838398385895,24.94838398385895,3,A
3652,-61.5957271223901,15.301824106067365,,22.5609659675183,22.5609659675183,3,A
3653,-61.5957271223901,15.30184733203736,,30.795081997414197,30.795081997414197,3,A
3654,-61.5957271223901,15.301870558007355,,31.78650285203342,31.78650285203342,3,A
3655,-61.5957271223901,15.30189378397735,,25.19467369674779,25.19467369674779,3,A
3656,-61.5957271223901,15.301917009947346,,25.590987454507246,25.590987454507246,3,A
3657,-61.5957271223901,15.301940235917339,,23.459807591489124,23.459807591489124,3,A
3658,-61.5957271223901,15.301963461887333,,29.511725961771603,29.511725961771603,3,A
3659,-61.5957271223901,15.30198668785733,,27.516149729532277,27.516149729532277,3,A
3660,-61.5957271223901,15.302009913827323,,27.724549743934404,27.724549743934404,3,A
3661,-61.5957271223901,15.30203313979732,,25.75323777608336,25.75323777608336,3,A
3662,-61.5957271223901,15.302056365767314,,27.766928677000674,27.766928677000674,3,A
3663,-61.5957271223901,15.302079591737307,,25.89388775995516,25.89388775995516,3,A
3664,-61.5957271223901,15.302102817707302,,26.21662588549144,26.21662588549144,3,A
3665,-61.5957271223901,15.302126043677298,,30.325481524673787,30.325481524673787,3,A
3666,-61.5957271223901,15.302149269647295,,29.312487449656075,29.312487449656075,3,A
3667,-61.5957271223901,15.302172495617288,,29.19967009813419,29.19967009813419,3,A
3668,-61.5957271223901,15.302195721587282,,28.789542134739637,28.789542134739637,3,A
3669,-61.5957271223901,15.302218947557279,,27.431134366778686,27.431134366778686,3,A
3670,-61.5957271223901,15.302242173527272,,32.80651413071866,32.80651413071866,3,A
3671,-61.5957271223901,15.302265399497267,,22.099646513507274,22.099646513507274,3,A
3672,-61.5957271223901,15.302288625467263,,25.10787933056256,25.10787933056256,3,A
3673,-61.5957271223901,15.30231185143726,,27.588757215429307,27.588757215429307,3,A
3674,-61.5957271223901,15.302335077407253,,26.09737522348207,26.09737522348207,3,A
3675,-61.5957271223901,15.302358303377247,,26.637988495898732,26.637988495898732,3,A
3676,-61.5957271223901,15.302381529347244,,26.03723139561588,26.03723139561588,3,A
3677,-61.5957271223901,15.302404755317237,,27.454548329398555,27.454548329398555,3,A
3678,-61.5957271223901,15.302427981287233,,28.65215736830894,28.65215736830894,3,A
3679,-61.5957271223901,15.302451207257228,,31.286734810437416,31.286734810437416,3,A
3680,-61.5957271223901,15.302474433227225,,31.721915429425785,31.721915429425785,3,A
3681,-61.5957271223901,15.302497659197218,,28.954633337627516,28.954633337627516,3,A
3682,-61.5957271223901,15.302520885167212,,25.9233912083971,25.9233912083971,3,A
3683,-61.5957271223901,15.302544111137209,,25.183825680312104,25.183825680312104,3,A
3684,-61.59572712239011,15.302567337107202,,28.212553603066553,28.212553603066553,3,A
3685,-61.5957271223901,15.302590563077198,,27.825825974911435,27.825825974911435,3,A
3686,-61.595727122390116,15.302613789047195,,28.096481861020475,28.096481861020475,3,A
3687,-61.5957271223901,15.302637015017188,,24.56234749585772,24.56234749585772,3,A
3688,-61.5957271223901,15.302660240987183,,27.630549910796464,27.630549910796464,3,A
3689,-61.5957271223901,15.302683466957177,,28.392804686988313,28.392804686988313,3,A
3690,-61.59572712239011,15.302706692927174,,28.347709371330538,28.347709371330538,3,A
3691,-61.5957271223901,15.302729918897167,,25.24168966154518,25.24168966154518,3,A
3692,-61.5957271223901,15.302753144867163,,31.452284738296186,31.452284738296186,3,A
3693,-61.5957271223901,15.302776370837158,,23.125275835006548,23.125275835006548,3,A
3694,-61.59572712239011,15.302799596807153,,19.551367240521873,19.551367240521873,3,A
3695,-61.5957271223901,15.302822822777149,,31.526930409684855,31.526930409684855,3,A
3696,-61.5957271223901,15.302846048747142,,27.04571276605937,27.04571276605937,3,A
3697,-61.5957271223901,15.302869274717139,,29.637124716407744,29.637124716407744,3,A
3698,-61.59572712239011,15.302892500687133,,28.559362056934685,28.559362056934685,3,A
3699,-61.5957271223901,15.302915726657128,,25.218973508685885,25.218973508685885,3,A
3700,-61.5957271223901,15.302938952627123,,27.310704255405266,27.310704255405266,3,A
3701,-61.5957271223901,15.302962178597118,,30.670644065778284,30.670644065778284,3,A
3702,-61.59572712239011,15.302985404567114,,23.0574602537497,23.0574602537497,3,A
3703,-61.5957271223901,15.303008630537107,,26.24367810572795,26.24367810572795,3,A
3704,-61.59572712239011,15.303031856507104,,23.25192868331113,23.25192868331113,3,A
3705,-61.5957271223901,15.303055082477098,,27.553579862721694,27.553579862721694,3,A
3706,-61.5957271223901,15.303078308447093,,29.127564092160863,29.127564092160863,3,A
3707,-61.5957271223901,15.303101534417088,,27.303672808115532,27.303672808115532,3,A
3708,-61.5957271223901,15.303124760387083,,25.120821591561683,25.120821591561683,3,A
3709,-61.5957271223901,15.303147986357079,,23.450916621028213,23.450916621028213,3,A
3710,-61.5957271223901,15.303171212327072,,30.676663024977834,30.676663024977834,3,A
3711,-61.59572712239011,15.30319443829707,,23.072137687927714,23.072137687927714,3,A
3712,-61.5957271223901,15.303217664267063,,29.68882501821053,29.68882501821053,3,A
3713,-61.5957271223901,15.303240890237056,,25.86712080620617,25.86712080620617,3,A
3714,-61.5957271223901,15.303264116207053,,22.585765954863483,22.585765954863483,3,A
3715,-61.5957271223901,15.303287342177049,,24.245002283624718,24.245002283624718,3,A
3716,-61.5957271223901,15.303310568147044,,25.41067422202058,25.41067422202058,3,A
3717,-61.5957271223901,15.303333794117037,,31.54398817399121,31.54398817399121,3,A
3718,-61.5957271223901,15.303357020087033,,25.21811284027688,25.21811284027688,3,A
3719,-61.5957271223901,15.303380246057028,,26.679627745995006,26.679627745995006,3,A
3720,-61.5957271223901,15.303403472027021,,24.345181573846816,24.345181573846816,3,A
3721,-61.5957271223901,15.303426697997018,,21.938995787432972,21.938995787432972,3,A
3722,-61.5957271223901,15.303449923967014,,28.675965548066582,28.675965548066582,3,A
3723,-61.5957271223901,15.303473149937009,,29.401056602454332,29.401056602454332,3,A
3724,-61.5957271223901,15.303496375907002,,19.584290343623422,19.584290343623422,3,A
3725,-61.5957271223901,15.303519601876998,,26.220770905865745,26.220770905865745,3,A
3726,-61.5957271223901,15.303542827846993,,27.14402306345276,27.14402306345276,3,A
3727,-61.5957271223901,15.303566053816988,,24.382157797196154,24.382157797196154,3,A
3728,-61.5957271223901,15.303589279786983,,31.87766055857393,31.87766055857393,3,A
3729,-61.5957271223901,15.303612505756979,,22.38392152067857,22.38392152067857,3,A
3730,-61.5957271223901,15.303635731726974,,33.23165928748485,33.23165928748485,3,A
3731,-61.5957271223901,15.303658957696967,,27.49978658419332,27.49978658419332,3,A
3732,-61.5957271223901,15.303682183666963,,25.071619570055635,25.071619570055635,3,A
3733,-61.5957271223901,15.303705409636958,,23.057376748714205,23.057376748714205,3,A
3734,-61.5957271223901,15.303728635606953,,31.94956675515082,31.94956675515082,3,A
3735,-61.5957271223901,15.303751861576949,,29.174829815279182,29.174829815279182,3,A
3736,-61.59572712239011,15.303775087546942,,23.08607404767471,23.08607404767471,3,A
3737,-61.59572712239011,15.303798313516936,,28.135883277582902,28.135883277582902,3,A
3738,-61.5957271223901,15.30382153948693,,32.19698738179046,32.19698738179046,3,A
3739,-61.5957271223901,15.303844765456926,,26.260147868110742,26.260147868110742,3,A
3740,-61.5957271223901,15.303867991426921,,29.67981015429321,29.67981015429321,3,A
3741,-61.59572712239011,15.303891217396917,,27.3808877911182,27.3808877911182,3,A
3742,-61.5957271223901,15.30391444336691,,28.867908169817387,28.867908169817387,3,A
3743,-61.5957271223901,15.303937669336905,,28.487154093145353,28.487154093145353,3,A
3744,-61.5957271223901,15.3039608953069,,24.923483005026956,24.923483005026956,3,A
3745,-61.5957271223901,15.303984121276896,,30.029085297777783,30.029085297777783,3,A
3746,-61.5957271223901,15.304007347246891,,29.698961349786714,29.698961349786714,3,A
3747,-61.59572712239011,15.304030573216886,,28.558599964069106,28.558599964069106,3,A
3748,-61.5957271223901,15.304053799186882,,27.174611409912,27.174611409912,3,A
3749,-61.5957271223901,15.304077025156875,,30.59237140583479,30.59237140583479,3,A
3750,-61.5957271223901,15.30410025112687,,29.762076223943023,29.762076223943023,3,A
3751,-61.59572712239011,15.304123477096866,,28.558520718847888,28.558520718847888,3,A
3752,-61.5957271223901,15.304146703066863,,25.615426941680994,25.615426941680994,3,A
3753,-61.5957271223901,15.304169929036856,,20.198208797767126,20.198208797767126,3,A
3754,-61.5957271223901,15.304193155006852,,28.778341163312028,28.778341163312028,3,A
3755,-61.59572712239011,15.304216380976847,,23.883566235371575,23.883566235371575,3,A
3756,-61.5957271223901,15.30423960694684,,24.40144752102871,24.40144752102871,3,A
3757,-61.5957271223901,15.304262832916836,,31.280309993573763,31.280309993573763,3,A
3758,-61.5957271223901,15.30428605888683,,29.462928713741842,29.462928713741842,3,A
3759,-61.59572712239011,15.304309284856826,,32.06327899520808,32.06327899520808,3,A
3760,-61.5957271223901,15.304332510826821,,25.034514028114828,25.034514028114828,3,A
3761,-61.5957271223901,15.304355736796818,,26.119064276915335,26.119064276915335,3,A
3762,-61.5957271223901,15.304378962766812,,24.144214214961604,24.144214214961604,3,A
3763,-61.5957271223901,15.304402188736805,,27.95290917980743,27.95290917980743,3,A
3764,-61.5957271223901,15.3044254147068,,27.591624898636507,27.591624898636507,3,A
3765,-61.5957271223901,15.304448640676796,,28.45465923223896,28.45465923223896,3,A
3766,-61.5957271223901,15.304471866646791,,24.65877404382855,24.65877404382855,3,A
3767,-61.5957271223901,15.304495092616786,,27.803022463920883,27.803022463920883,3,A
3768,-61.5957271223901,15.30451831858678,,24.14526072256506,24.14526072256506,3,A
3769,-61.5957271223901,15.304541544556777,,27.754345569261492,27.754345569261492,3,A
3770,-61.5957271223901,15.30456477052677,,27.009864910484318,27.009864910484318,3,A
3771,-61.5957271223901,15.304587996496766,,23.304212592420345,23.304212592420345,3,A
3772,-61.5957271223901,15.304611222466761,,26.978343558669465,26.978343558669465,3,A
3773,-61.5957271223901,15.304634448436756,,24.88022057843544,24.88022057843544,3,A
3774,-61.5957271223901,15.304657674406752,,26.991141862089453,26.991141862089453,3,A
3775,-61.5957271223901,15.304680900376745,,28.508419127321517,28.508419127321517,3,A
3776,-61.5957271223901,15.304704126346742,,25.51783671410946,25.51783671410946,3,A
3777,-61.5957271223901,15.304727352316736,,27.141656351619222,27.141656351619222,3,A
3778,-61.5957271223901,15.30475057828673,,30.645157048585396,30.645157048585396,3,A
3779,-61.5957271223901,15.304773804256726,,30.772250122903017,30.772250122903017,3,A
3780,-61.5957271223901,15.304797030226721,,23.078277574809363,23.078277574809363,3,A
3781,-61.5957271223901,15.304820256196717,,29.073314548970057,29.073314548970057,3,A
3782,-61.5957271223901,15.30484348216671,,27.826003913829275,27.826003913829275,3,A
3783,-61.5957271223901,15.304866708136707,,28.16567853058165,28.16567853058165,3,A
3784,-61.5957271223901,15.3048899341067,,34.24755216490725,34.24755216490725,3,A
3785,-61.5957271223901,15.304913160076694,,27.621280527048178,27.621280527048178,3,A
3786,-61.59572712239011,15.304936386046691,,25.617783995841272,25.617783995841272,3,A
3787,-61.5957271223901,15.304959612016686,,30.946886081588218,30.946886081588218,3,A
3788,-61.5957271223901,15.30498283798668,,28.278491287685103,28.278491287685103,3,A
3789,-61.5957271223901,15.305006063956675,,26.800450666972583,26.800450666972583,3,A
3790,-61.59572712239011,15.305029289926672,,27.222617745541026,27.222617745541026,3,A
3791,-61.5957271223901,15.305052515896666,,29.45929365012824,29.45929365012824,3,A
3792,-61.5957271223901,15.30507574186666,,29.857994630501356,29.857994630501356,3,A
3793,-61.5957271223901,15.305098967836656,,25.746205549490785,25.746205549490785,3,A
3794,-61.59572712239011,15.305122193806652,,28.494157749445765,28.494157749445765,3,A
3795,-61.5957271223901,15.305145419776645,,26.58129120356982,26.58129120356982,3,A
3796,-61.5957271223901,15.30516864574664,,27.081686231719246,27.081686231719246,3,A
3797,-61.5957271223901,15.305191871716637,,31.73122101246443,31.73122101246443,3,A
3798,-61.59572712239011,15.30521509768663,,33.988359837858205,33.988359837858205,3,A
3799,-61.5957271223901,15.305238323656624,,29.179390901334475,29.179390901334475,3,A
3800,-61.5957271223901,15.305261549626621,,31.352752862990776,31.352752862990776,3,A
3801,-61.5957271223901,15.305284775596617,,27.35152415496483,27.35152415496483,3,A
3802,-61.59572712239011,15.305308001566612,,30.381952657488476,30.381952657488476,3,A
3803,-61.5957271223901,15.305331227536605,,28.31994513653188,28.31994513653188,3,A
3804,-61.59572712239011,15.305354453506602,,30.430064376013895,30.430064376013895,3,A
3805,-61.5957271223901,15.305377679476596,,29.77140336167335,29.77140336167335,3,A
3806,-61.5957271223901,15.30540090544659,,28.66969330644711,28.66969330644711,3,A
3807,-61.5957271223901,15.305424131416586,,27.150044205449404,27.150044205449404,3,A
3808,-61.59572712239011,15.30544735738658,,27.872548929128946,27.872548929128946,3,A
3809,-61.5957271223901,15.305470583356577,,31.03693773865379,31.03693773865379,3,A
3810,-61.5957271223901,15.30549380932657,,30.02710904583621,30.02710904583621,3,A
3811,-61.59572712239011,15.305517035296567,,26.41586473134485,26.41586473134485,3,A
3812,-61.5957271223901,15.305540261266561,,27.516989444604675,27.516989444604675,3,A
3813,-61.5957271223901,15.305563487236554,,27.628231534793457,27.628231534793457,3,A
3814,-61.5957271223901,15.305586713206552,,29.827046218382513,29.827046218382513,3,A
3815,-61.5957271223901,15.305609939176545,,23.202948223340876,23.202948223340876,3,A
3816,-61.5957271223901,15.305633165146538,,28.31637662797287,28.31637662797287,3,A
3817,-61.5957271223901,15.305656391116534,,28.460924066089575,28.460924066089575,3,A
3818,-61.5957271223901,15.305679617086529,,27.494084964177297,27.494084964177297,3,A
3819,-61.5957271223901,15.305702843056524,,26.861580037305973,26.861580037305973,3,A
3820,-61.5957271223901,15.30572606902652,,32.570835781937014,32.570835781937014,3,A
3821,-61.5957271223901,15.305749294996513,,29.180300640511064,29.180300640511064,3,A
3822,-61.5957271223901,15.30577252096651,,25.145903788722443,25.145903788722443,3,A
3823,-61.5957271223901,15.305795746936504,,29.335322975721986,29.335322975721986,3,A
3824,-61.5957271223901,15.305818972906497,,25.44147941310772,25.44147941310772,3,A
3825,-61.5957271223901,15.305842198876494,,32.14139596699553,32.14139596699553,3,A
3826,-61.5957271223901,15.30586542484649,,27.453798792331384,27.453798792331384,3,A
3827,-61.5957271223901,15.305888650816485,,27.70976205348696,27.70976205348696,3,A
3828,-61.5957271223901,15.305911876786478,,26.658517752742572,26.658517752742572,3,A
3829,-61.5957271223901,15.305935102756475,,27.099106514391842,27.099106514391842,3,A
3830,-61.5957271223901,15.305958328726469,,27.50357658771338,27.50357658771338,3,A
3831,-61.5957271223901,15.305981554696462,,31.23992302288958,31.23992302288958,3,A
3832,-61.5957271223901,15.30600478066646,,26.23845407358494,26.23845407358494,3,A
3833,-61.5957271223901,15.306028006636454,,31.471403461597152,31.471403461597152,3,A
3834,-61.5957271223901,15.30605123260645,,25.4743735606624,25.4743735606624,3,A
3835,-61.5957271223901,15.306074458576443,,26.284696069580594,26.284696069580594,3,A
3836,-61.5957271223901,15.30609768454644,,29.418001352273023,29.418001352273023,3,A
3837,-61.5957271223901,15.306120910516434,,27.94675110437333,27.94675110437333,3,A
3838,-61.5957271223901,15.306144136486427,,27.29834445723206,27.29834445723206,3,A
3839,-61.5957271223901,15.306167362456424,,28.550826743803732,28.550826743803732,3,A
3840,-61.5957271223901,15.30619058842642,,26.09312874542829,26.09312874542829,3,A
3841,-61.59572712239011,15.306213814396415,,30.74334205228061,30.74334205228061,3,A
3842,-61.5957271223901,15.306237040366408,,28.748305810030356,28.748305810030356,3,A
3843,-61.5957271223901,15.306260266336404,,26.71758491828563,26.71758491828563,3,A
3844,-61.5957271223901,15.306283492306399,,33.207871676335365,33.207871676335365,3,A
3845,-61.5957271223901,15.306306718276392,,26.57272703951572,26.57272703951572,3,A
3846,-61.5957271223901,15.30632994424639,,25.784488333925644,25.784488333925644,3,A
3847,-61.59572712239011,15.306353170216383,,27.119557384891937,27.119557384891937,3,A
3848,-61.5957271223901,15.30637639618638,,25.52532646409142,25.52532646409142,3,A
3849,-61.5957271223901,15.306399622156373,,28.16936939729489,28.16936939729489,3,A
3850,-61.5957271223901,15.306422848126367,,29.452700450908562,29.452700450908562,3,A
3851,-61.59572712239011,15.306446074096364,,25.74177862888939,25.74177862888939,3,A
3852,-61.5957271223901,15.30646930006636,,30.542571222300033,30.542571222300033,3,A
3853,-61.5957271223901,15.306492526036354,,30.74174287915904,30.74174287915904,3,A
3854,-61.5957271223901,15.306515752006348,,28.1836009090616,28.1836009090616,3,A
3855,-61.59572712239011,15.306538977976345,,27.528825210081813,27.528825210081813,3,A
3856,-61.5957271223901,15.306562203946338,,29.521319011919516,29.521319011919516,3,A
3857,-61.5957271223901,15.306585429916332,,29.552601109048638,29.552601109048638,3,A
3858,-61.5957271223901,15.306608655886329,,23.945848974918043,23.945848974918043,3,A
3859,-61.59572712239011,15.306631881856324,,30.780269988586788,30.780269988586788,3,A
3860,-61.5957271223901,15.306655107826318,,32.206007709506814,32.206007709506814,3,A
3861,-61.595727122390116,15.306678333796315,,34.58431324335106,34.58431324335106,3,A
3862,-61.5957271223901,15.30670155976631,,28.54236105351971,28.54236105351971,3,A
3863,-61.5957271223901,15.306724785736304,,32.678821923343065,32.678821923343065,3,A
3864,-61.5957271223901,15.306748011706297,,26.767074310077252,26.767074310077252,3,A
3865,-61.5957271223901,15.306771237676294,,27.9166485122338,27.9166485122338,3,A
3866,-61.5957271223901,15.30679446364629,,31.011228973638385,31.011228973638385,3,A
3867,-61.5957271223901,15.306817689616283,,29.310634664613595,29.310634664613595,3,A
3868,-61.5957271223901,15.306840915586278,,29.095936562724525,29.095936562724525,3,A
3869,-61.5957271223901,15.306864141556275,,29.87272890811279,29.87272890811279,3,A
3870,-61.5957271223901,15.306887367526269,,32.85586300515055,32.85586300515055,3,A
3871,-61.5957271223901,15.306910593496262,,26.628685021079924,26.628685021079924,3,A
3872,-61.5957271223901,15.30693381946626,,26.948108885597172,26.948108885597172,3,A
3873,-61.5957271223901,15.306957045436253,,33.224741789310045,33.224741789310045,3,A
3874,-61.5957271223901,15.306980271406248,,27.153277353847027,27.153277353847027,3,A
3875,-61.5957271223901,15.307003497376243,,25.28588154228782,25.28588154228782,3,A
3876,-61.5957271223901,15.30702672334624,,22.15225535552794,22.15225535552794,3,A
3877,-61.5957271223901,15.307049949316234,,29.44747695738669,29.44747695738669,3,A
3878,-61.5957271223901,15.307073175286227,,29.570315806294495,29.570315806294495,3,A
3879,-61.5957271223901,15.307096401256224,,31.81462375454206,31.81462375454206,3,A
3880,-61.5957271223901,15.307119627226218,,25.370921225068795,25.370921225068795,3,A
3881,-61.5957271223901,15.307142853196213,,31.71661604105596,31.71661604105596,3,A
3882,-61.5957271223901,15.307166079166208,,30.914305785816772,30.914305785816772,3,A
3883,-61.5957271223901,15.307189305136204,,32.760395352276355,32.760395352276355,3,A
3884,-61.5957271223901,15.307212531106199,,33.14358316939324,33.14358316939324,3,A
3885,-61.5957271223901,15.307235757076192,,32.87927838644129,32.87927838644129,3,A
3886,-61.5957271223901,15.30725898304619,,28.508027304867415,28.508027304867415,3,A
3887,-61.5957271223901,15.307282209016183,,25.071317215304454,25.071317215304454,3,A
3888,-61.5957271223901,15.307305434986178,,30.562784969599782,30.562784969599782,3,A
3889,-61.5957271223901,15.307328660956173,,34.04450283610236,34.04450283610236,3,A
3890,-61.5957271223901,15.307351886926169,,33.217566499949015,33.217566499949015,3,A
3891,-61.5957271223901,15.307375112896164,,28.639920657222266,28.639920657222266,3,A
3892,-61.5957271223901,15.307398338866157,,27.01358511065351,27.01358511065351,3,A
3893,-61.5957271223901,15.307421564836153,,25.049723727550983,25.049723727550983,3,A
3894,-61.59572712239011,15.307444790806148,,32.685708828977134,32.685708828977134,3,A
3895,-61.5957271223901,15.307468016776143,,27.243374264594284,27.243374264594284,3,A
3896,-61.5957271223901,15.307491242746138,,31.070246450616988,31.070246450616988,3,A
3897,-61.5957271223901,15.307514468716132,,29.472123833386554,29.472123833386554,3,A
3898,-61.59572712239011,15.307537694686127,,35.82336186349689,35.82336186349689,3,A
3899,-61.5957271223901,15.30756092065612,,23.062580745084503,23.062580745084503,3,A
3900,-61.5957271223901,15.307584146626116,,26.004489594551018,26.004489594551018,3,A
3901,-61.5957271223901,15.307607372596113,,33.7400836458509,33.7400836458509,3,A
3902,-61.59572712239011,15.307630598566107,,31.792220621125285,31.792220621125285,3,A
3903,-61.5957271223901,15.3076538245361,,27.305552056757836,27.305552056757836,3,A
3904,-61.59572712239011,15.307677050506097,,28.70524923491441,28.70524923491441,3,A
3905,-61.5957271223901,15.307700276476092,,27.806676850903713,27.806676850903713,3,A
3906,-61.5957271223901,15.307723502446086,,32.44651553344168,32.44651553344168,3,A
3907,-61.5957271223901,15.307746728416081,,30.106040733345363,30.106040733345363,3,A
3908,-61.59572712239011,15.307769954386078,,35.844163518261134,35.844163518261134,3,A
3909,-61.5957271223901,15.307793180356072,,32.23212940671704,32.23212940671704,3,A
3910,-61.5957271223901,15.307816406326065,,27.72439824185945,27.72439824185945,3,A
3911,-61.5957271223901,15.307839632296062,,31.108341365474132,31.108341365474132,3,A
3912,-61.59572712239011,15.307862858266056,,28.796087292731418,28.796087292731418,3,A
3913,-61.5957271223901,15.307886084236051,,27.52223460458285,27.52223460458285,3,A
3914,-61.5957271223901,15.307909310206046,,27.05881755989126,27.05881755989126,3,A
3915,-61.5957271223901,15.307932536176043,,31.667141840122326,31.667141840122326,3,A
3916,-61.59572712239011,15.307955762146037,,32.63617067627426,32.63617067627426,3,A
3917,-61.5957271223901,15.30797898811603,,29.312237857249094,29.312237857249094,3,A
3918,-61.5957271223901,15.308002214086027,,29.98210537070908,29.98210537070908,3,A
3919,-61.5957271223901,15.30802544005602,,29.817163769647028,29.817163769647028,3,A
3920,-61.5957271223901,15.308048666026016,,28.441874678462323,28.441874678462323,3,A
3921,-61.5957271223901,15.308071891996011,,32.238608695503366,32.238608695503366,3,A
3922,-61.5957271223901,15.308095117966007,,32.022551360773654,32.022551360773654,3,A
3923,-61.5957271223901,15.308118343936002,,27.06136983118182,27.06136983118182,3,A
3924,-61.5957271223901,15.308141569905995,,24.247033616262303,24.247033616262303,3,A
3925,-61.5957271223901,15.30816479587599,,28.633343992810286,28.633343992810286,3,A
3926,-61.5957271223901,15.308188021845986,,26.866545642309077,26.866545642309077,3,A
3927,-61.5957271223901,15.308211247815983,,35.60021816085497,35.60021816085497,3,A
3928,-61.5957271223901,15.308234473785976,,31.29678260104045,31.29678260104045,3,A
3929,-61.5957271223901,15.308257699755972,,27.114052597869247,27.114052597869247,3,A
3930,-61.5957271223901,15.308280925725967,,26.99245273797919,26.99245273797919,3,A
3931,-61.5957271223901,15.30830415169596,,28.072315724433587,28.072315724433587,3,A
3932,-61.5957271223901,15.308327377665956,,28.673964911692803,28.673964911692803,3,A
3933,-61.5957271223901,15.308350603635951,,27.769654266271864,27.769654266271864,3,A
3934,-61.5957271223901,15.308373829605948,,31.24624977819034,31.24624977819034,3,A
3935,-61.5957271223901,15.308397055575941,,30.501571980335626,30.501571980335626,3,A
3936,-61.5957271223901,15.308420281545937,,32.15956331437862,32.15956331437862,3,A
3937,-61.5957271223901,15.308443507515932,,30.08073924952541,30.08073924952541,3,A
3938,-61.5957271223901,15.308466733485925,,31.62919404009551,31.62919404009551,3,A
3939,-61.5957271223901,15.30848995945592,,24.500507358774158,24.500507358774158,3,A
3940,-61.5957271223901,15.308513185425916,,25.13021073235748,25.13021073235748,3,A
3941,-61.5957271223901,15.308536411395913,,25.240878153201784,25.240878153201784,3,A
3942,-61.5957271223901,15.308559637365907,,31.307783317957334,31.307783317957334,3,A
3943,-61.5957271223901,15.3085828633359,,27.871046405105787,27.871046405105787,3,A
3944,-61.5957271223901,15.308606089305897,,31.37076729063207,31.37076729063207,3,A
3945,-61.5957271223901,15.30862931527589,,26.356012818695696,26.356012818695696,3,A
3946,-61.5957271223901,15.308652541245886,,31.44764329535635,31.44764329535635,3,A
3947,-61.59572712239011,15.308675767215881,,28.577597972070393,28.577597972070393,3,A
3948,-61.5957271223901,15.308698993185876,,28.828628218169964,28.828628218169964,3,A
3949,-61.5957271223901,15.308722219155872,,25.86770112115859,25.86770112115859,3,A
3950,-61.5957271223901,15.308745445125865,,27.01536196840978,27.01536196840978,3,A
3951,-61.59572712239011,15.308768671095862,,32.31872673289602,32.31872673289602,3,A
3952,-61.5957271223901,15.308791897065856,,32.16267074480936,32.16267074480936,3,A
3953,-61.5957271223901,15.308815123035851,,32.52638660913332,32.52638660913332,3,A
3954,-61.5957271223901,15.308838349005846,,34.144695458458564,34.144695458458564,3,A
3955,-61.59572712239011,15.308861574975841,,31.422444547835262,31.422444547835262,3,A
3956,-61.5957271223901,15.308884800945837,,28.870997077367797,28.870997077367797,3,A
3957,-61.5957271223901,15.30890802691583,,31.352566649326278,31.352566649326278,3,A
3958,-61.5957271223901,15.308931252885827,,28.052686750167407,28.052686750167407,3,A
3959,-61.59572712239011,15.30895447885582,,26.68553443426832,26.68553443426832,3,A
3960,-61.5957271223901,15.308977704825816,,32.305086606396486,32.305086606396486,3,A
3961,-61.59572712239011,15.309000930795811,,30.04593845580723,30.04593845580723,3,A
3962,-61.5957271223901,15.309024156765807,,25.25184142354204,25.25184142354204,3,A
3963,-61.5957271223901,15.309047382735802,,32.3563299487071,32.3563299487071,3,A
3964,-61.5957271223901,15.309070608705795,,29.193730567188155,29.193730567188155,3,A
3965,-61.59572712239011,15.309093834675792,,25.629175761133443,25.629175761133443,3,A
3966,-61.5957271223901,15.309117060645786,,32.75979751184985,32.75979751184985,3,A
3967,-61.5957271223901,15.309140286615781,,30.32066750659835,30.32066750659835,3,A
3968,-61.5957271223901,15.309163512585776,,28.79841967295675,28.79841967295675,3,A
3969,-61.59572712239011,15.309186738555772,,36.926331636592124,36.926331636592124,3,A
3970,-61.5957271223901,15.309209964525767,,29.799257488535233,29.799257488535233,3,A
3971,-61.5957271223901,15.30923319049576,,31.207795019975652,31.207795019975652,3,A
3972,-61.5957271223901,15.309256416465757,,30.0231969515749,30.0231969515749,3,A
3973,-61.5957271223901,15.309279642435751,,26.719713566250338,26.719713566250338,3,A
3974,-61.5957271223901,15.309302868405744,,34.05071790895481,34.05071790895481,3,A
3975,-61.5957271223901,15.309326094375741,,28.563225225423004,28.563225225423004,3,A
3976,-61.5957271223901,15.309349320345735,,32.63830139134772,32.63830139134772,3,A
3977,-61.5957271223901,15.30937254631573,,31.411331475703523,31.411331475703523,3,A
3978,-61.5957271223901,15.309395772285724,,31.38563498025907,31.38563498025907,3,A
3979,-61.5957271223901,15.309418998255719,,32.228926496198056,32.228926496198056,3,A
3980,-61.5957271223901,15.309442224225716,,31.54553542829166,31.54553542829166,3,A
3981,-61.5957271223901,15.30946545019571,,21.409413029169244,21.409413029169244,3,A
3982,-61.5957271223901,15.309488676165703,,33.28597511150446,33.28597511150446,3,A
3983,-61.5957271223901,15.3095119021357,,32.919012764413054,32.919012764413054,3,A
3984,-61.5957271223901,15.309535128105694,,26.538733101232246,26.538733101232246,3,A
3985,-61.5957271223901,15.309558354075689,,33.12995130236063,33.12995130236063,3,A
3986,-61.5957271223901,15.309581580045684,,26.983353784545077,26.983353784545077,3,A
3987,-61.5957271223901,15.30960480601568,,30.940650982038736,30.940650982038736,3,A
3988,-61.5957271223901,15.309628031985675,,29.340689424960704,29.340689424960704,3,A
3989,-61.5957271223901,15.309651257955668,,28.56281273284772,28.56281273284772,3,A
3990,-61.5957271223901,15.309674483925665,,25.229332384864904,25.229332384864904,3,A
3991,-61.5957271223901,15.309697709895659,,27.858554838366736,27.858554838366736,3,A
3992,-61.5957271223901,15.309720935865654,,29.051158535054682,29.051158535054682,3,A
3993,-61.5957271223901,15.30974416183565,,29.055010632896817,29.055010632896817,3,A
3994,-61.5957271223901,15.309767387805644,,29.751674878746766,29.751674878746766,3,A
3995,-61.5957271223901,15.30979061377564,,30.248363622772818,30.248363622772818,3,A
3996,-61.5957271223901,15.309813839745633,,33.427531225170775,33.427531225170775,3,A
3997,-61.5957271223901,15.30983706571563,,28.562762256315008,28.562762256315008,3,A
3998,-61.5957271223901,15.309860291685624,,33.60631322985616,33.60631322985616,3,A
3999,-61.5957271223901,15.309883517655619,,27.010209341481666,27.010209341481666,3,A
4000,-61.5957271223901,15.309906743625614,,28.48284781488354,28.48284781488354,3,A
4001,-61.5957271223901,15.30992996959561,,31.996434414025956,31.996434414025956,3,A
4002,-61.59572712239011,15.309953195565605,,29.43376101805249,29.43376101805249,3,A
4003,-61.5957271223901,15.309976421535598,,26.81689845945634,26.81689845945634,3,A
4004,-61.59572712239011,15.309999647505595,,31.630410415739757,31.630410415739757,3,A
4005,-61.5957271223901,15.310022873475589,,27.15958917273761,27.15958917273761,3,A
4006,-61.5957271223901,15.310046099445584,,27.934330281500074,27.934330281500074,3,A
4007,-61.5957271223901,15.31006932541558,,29.923514266004116,29.923514266004116,3,A
4008,-61.59572712239011,15.310092551385575,,30.06605658872037,30.06605658872037,3,A
4009,-61.5957271223901,15.31011577735557,,31.127695789213057,31.127695789213057,3,A
4010,-61.5957271223901,15.310139003325563,,32.49222290937609,32.49222290937609,3,A
4011,-61.5957271223901,15.31016222929556,,34.88726647110556,34.88726647110556,3,A
4012,-61.59572712239011,15.310185455265554,,30.204631728232226,30.204631728232226,3,A
4013,-61.5957271223901,15.31020868123555,,31.59503042566562,31.59503042566562,3,A
4014,-61.5957271223901,15.310231907205544,,31.371117992425763,31.371117992425763,3,A
4015,-61.5957271223901,15.31025513317554,,29.811880837723514,29.811880837723514,3,A
4016,-61.59572712239011,15.310278359145535,,31.57940950541969,31.57940950541969,3,A
4017,-61.5957271223901,15.310301585115528,,32.124901961761935,32.124901961761935,3,A
4018,-61.5957271223901,15.310324811085524,,27.654784454091732,27.654784454091732,3,A
4019,-61.5957271223901,15.310348037055519,,28.801310269729072,28.801310269729072,3,A
4020,-61.5957271223901,15.310371263025512,,30.048691352544843,30.048691352544843,3,A
4021,-61.5957271223901,15.31039448899551,,29.83438751641205,29.83438751641205,3,A
4022,-61.59572712239011,15.310417714965505,,31.887702177341126,31.887702177341126,3,A
4023,-61.5957271223901,15.3104409409355,,31.250077588233072,31.250077588233072,3,A
4024,-61.5957271223901,15.310464166905493,,26.099773067793276,26.099773067793276,3,A
4025,-61.5957271223901,15.310487392875489,,30.495285195758946,30.495285195758946,3,A
4026,-61.5957271223901,15.310510618845484,,31.741310747472905,31.741310747472905,3,A
4027,-61.5957271223901,15.31053384481548,,34.150804878502356,34.150804878502356,3,A
4028,-61.5957271223901,15.310557070785475,,31.12481895966962,31.12481895966962,3,A
4029,-61.5957271223901,15.31058029675547,,30.71302712497737,30.71302712497737,3,A
4030,-61.5957271223901,15.310603522725465,,32.99141175345705,32.99141175345705,3,A
4031,-61.5957271223901,15.310626748695459,,30.86630509574636,30.86630509574636,3,A
4032,-61.5957271223901,15.310649974665454,,28.854548302425087,28.854548302425087,3,A
4033,-61.5957271223901,15.31067320063545,,28.305568224250415,28.305568224250415,3,A
4034,-61.5957271223901,15.310696426605444,,29.027550621845652,29.027550621845652,3,A
4035,-61.5957271223901,15.31071965257544,,27.798163874973717,27.798163874973717,3,A
4036,-61.5957271223901,15.310742878545433,,28.339210460762366,28.339210460762366,3,A
4037,-61.5957271223901,15.31076610451543,,30.690125069736467,30.690125069736467,3,A
4038,-61.5957271223901,15.310789330485424,,33.119474633926785,33.119474633926785,3,A
4039,-61.5957271223901,15.310812556455419,,33.97821992313159,33.97821992313159,3,A
4040,-61.5957271223901,15.310835782425414,,34.75432083669551,34.75432083669551,3,A
4041,-61.5957271223901,15.31085900839541,,34.82780843802258,34.82780843802258,3,A
4042,-61.5957271223901,15.310882234365405,,29.999646244572222,29.999646244572222,3,A
4043,-61.5957271223901,15.310905460335398,,36.856574174652835,36.856574174652835,3,A
4044,-61.5957271223901,15.310928686305395,,34.5711258523509,34.5711258523509,3,A
4045,-61.5957271223901,15.310951912275389,,28.02016528701632,28.02016528701632,3,A
4046,-61.5957271223901,15.310975138245382,,30.540816636371833,30.540816636371833,3,A
4047,-61.5957271223901,15.31099836421538,,31.824565203416874,31.824565203416874,3,A
4048,-61.5957271223901,15.311021590185375,,28.966489746658123,28.966489746658123,3,A
4049,-61.5957271223901,15.311044816155368,,30.79740470121855,30.79740470121855,3,A
4050,-61.5957271223901,15.311068042125363,,29.334440151188254,29.334440151188254,3,A
4051,-61.5957271223901,15.31109126809536,,27.379797870446883,27.379797870446883,3,A
4052,-61.5957271223901,15.311114494065354,,29.10113832607493,29.10113832607493,3,A
4053,-61.5957271223901,15.311137720035347,,26.612516135573426,26.612516135573426,3,A
4054,-61.5957271223901,15.311160946005343,,33.64166677343773,33.64166677343773,3,A
4055,-61.59572712239011,15.311184171975338,,30.17685957279473,30.17685957279473,3,A
4056,-61.5957271223901,15.311207397945331,,29.15029123039411,29.15029123039411,3,A
4057,-61.5957271223901,15.311230623915327,,26.619952020465842,26.619952020465842,3,A
4058,-61.5957271223901,15.311253849885322,,34.437785795973646,34.437785795973646,3,A
4059,-61.59572712239011,15.311277075855317,,29.350541437440338,29.350541437440338,3,A
4060,-61.5957271223901,15.311300301825312,,31.159383021046594,31.159383021046594,3,A
4061,-61.59572712239011,15.311323527795308,,32.26762680070594,32.26762680070594,3,A
4062,-61.5957271223901,15.311346753765303,,31.7969677836636,31.7969677836636,3,A
4063,-61.5957271223901,15.311369979735296,,26.565725618322226,26.565725618322226,3,A
4064,-61.5957271223901,15.311393205705292,,29.41287689798382,29.41287689798382,3,A
4065,-61.59572712239011,15.311416431675287,,28.509138462499468,28.509138462499468,3,A
4066,-61.5957271223901,15.311439657645282,,41.45755034827713,41.45755034827713,3,A
4067,-61.5957271223901,15.311462883615278,,33.584032006747904,33.584032006747904,3,A
4068,-61.5957271223901,15.311486109585271,,23.949259998529918,23.949259998529918,3,A
4069,-61.59572712239011,15.311509335555268,,33.62806634604615,33.62806634604615,3,A
4070,-61.5957271223901,15.311532561525262,,28.01868579674508,28.01868579674508,3,A
4071,-61.5957271223901,15.311555787495257,,31.35984057311263,31.35984057311263,3,A
4072,-61.5957271223901,15.311579013465252,,27.378921130231163,27.378921130231163,3,A
4073,-61.59572712239011,15.311602239435247,,32.84632981580381,32.84632981580381,3,A
4074,-61.5957271223901,15.311625465405243,,32.230801461076105,32.230801461076105,3,A
4075,-61.5957271223901,15.311648691375236,,32.74565260714785,32.74565260714785,3,A
4076,-61.5957271223901,15.311671917345233,,30.72938223624592,30.72938223624592,3,A
4077,-61.5957271223901,15.311695143315227,,32.29566879320988,32.29566879320988,3,A
4078,-61.5957271223901,15.311718369285222,,31.67913024893145,31.67913024893145,3,A
4079,-61.5957271223901,15.311741595255217,,31.624132641955953,31.624132641955953,3,A
4080,-61.5957271223901,15.311764821225212,,33.79644292661324,33.79644292661324,3,A
4081,-61.5957271223901,15.311788047195208,,29.11961410329324,29.11961410329324,3,A
4082,-61.5957271223901,15.311811273165201,,28.39136486798162,28.39136486798162,3,A
4083,-61.5957271223901,15.311834499135198,,27.600673430618002,27.600673430618002,3,A
4084,-61.5957271223901,15.311857725105192,,32.822500531202834,32.822500531202834,3,A
4085,-61.5957271223901,15.311880951075185,,32.06138720549453,32.06138720549453,3,A
4086,-61.5957271223901,15.311904177045182,,27.08369576516872,27.08369576516872,3,A
4087,-61.5957271223901,15.311927403015178,,29.86527321538957,29.86527321538957,3,A
4088,-61.5957271223901,15.311950628985173,,29.162780066752486,29.162780066752486,3,A
4089,-61.5957271223901,15.311973854955166,,31.607454145549358,31.607454145549358,3,A
4090,-61.5957271223901,15.311997080925163,,32.292910740699845,32.292910740699845,3,A
4091,-61.5957271223901,15.312020306895157,,30.886527847890573,30.886527847890573,3,A
4092,-61.5957271223901,15.31204353286515,,30.053021001735246,30.053021001735246,3,A
4093,-61.5957271223901,15.312066758835147,,29.674920826420845,29.674920826420845,3,A
4094,-61.5957271223901,15.312089984805143,,28.89797396582701,28.89797396582701,3,A
4095,-61.5957271223901,15.312113210775136,,32.76482944486038,32.76482944486038,3,A
4096,-61.5957271223901,15.312136436745131,,29.721623390300834,29.721623390300834,3,A
4097,-61.5957271223901,15.312159662715128,,33.974255421818995,33.974255421818995,3,A
4098,-61.5957271223901,15.312182888685122,,30.48110622588999,30.48110622588999,3,A
4099,-61.5957271223901,15.312206114655115,,28.215922532829104,28.215922532829104,3,A
4100,-61.5957271223901,15.312229340625112,,30.280771888425754,30.280771888425754,3,A
4101,-61.5957271223901,15.312252566595108,,31.77777759502954,31.77777759502954,3,A
4102,-61.5957271223901,15.312275792565103,,31.377601526950716,31.377601526950716,3,A
4103,-61.5957271223901,15.312299018535096,,33.353983973114836,33.353983973114836,3,A
4104,-61.59572712239011,15.312322244505093,,28.666889313469415,28.666889313469415,3,A
4105,-61.5957271223901,15.312345470475087,,33.691818438987845,33.691818438987845,3,A
4106,-61.5957271223901,15.31236869644508,,29.53190574312986,29.53190574312986,3,A
4107,-61.5957271223901,15.312391922415078,,31.653479745533463,31.653479745533463,3,A
4108,-61.59572712239011,15.312415148385071,,37.08303654583018,37.08303654583018,3,A
4109,-61.5957271223901,15.312438374355068,,31.346423398926714,31.346423398926714,3,A
4110,-61.5957271223901,15.312461600325062,,25.479849243979537,25.479849243979537,3,A
4111,-61.5957271223901,15.312484826295057,,32.78327791922569,32.78327791922569,3,A
4112,-61.59572712239011,15.312508052265052,,28.73565361714614,28.73565361714614,3,A
4113,-61.5957271223901,15.312531278235046,,31.98106277315007,31.98106277315007,3,A
4114,-61.5957271223901,15.312554504205043,,31.417726561285757,31.417726561285757,3,A
4115,-61.5957271223901,15.312577730175036,,26.609064497204933,26.609064497204933,3,A
4116,-61.59572712239011,15.312600956145033,,33.676071027664726,33.676071027664726,3,A
4117,-61.5957271223901,15.312624182115027,,33.01882482406393,33.01882482406393,3,A
4118,-61.5957271223901,15.31264740808502,,32.53895393857365,32.53895393857365,3,A
4119,-61.5957271223901,15.312670634055017,,25.485763018472134,25.485763018472134,3,A
4120,-61.5957271223901,15.31269386002501,,34.395661038918306,34.395661038918306,3,A
4121,-61.5957271223901,15.312717085995006,,30.018706463660024,30.018706463660024,3,A
4122,-61.59572712239011,15.312740311965001,,32.47481917581113,32.47481917581113,3,A
4123,-61.5957271223901,15.312763537934998,,30.790000484089315,30.790000484089315,3,A
4124,-61.5957271223901,15.312786763904992,,33.754205339597206,33.754205339597206,3,A
4125,-61.5957271223901,15.312809989874985,,35.694231116511546,35.694231116511546,3,A
4126,-61.59572712239011,15.312833215844982,,34.969532153718966,34.969532153718966,3,A
4127,-61.5957271223901,15.312856441814978,,38.08487136349888,38.08487136349888,3,A
4128,-61.5957271223901,15.312879667784971,,31.572359359653554,31.572359359653554,3,A
4129,-61.5957271223901,15.312902893754966,,31.737092602755304,31.737092602755304,3,A
4130,-61.5957271223901,15.312926119724963,,32.02181506472996,32.02181506472996,3,A
4131,-61.5957271223901,15.312949345694957,,35.1539667196639,35.1539667196639,3,A
4132,-61.5957271223901,15.31297257166495,,34.17412382943671,34.17412382943671,3,A
4133,-61.5957271223901,15.312995797634946,,39.406613097461715,39.406613097461715,3,A
4134,-61.5957271223901,15.31301902360494,,29.766306944743533,29.766306944743533,3,A
4135,-61.5957271223901,15.313042249574934,,32.51122373382176,32.51122373382176,3,A
4136,-61.5957271223901,15.313065475544931,,27.69786507025541,27.69786507025541,3,A
4137,-61.5957271223901,15.313088701514925,,30.404102362457433,30.404102362457433,3,A
4653,-61.5957271223901,15.32507330203233,,36.30476662833137,36.30476662833137,3,A
4654,-61.59572712239011,15.325096528002327,,31.64388345351485,31.64388345351485,3,A
4655,-61.5957271223901,15.325119753972322,,37.713358304960856,37.713358304960856,3,A
4656,-61.5957271223901,15.325142979942315,,38.111983315653795,38.111983315653795,3,A
4657,-61.5957271223901,15.32516620591231,,43.6804432753192,43.6804432753192,3,A
4658,-61.5957271223901,15.325189431882308,,35.96616043271037,35.96616043271037,3,A
4659,-61.5957271223901,15.325212657852301,,38.26995162366641,38.26995162366641,3,A
4660,-61.5957271223901,15.325235883822295,,33.61498384730196,33.61498384730196,3,A
4661,-61.5957271223901,15.325259109792292,,41.247757870851764,41.247757870851764,3,A
4662,-61.5957271223901,15.325282335762287,,35.70291271286013,35.70291271286013,3,A
4663,-61.5957271223901,15.32530556173228,,38.277012023978656,38.277012023978656,3,A
4664,-61.5957271223901,15.325328787702276,,35.82554229296207,35.82554229296207,3,A
4665,-61.5957271223901,15.325352013672273,,35.59789873207958,35.59789873207958,3,A
4666,-61.5957271223901,15.325375239642266,,39.08678737409711,39.08678737409711,3,A
4667,-61.5957271223901,15.32539846561226,,37.61927747599117,37.61927747599117,3,A
4668,-61.5957271223901,15.325421691582257,,40.575260493798204,40.575260493798204,3,A
4669,-61.5957271223901,15.32544491755225,,38.89885025942797,38.89885025942797,3,A
4670,-61.5957271223901,15.325468143522246,,35.045535380561496,35.045535380561496,3,A
4671,-61.5957271223901,15.32549136949224,,39.56658548301332,39.56658548301332,3,A
4672,-61.5957271223901,15.325514595462236,,39.54290958780235,39.54290958780235,3,A
4673,-61.5957271223901,15.325537821432231,,35.662113308688284,35.662113308688284,3,A
4674,-61.5957271223901,15.325561047402225,,35.814574734024504,35.814574734024504,3,A
4675,-61.5957271223901,15.325584273372222,,41.15746181937048,41.15746181937048,3,A
4676,-61.5957271223901,15.325607499342215,,31.41579388866971,31.41579388866971,3,A
4677,-61.5957271223901,15.32563072531221,,41.113370828428096,41.113370828428096,3,A
4678,-61.5957271223901,15.325653951282206,,40.842081050765955,40.842081050765955,3,A
4679,-61.5957271223901,15.325677177252201,,35.237275099750235,35.237275099750235,3,A
4680,-61.5957271223901,15.325700403222196,,34.295235516224295,34.295235516224295,3,A
4681,-61.5957271223901,15.32572362919219,,39.17845634829501,39.17845634829501,3,A
4682,-61.5957271223901,15.325746855162185,,37.72053199462952,37.72053199462952,3,A
4683,-61.5957271223901,15.32577008113218,,45.280695884435325,45.280695884435325,3,A
4684,-61.5957271223901,15.325793307102177,,36.769643184605656,36.769643184605656,3,A
4685,-61.5957271223901,15.325816533072171,,32.987742996863915,32.987742996863915,3,A
4686,-61.5957271223901,15.325839759042164,,33.433264256003355,33.433264256003355,3,A
4687,-61.59572712239011,15.32586298501216,,40.3561294813533,40.3561294813533,3,A
4688,-61.5957271223901,15.325886210982155,,40.92396781101478,40.92396781101478,3,A
4689,-61.5957271223901,15.325909436952148,,45.31198273996637,45.31198273996637,3,A
4690,-61.5957271223901,15.325932662922146,,38.149366790448006,38.149366790448006,3,A
4691,-61.59572712239011,15.325955888892139,,41.589619112901694,41.589619112901694,3,A
4692,-61.5957271223901,15.325979114862132,,38.70078457459201,38.70078457459201,3,A
4693,-61.5957271223901,15.32600234083213,,42.52186685806799,42.52186685806799,3,A
4694,-61.5957271223901,15.326025566802125,,36.33470321333317,36.33470321333317,3,A
4695,-61.5957271223901,15.326048792772118,,39.74319428506017,39.74319428506017,3,A
4696,-61.5957271223901,15.326072018742114,,41.69808064660691,41.69808064660691,3,A
4697,-61.59572712239011,15.32609524471211,,40.55699152128163,40.55699152128163,3,A
4698,-61.5957271223901,15.326118470682104,,34.640368143104496,34.640368143104496,3,A
4699,-61.5957271223901,15.326141696652098,,35.33662788860865,35.33662788860865,3,A
4700,-61.5957271223901,15.326164922622095,,38.108875165920395,38.108875165920395,3,A
4701,-61.59572712239011,15.32618814859209,,32.97805163099428,32.97805163099428,3,A
4702,-61.5957271223901,15.326211374562083,,43.36743130876902,43.36743130876902,3,A
4703,-61.5957271223901,15.326234600532079,,41.35580211758721,41.35580211758721,3,A
4704,-61.5957271223901,15.326257826502076,,44.34727949607289,44.34727949607289,3,A
4705,-61.59572712239011,15.32628105247207,,37.10810978863134,37.10810978863134,3,A
4706,-61.5957271223901,15.326304278442063,,38.722782776567264,38.722782776567264,3,A
4707,-61.5957271223901,15.32632750441206,,36.283158091539306,36.283158091539306,3,A
4708,-61.5957271223901,15.326350730382053,,35.84053793209914,35.84053793209914,3,A
4709,-61.59572712239011,15.32637395635205,,35.557082798265384,35.557082798265384,3,A
4710,-61.5957271223901,15.326397182322044,,32.7423045752375,32.7423045752375,3,A
4711,-61.5957271223901,15.32642040829204,,41.85371785309278,41.85371785309278,3,A
4712,-61.5957271223901,15.326443634262034,,37.39067583996588,37.39067583996588,3,A
4713,-61.5957271223901,15.326466860232028,,38.45113226137923,38.45113226137923,3,A
4714,-61.5957271223901,15.326490086202025,,34.57186796302654,34.57186796302654,3,A
4715,-61.5957271223901,15.326513312172018,,37.11874513535941,37.11874513535941,3,A
4716,-61.5957271223901,15.326536538142015,,36.82293339888711,36.82293339888711,3,A
4717,-61.5957271223901,15.326559764112009,,40.934212262441385,40.934212262441385,3,A
4718,-61.5957271223901,15.326582990082002,,40.303581252319155,40.303581252319155,3,A
4719,-61.5957271223901,15.326606216052,,33.37461003127015,33.37461003127015,3,A
4720,-61.5957271223901,15.326629442021993,,42.72667181260465,42.72667181260465,3,A
4721,-61.5957271223901,15.326652667991988,,43.292708716161805,43.292708716161805,3,A
4722,-61.5957271223901,15.326675893961983,,39.39917895226,39.39917895226,3,A
4723,-61.5957271223901,15.32669911993198,,38.06752481587657,38.06752481587657,3,A
4724,-61.5957271223901,15.326722345901974,,38.67007722254139,38.67007722254139,3,A
4725,-61.5957271223901,15.326745571871967,,36.86763117554157,36.86763117554157,3,A
4726,-61.5957271223901,15.326768797841964,,39.37780753163076,39.37780753163076,3,A
4727,-61.5957271223901,15.326792023811958,,37.85374165743335,37.85374165743335,3,A
4728,-61.5957271223901,15.326815249781953,,38.206256777721315,38.206256777721315,3,A
4729,-61.5957271223901,15.326838475751948,,37.715510538534595,37.715510538534595,3,A
4730,-61.5957271223901,15.326861701721946,,32.675745693477126,32.675745693477126,3,A
4731,-61.5957271223901,15.326884927691939,,41.92254775319845,41.92254775319845,3,A
4732,-61.5957271223901,15.326908153661932,,43.05635913123367,43.05635913123367,3,A
4733,-61.5957271223901,15.32693137963193,,35.004957999107745,35.004957999107745,3,A
4734,-61.5957271223901,15.326954605601923,,38.082750084956594,38.082750084956594,3,A
4735,-61.5957271223901,15.326977831571918,,38.8191725580798,38.8191725580798,3,A
4736,-61.5957271223901,15.327001057541914,,36.418459173966205,36.418459173966205,3,A
4737,-61.5957271223901,15.32702428351191,,39.51260540011023,39.51260540011023,3,A
4738,-61.5957271223901,15.327047509481904,,35.82850755059919,35.82850755059919,3,A
4739,-61.5957271223901,15.327070735451898,,42.970201738939146,42.970201738939146,3,A
4740,-61.59572712239011,15.327093961421895,,36.95829213827667,36.95829213827667,3,A
4741,-61.5957271223901,15.327117187391888,,40.65598953965987,40.65598953965987,3,A
4742,-61.5957271223901,15.327140413361883,,36.138980728192436,36.138980728192436,3,A
4743,-61.59572712239011,15.32716363933188,,43.0531167821805,43.0531167821805,3,A
4744,-61.59572712239011,15.327186865301874,,33.70186186130596,33.70186186130596,3,A
4745,-61.5957271223901,15.32721009127187,,37.585932002329294,37.585932002329294,3,A
4746,-61.5957271223901,15.327233317241863,,42.90667907870456,42.90667907870456,3,A
4747,-61.5957271223901,15.32725654321186,,38.78275470666642,38.78275470666642,3,A
4748,-61.59572712239011,15.327279769181853,,35.66136064773468,35.66136064773468,3,A
4749,-61.5957271223901,15.327302995151848,,44.35605581288077,44.35605581288077,3,A
4750,-61.5957271223901,15.327326221121844,,39.52128488111774,39.52128488111774,3,A
4751,-61.5957271223901,15.327349447091839,,33.39803185620486,33.39803185620486,3,A
4752,-61.5957271223901,15.327372673061834,,37.3629937225676,37.3629937225676,3,A
4753,-61.5957271223901,15.327395899031828,,41.288972425500155,41.288972425500155,3,A
4754,-61.59572712239011,15.327419125001825,,36.54439924767018,36.54439924767018,3,A
4755,-61.5957271223901,15.327442350971818,,37.722433105171284,37.722433105171284,3,A
4756,-61.5957271223901,15.327465576941814,,39.29284196837032,39.29284196837032,3,A
4757,-61.5957271223901,15.327488802911809,,40.944542035423936,40.944542035423936,3,A
4758,-61.59572712239011,15.327512028881804,,36.711896417356456,36.711896417356456,3,A
4759,-61.5957271223901,15.3275352548518,,41.19897898111123,41.19897898111123,3,A
4760,-61.5957271223901,15.327558480821793,,39.99931956746961,39.99931956746961,3,A
4761,-61.5957271223901,15.32758170679179,,39.92011444772047,39.92011444772047,3,A
4762,-61.59572712239011,15.327604932761783,,39.93866127255803,39.93866127255803,3,A
4763,-61.5957271223901,15.327628158731779,,35.2779313112076,35.2779313112076,3,A
4764,-61.5957271223901,15.327651384701774,,39.37618531100985,39.37618531100985,3,A
4765,-61.5957271223901,15.327674610671767,,40.044573679804735,40.044573679804735,3,A
4766,-61.5957271223901,15.327697836641763,,33.61817046051746,33.61817046051746,3,A
4767,-61.5957271223901,15.327721062611756,,42.90948640109733,42.90948640109733,3,A
4768,-61.5957271223901,15.327744288581753,,33.52816486706205,33.52816486706205,3,A
4769,-61.5957271223901,15.327767514551748,,38.713527344935585,38.713527344935585,3,A
4770,-61.5957271223901,15.327790740521742,,42.48182701809455,42.48182701809455,3,A
4771,-61.5957271223901,15.327813966491735,,41.09230037909589,41.09230037909589,3,A
4772,-61.5957271223901,15.327837192461732,,37.210643825702235,37.210643825702235,3,A
4773,-61.5957271223901,15.327860418431726,,42.18452426127358,42.18452426127358,3,A
4774,-61.5957271223901,15.327883644401721,,40.57809622949254,40.57809622949254,3,A
4775,-61.5957271223901,15.327906870371717,,38.925300239417766,38.925300239417766,3,A
4776,-61.5957271223901,15.327930096341714,,37.6210176732332,37.6210176732332,3,A
4777,-61.5957271223901,15.327953322311707,,43.1456869712381,43.1456869712381,3,A
4778,-61.5957271223901,15.3279765482817,,38.88079181484307,38.88079181484307,3,A
4779,-61.5957271223901,15.327999774251698,,41.13322816550387,41.13322816550387,3,A
4780,-61.5957271223901,15.328023000221691,,38.76419909360354,38.76419909360354,3,A
4781,-61.5957271223901,15.328046226191686,,39.42195689221686,39.42195689221686,3,A
4782,-61.5957271223901,15.328069452161682,,36.79243960914632,36.79243960914632,3,A
4783,-61.5957271223901,15.328092678131677,,41.49316956809557,41.49316956809557,3,A
4784,-61.5957271223901,15.328115904101672,,38.04987653465651,38.04987653465651,3,A
4785,-61.5957271223901,15.328139130071666,,42.01347245350721,42.01347245350721,3,A
4786,-61.5957271223901,15.328162356041663,,38.72251406945472,38.72251406945472,3,A
4787,-61.5957271223901,15.328185582011656,,35.0976645323524,35.0976645323524,3,A
4788,-61.5957271223901,15.328208807981651,,44.88320915413425,44.88320915413425,3,A
4789,-61.5957271223901,15.328232033951647,,39.11076052169493,39.11076052169493,3,A
4790,-61.5957271223901,15.328255259921642,,41.00012918207597,41.00012918207597,3,A
4791,-61.5957271223901,15.328278485891637,,40.087525559973415,40.087525559973415,3,A
4792,-61.5957271223901,15.32830171186163,,38.44636766990682,38.44636766990682,3,A
4793,-61.595727122390116,15.328324937831628,,36.86754214086166,36.86754214086166,3,A
4794,-61.5957271223901,15.328348163801621,,35.80490932956535,35.80490932956535,3,A
4795,-61.5957271223901,15.328371389771617,,38.4597903965258,38.4597903965258,3,A
4796,-61.5957271223901,15.328394615741612,,39.96832838321061,39.96832838321061,3,A
4797,-61.59572712239011,15.328417841711607,,37.155666885595544,37.155666885595544,3,A
4798,-61.5957271223901,15.328441067681602,,41.6522509229191,41.6522509229191,3,A
4799,-61.5957271223901,15.328464293651596,,39.86272141351175,39.86272141351175,3,A
4800,-61.5957271223901,15.328487519621591,,39.874781908468066,39.874781908468066,3,A
4801,-61.59572712239011,15.328510745591586,,38.57430264902461,38.57430264902461,3,A
4802,-61.5957271223901,15.328533971561582,,40.63731379450667,40.63731379450667,3,A
4803,-61.5957271223901,15.328557197531577,,36.26921961883058,36.26921961883058,3,A
4804,-61.5957271223901,15.328580423501572,,39.151732393828496,39.151732393828496,3,A
4805,-61.59572712239011,15.328603649471567,,44.87462299673142,44.87462299673142,3,A
4806,-61.5957271223901,15.32862687544156,,38.942423323337934,38.942423323337934,3,A
4807,-61.5957271223901,15.328650101411556,,36.32040690577476,36.32040690577476,3,A
4808,-61.5957271223901,15.328673327381551,,39.39659672528761,39.39659672528761,3,A
4809,-61.59572712239011,15.328696553351547,,39.75595077571387,39.75595077571387,3,A
4810,-61.5957271223901,15.328719779321542,,39.24523775389165,39.24523775389165,3,A
4811,-61.59572712239011,15.328743005291537,,40.225519775912865,40.225519775912865,3,A
4812,-61.5957271223901,15.328766231261532,,43.41056768419883,43.41056768419883,3,A
4813,-61.5957271223901,15.328789457231526,,40.64172646566075,40.64172646566075,3,A
4814,-61.5957271223901,15.328812683201521,,37.95234023298805,37.95234023298805,3,A
4815,-61.5957271223901,15.328835909171517,,39.3491033277237,39.3491033277237,3,A
4816,-61.5957271223901,15.328859135141512,,44.003216730045295,44.003216730045295,3,A
4817,-61.5957271223901,15.328882361111507,,37.207391014235334,37.207391014235334,3,A
4818,-61.59572712239011,15.328905587081504,,39.072983287370036,39.072983287370036,3,A
4819,-61.5957271223901,15.328928813051498,,48.19172590038305,48.19172590038305,3,A
4820,-61.5957271223901,15.328952039021491,,38.83140735911056,38.83140735911056,3,A
4821,-61.5957271223901,15.328975264991486,,38.01214920897356,38.01214920897356,3,A
4822,-61.5957271223901,15.328998490961482,,38.51716186781027,38.51716186781027,3,A
4823,-61.5957271223901,15.329021716931477,,38.39003668346195,38.39003668346195,3,A
4824,-61.5957271223901,15.329044942901472,,45.32124286316426,45.32124286316426,3,A
4825,-61.5957271223901,15.329068168871466,,35.58231525856052,35.58231525856052,3,A
4826,-61.5957271223901,15.329091394841463,,40.46047795436889,40.46047795436889,3,A
4827,-61.5957271223901,15.329114620811456,,34.28241729106386,34.28241729106386,3,A
4828,-61.5957271223901,15.329137846781451,,38.92252295933045,38.92252295933045,3,A
4829,-61.5957271223901,15.329161072751447,,38.382619105481496,38.382619105481496,3,A
4830,-61.5957271223901,15.329184298721442,,39.59639643056251,39.59639643056251,3,A
4831,-61.5957271223901,15.329207524691437,,38.5185755701376,38.5185755701376,3,A
4832,-61.5957271223901,15.32923075066143,,43.37501132173035,43.37501132173035,3,A
4833,-61.5957271223901,15.329253976631428,,41.1979308269767,41.1979308269767,3,A
4834,-61.5957271223901,15.329277202601421,,35.83586140207771,35.83586140207771,3,A
4835,-61.5957271223901,15.329300428571415,,37.90113597001212,37.90113597001212,3,A
4836,-61.5957271223901,15.329323654541412,,39.92936679899791,39.92936679899791,3,A
4837,-61.5957271223901,15.329346880511407,,40.56751060043651,40.56751060043651,3,A
4838,-61.5957271223901,15.329370106481402,,43.108114910806535,43.108114910806535,3,A
4839,-61.5957271223901,15.329393332451396,,37.25069157988727,37.25069157988727,3,A
4840,-61.5957271223901,15.329416558421393,,47.641038019972314,47.641038019972314,3,A
4841,-61.5957271223901,15.329439784391386,,33.51344215297284,33.51344215297284,3,A
4842,-61.5957271223901,15.32946301036138,,42.39478274023907,42.39478274023907,3,A
4843,-61.5957271223901,15.329486236331377,,38.96964966191126,38.96964966191126,3,A
4844,-61.59572712239011,15.32950946230137,,41.14464293961886,41.14464293961886,3,A
4845,-61.5957271223901,15.329532688271364,,36.76303540299004,36.76303540299004,3,A
4846,-61.5957271223901,15.329555914241359,,46.90583419838227,46.90583419838227,3,A
4847,-61.5957271223901,15.329579140211354,,42.86128121622347,42.86128121622347,3,A
4848,-61.59572712239011,15.32960236618135,,33.076501965111596,33.076501965111596,3,A
4849,-61.5957271223901,15.329625592151345,,38.56502724870711,38.56502724870711,3,A
4850,-61.5957271223901,15.329648818121338,,43.18296083819218,43.18296083819218,3,A
4851,-61.5957271223901,15.329672044091335,,39.3652890952106,39.3652890952106,3,A
4852,-61.5957271223901,15.329695270061329,,38.94120149525164,38.94120149525164,3,A
4853,-61.5957271223901,15.329718496031324,,39.67222135041443,39.67222135041443,3,A
4854,-61.59572712239011,15.32974172200132,,39.73613717327173,39.73613717327173,3,A
4855,-61.5957271223901,15.329764947971315,,37.76659161147782,37.76659161147782,3,A
4856,-61.5957271223901,15.32978817394131,,44.5598677349361,44.5598677349361,3,A
4857,-61.5957271223901,15.329811399911303,,41.27575509544829,41.27575509544829,3,A
4858,-61.59572712239011,15.3298346258813,,36.6334302144203,36.6334302144203,3,A
4859,-61.5957271223901,15.329857851851294,,48.200794143553075,48.200794143553075,3,A
4860,-61.5957271223901,15.329881077821291,,41.94144655185134,41.94144655185134,3,A
4861,-61.5957271223901,15.329904303791285,,38.64962713489534,38.64962713489534,3,A
4862,-61.59572712239011,15.329927529761282,,38.41963925818491,38.41963925818491,3,A
4863,-61.5957271223901,15.329950755731275,,41.687929393596626,41.687929393596626,3,A
4864,-61.5957271223901,15.32997398170127,,41.45540479925725,41.45540479925725,3,A
4865,-61.5957271223901,15.329997207671266,,38.81026727554863,38.81026727554863,3,A
4866,-61.59572712239011,15.330020433641259,,42.24947975878638,42.24947975878638,3,A
4867,-61.5957271223901,15.330043659611254,,39.14295837524052,39.14295837524052,3,A
4868,-61.5957271223901,15.33006688558125,,42.44136710132773,42.44136710132773,3,A
4869,-61.5957271223901,15.330090111551245,,46.23703381279887,46.23703381279887,3,A
4870,-61.5957271223901,15.33011333752124,,38.678608556576584,38.678608556576584,3,A
4871,-61.5957271223901,15.330136563491234,,37.13766297993621,37.13766297993621,3,A
4872,-61.5957271223901,15.33015978946123,,43.0386216079112,43.0386216079112,3,A
4873,-61.5957271223901,15.330183015431224,,38.13987932747688,38.13987932747688,3,A
4874,-61.5957271223901,15.33020624140122,,41.98737735640615,41.98737735640615,3,A
4875,-61.5957271223901,15.330229467371215,,37.86780798326448,37.86780798326448,3,A
4876,-61.5957271223901,15.33025269334121,,46.85533498990627,46.85533498990627,3,A
4877,-61.5957271223901,15.330275919311205,,38.26574772400255,38.26574772400255,3,A
4878,-61.5957271223901,15.330299145281199,,43.70990207487279,43.70990207487279,3,A
4879,-61.5957271223901,15.330322371251196,,40.38412298620273,40.38412298620273,3,A
4880,-61.5957271223901,15.33034559722119,,41.28957075912179,41.28957075912179,3,A
4881,-61.5957271223901,15.330368823191183,,37.92687865251134,37.92687865251134,3,A
4882,-61.5957271223901,15.33039204916118,,41.296775143811445,41.296775143811445,3,A
4883,-61.5957271223901,15.330415275131175,,39.69755780996442,39.69755780996442,3,A
4884,-61.5957271223901,15.33043850110117,,37.83683027490414,37.83683027490414,3,A
4885,-61.5957271223901,15.330461727071164,,44.032206789055415,44.032206789055415,3,A
4886,-61.5957271223901,15.33048495304116,,37.88347267485713,37.88347267485713,3,A
4887,-61.5957271223901,15.330508179011154,,42.447344637838384,42.447344637838384,3,A
4888,-61.5957271223901,15.330531404981148,,41.3136132124227,41.3136132124227,3,A
4889,-61.5957271223901,15.330554630951145,,38.341384714014396,38.341384714014396,3,A
4890,-61.5957271223901,15.33057785692114,,35.717565361054106,35.717565361054106,3,A
4891,-61.5957271223901,15.330601082891135,,38.070599143578946,38.070599143578946,3,A
4892,-61.5957271223901,15.330624308861129,,42.5430988099252,42.5430988099252,3,A
4893,-61.59572712239011,15.330647534831126,,36.15403160555281,36.15403160555281,3,A
4894,-61.5957271223901,15.33067076080112,,43.04454134201431,43.04454134201431,3,A
4895,-61.5957271223901,15.330693986771113,,44.42573447900849,44.42573447900849,3,A
4896,-61.5957271223901,15.33071721274111,,35.52327056766959,35.52327056766959,3,A
4897,-61.59572712239011,15.330740438711103,,36.73525846294209,36.73525846294209,3,A
4898,-61.5957271223901,15.3307636646811,,40.49642701155311,40.49642701155311,3,A
4899,-61.5957271223901,15.330786890651094,,41.619756239097214,41.619756239097214,3,A
4900,-61.5957271223901,15.33081011662109,,38.46252112622648,38.46252112622648,3,A
4901,-61.59572712239011,15.330833342591085,,40.46709828016895,40.46709828016895,3,A
4902,-61.5957271223901,15.330856568561078,,43.35085319790122,43.35085319790122,3,A
4903,-61.5957271223901,15.330879794531075,,43.18079971265439,43.18079971265439,3,A
4904,-61.5957271223901,15.330903020501069,,44.34308898064144,44.34308898064144,3,A
4905,-61.59572712239011,15.330926246471064,,39.6580096593964,39.6580096593964,3,A
4906,-61.5957271223901,15.330949472441059,,44.55346131168206,44.55346131168206,3,A
4907,-61.5957271223901,15.330972698411053,,38.33367648643826,38.33367648643826,3,A
4908,-61.5957271223901,15.33099592438105,,36.67746692405292,36.67746692405292,3,A
4909,-61.59572712239011,15.331019150351043,,35.00928104059392,35.00928104059392,3,A
4910,-61.5957271223901,15.331042376321037,,43.510835630664275,43.510835630664275,3,A
4911,-61.59572712239011,15.331065602291034,,46.65201338270714,46.65201338270714,3,A
4912,-61.5957271223901,15.331088828261029,,43.21223132411271,43.21223132411271,3,A
4913,-61.5957271223901,15.331112054231024,,49.84345492835723,49.84345492835723,3,A
4914,-61.5957271223901,15.331135280201018,,39.57147855083441,39.57147855083441,3,A
4915,-61.59572712239011,15.331158506171015,,35.663576865896104,35.663576865896104,3,A
4916,-61.5957271223901,15.331181732141008,,39.94324870772623,39.94324870772623,3,A
4917,-61.5957271223901,15.331204958111002,,46.814567119619156,46.814567119619156,3,A
4918,-61.59572712239011,15.331228184080999,,40.34526462141746,40.34526462141746,3,A
4919,-61.59572712239011,15.331251410050994,,40.09431515317643,40.09431515317643,3,A
4920,-61.5957271223901,15.331274636020988,,34.17022072972721,34.17022072972721,3,A
4921,-61.5957271223901,15.331297861990983,,37.51228388047065,37.51228388047065,3,A
4922,-61.5957271223901,15.33132108796098,,42.641317740193905,42.641317740193905,3,A
4923,-61.5957271223901,15.331344313930973,,41.984029891358446,41.984029891358446,3,A
4924,-61.5957271223901,15.331367539900967,,43.66130768201817,43.66130768201817,3,A
4925,-61.5957271223901,15.331390765870964,,45.971455392186606,45.971455392186606,3,A
4926,-61.5957271223901,15.331413991840959,,44.36561543245406,44.36561543245406,3,A
4927,-61.5957271223901,15.331437217810953,,43.191853990617034,43.191853990617034,3,A
4928,-61.5957271223901,15.331460443780948,,35.483772764897374,35.483772764897374,3,A
4929,-61.5957271223901,15.331483669750945,,37.59521175988127,37.59521175988127,3,A
4930,-61.5957271223901,15.331506895720938,,39.94740078187343,39.94740078187343,3,A
4931,-61.5957271223901,15.331530121690932,,44.67805833598076,44.67805833598076,3,A
4932,-61.5957271223901,15.331553347660929,,42.26837949181104,42.26837949181104,3,A
4933,-61.5957271223901,15.331576573630922,,43.87727368109532,43.87727368109532,3,A
4934,-61.5957271223901,15.33159979960092,,40.95455256599209,40.95455256599209,3,A
4935,-61.5957271223901,15.331623025570913,,44.86254300899744,44.86254300899744,3,A
4936,-61.5957271223901,15.33164625154091,,42.454092584722304,42.454092584722304,3,A
4937,-61.5957271223901,15.331669477510903,,39.71740974590264,39.71740974590264,3,A
4938,-61.5957271223901,15.331692703480897,,42.410287445499335,42.410287445499335,3,A
4939,-61.5957271223901,15.331715929450894,,45.24128778430181,45.24128778430181,3,A
4940,-61.5957271223901,15.331739155420887,,41.179142653765105,41.179142653765105,3,A
4941,-61.5957271223901,15.331762381390885,,40.2623974040504,40.2623974040504,3,A
4942,-61.5957271223901,15.331785607360878,,44.056992875948616,44.056992875948616,3,A
4943,-61.59572712239011,15.331808833330873,,45.13779570693437,45.13779570693437,3,A
4944,-61.5957271223901,15.331832059300869,,38.76632618665414,38.76632618665414,3,A
4945,-61.5957271223901,15.331855285270862,,40.96507856614018,40.96507856614018,3,A
4946,-61.5957271223901,15.331878511240856,,43.00847892371876,43.00847892371876,3,A
4947,-61.5957271223901,15.331901737210853,,40.73952603758221,40.73952603758221,3,A
4948,-61.5957271223901,15.331924963180848,,44.167518001168986,44.167518001168986,3,A
4949,-61.5957271223901,15.331948189150843,,39.39892322663537,39.39892322663537,3,A
4950,-61.5957271223901,15.331971415120837,,38.032546607196636,38.032546607196636,3,A
4951,-61.5957271223901,15.331994641090834,,43.26979097413091,43.26979097413091,3,A
4952,-61.5957271223901,15.332017867060827,,43.16783591131971,43.16783591131971,3,A
4953,-61.5957271223901,15.33204109303082,,42.71745656057906,42.71745656057906,3,A
4954,-61.5957271223901,15.332064319000818,,47.42192158920854,47.42192158920854,3,A
4955,-61.5957271223901,15.332087544970813,,41.54121930494269,41.54121930494269,3,A
4956,-61.5957271223901,15.332110770940806,,41.574409954200796,41.574409954200796,3,A
4957,-61.5957271223901,15.332133996910802,,36.90940817039176,36.90940817039176,3,A
4958,-61.5957271223901,15.332157222880799,,43.236861272518134,43.236861272518134,3,A
4959,-61.5957271223901,15.332180448850792,,39.13433201558803,39.13433201558803,3,A
4960,-61.5957271223901,15.332203674820786,,40.05416622914172,40.05416622914172,3,A
4961,-61.5957271223901,15.332226900790783,,42.34516765945568,42.34516765945568,3,A
4962,-61.5957271223901,15.332250126760778,,43.122757498325015,43.122757498325015,3,A
4963,-61.5957271223901,15.332273352730772,,40.45913454380749,40.45913454380749,3,A
4964,-61.5957271223901,15.332296578700767,,43.889907872875824,43.889907872875824,3,A
4965,-61.5957271223901,15.332319804670764,,42.300341840393955,42.300341840393955,3,A
4966,-61.5957271223901,15.332343030640757,,38.06312507409139,38.06312507409139,3,A
4967,-61.5957271223901,15.33236625661075,,38.820072048115456,38.820072048115456,3,A
4968,-61.59572712239011,15.332389482580748,,41.06181915853133,41.06181915853133,3,A
4969,-61.5957271223901,15.332412708550741,,39.29706700791447,39.29706700791447,3,A
4970,-61.5957271223901,15.332435934520737,,45.12253137582197,45.12253137582197,3,A
4971,-61.5957271223901,15.332459160490732,,44.185079122748306,44.185079122748306,3,A
4972,-61.5957271223901,15.332482386460727,,45.629309174047116,45.629309174047116,3,A
4973,-61.5957271223901,15.332505612430722,,39.438630780305814,39.438630780305814,3,A
4974,-61.5957271223901,15.332528838400716,,40.703598085765485,40.703598085765485,3,A
4975,-61.5957271223901,15.332552064370713,,38.628085856919675,38.628085856919675,3,A
4976,-61.5957271223901,15.332575290340706,,44.79170031379453,44.79170031379453,3,A
4977,-61.5957271223901,15.332598516310702,,41.66316022102349,41.66316022102349,3,A
4978,-61.5957271223901,15.332621742280697,,37.059679346526686,37.059679346526686,3,A
4979,-61.5957271223901,15.332644968250692,,42.25619575374272,42.25619575374272,3,A
4980,-61.5957271223901,15.332668194220687,,41.31630414350595,41.31630414350595,3,A
4981,-61.5957271223901,15.332691420190681,,36.758812676251665,36.758812676251665,3,A
4982,-61.5957271223901,15.332714646160676,,43.37192016391847,43.37192016391847,3,A
4983,-61.5957271223901,15.332737872130672,,41.762715059101595,41.762715059101595,3,A
4984,-61.5957271223901,15.332761098100667,,44.50409280242247,44.50409280242247,3,A
4985,-61.5957271223901,15.33278432407066,,39.25101457008293,39.25101457008293,3,A
4986,-61.5957271223901,15.332807550040656,,39.86056705404062,39.86056705404062,3,A
4987,-61.5957271223901,15.332830776010653,,37.45580465870673,37.45580465870673,3,A
4988,-61.5957271223901,15.332854001980646,,42.53636466286713,42.53636466286713,3,A
4989,-61.5957271223901,15.33287722795064,,40.23290203087987,40.23290203087987,3,A
4990,-61.5957271223901,15.332900453920637,,47.61829369691691,47.61829369691691,3,A
4991,-61.5957271223901,15.332923679890632,,46.84285114244219,46.84285114244219,3,A
4992,-61.5957271223901,15.332946905860625,,46.074256179768945,46.074256179768945,3,A
4993,-61.59572712239011,15.332970131830622,,42.055179649346535,42.055179649346535,3,A
4994,-61.5957271223901,15.332993357800618,,40.28776245884413,40.28776245884413,3,A
4995,-61.5957271223901,15.333016583770611,,38.51621599161313,38.51621599161313,3,A
4996,-61.5957271223901,15.333039809740605,,41.94346771921014,41.94346771921014,3,A
4997,-61.5957271223901,15.333063035710602,,47.989285600197924,47.989285600197924,3,A
4998,-61.5957271223901,15.333086261680595,,42.16650646194173,42.16650646194173,3,A
4999,-61.5957271223901,15.33310948765059,,49.758495274394,49.758495274394,3,A
5000,-61.5957271223901,15.333132713620586,,44.8352525559492,44.8352525559492,3,A
5001,-61.5957271223901,15.333155939590583,,40.382101160403536,40.382101160403536,3,A
5002,-61.5957271223901,15.333179165560576,,40.45774374717864,40.45774374717864,3,A
5003,-61.5957271223901,15.33320239153057,,45.04073182214797,45.04073182214797,3,A
5004,-61.5957271223901,15.333225617500567,,43.664587267832246,43.664587267832246,3,A
5005,-61.5957271223901,15.33324884347056,,51.307636867091084,51.307636867091084,3,A
5006,-61.5957271223901,15.333272069440556,,41.80697189898528,41.80697189898528,3,A
5007,-61.5957271223901,15.33329529541055,,42.17316370835769,42.17316370835769,3,A
5008,-61.5957271223901,15.333318521380546,,41.02028773092754,41.02028773092754,3,A
5009,-61.5957271223901,15.333341747350541,,45.2893728309819,45.2893728309819,3,A
5010,-61.5957271223901,15.333364973320535,,40.69570887177385,40.69570887177385,3,A
5011,-61.5957271223901,15.333388199290532,,38.65143064734448,38.65143064734448,3,A
5012,-61.5957271223901,15.333411425260525,,40.692783883097,40.692783883097,3,A
5013,-61.5957271223901,15.33343465123052,,38.95585342061774,38.95585342061774,3,A
5014,-61.5957271223901,15.333457877200516,,41.31553455168435,41.31553455168435,3,A
5015,-61.5957271223901,15.333481103170511,,48.472024941097125,48.472024941097125,3,A
5016,-61.5957271223901,15.333504329140506,,37.55465728614499,37.55465728614499,3,A
5017,-61.5957271223901,15.3335275551105,,43.662600931608495,43.662600931608495,3,A
5018,-61.59572712239011,15.333550781080497,,41.53154489191097,41.53154489191097,3,A
5019,-61.5957271223901,15.33357400705049,,44.93127506747572,44.93127506747572,3,A
5020,-61.5957271223901,15.333597233020486,,45.091055209509236,45.091055209509236,3,A
5021,-61.5957271223901,15.333620458990481,,46.141591070102514,46.141591070102514,3,A
5022,-61.5957271223901,15.333643684960474,,35.207554349429536,35.207554349429536,3,A
5023,-61.5957271223901,15.333666910930472,,39.70388675453585,39.70388675453585,3,A
5024,-61.5957271223901,15.333690136900465,,41.597799947028406,41.597799947028406,3,A
5025,-61.5957271223901,15.333713362870458,,44.589367388782826,44.589367388782826,3,A
5026,-61.5957271223901,15.333736588840456,,47.02320397309359,47.02320397309359,3,A
5027,-61.5957271223901,15.333759814810449,,38.66852657900252,38.66852657900252,3,A
5028,-61.5957271223901,15.333783040780444,,42.217672771585484,42.217672771585484,3,A
5029,-61.5957271223901,15.33380626675044,,39.168031737521176,39.168031737521176,3,A
5030,-61.5957271223901,15.333829492720437,,42.117370023386265,42.117370023386265,3,A
5031,-61.5957271223901,15.33385271869043,,42.42408264850947,42.42408264850947,3,A
5032,-61.5957271223901,15.333875944660424,,40.99534970529313,40.99534970529313,3,A
5033,-61.5957271223901,15.33389917063042,,40.849599204170325,40.849599204170325,3,A
5034,-61.5957271223901,15.333922396600414,,45.31498562224541,45.31498562224541,3,A
5035,-61.5957271223901,15.33394562257041,,50.031336737270365,50.031336737270365,3,A
5036,-61.5957271223901,15.333968848540405,,43.69907079416914,43.69907079416914,3,A
5037,-61.5957271223901,15.333992074510402,,42.77006830683556,42.77006830683556,3,A
5038,-61.5957271223901,15.334015300480395,,40.9520177066221,40.9520177066221,3,A
5039,-61.5957271223901,15.334038526450389,,43.672377696331466,43.672377696331466,3,A
5040,-61.5957271223901,15.334061752420386,,47.661476621995035,47.661476621995035,3,A
5041,-61.5957271223901,15.33408497839038,,45.367379731880675,45.367379731880675,3,A
5042,-61.5957271223901,15.334108204360374,,42.695065868446854,42.695065868446854,3,A
5043,-61.59572712239011,15.334131430330372,,40.77506045482629,40.77506045482629,3,A
5044,-61.5957271223901,15.334154656300365,,46.46714442784663,46.46714442784663,3,A
5045,-61.5957271223901,15.33417788227036,,44.21169947956595,44.21169947956595,3,A
5046,-61.5957271223901,15.334201108240354,,40.45626837173129,40.45626837173129,3,A
5047,-61.5957271223901,15.33422433421035,,48.89544284296731,48.89544284296731,3,A
5048,-61.5957271223901,15.334247560180344,,44.72415547356321,44.72415547356321,3,A
5049,-61.5957271223901,15.33427078615034,,38.02318991868077,38.02318991868077,3,A
5050,-61.5957271223901,15.334294012120335,,43.397471278595,43.397471278595,3,A
5051,-61.5957271223901,15.33431723809033,,35.67525812962571,35.67525812962571,3,A
5052,-61.5957271223901,15.334340464060325,,46.82287965471549,46.82287965471549,3,A
5053,-61.5957271223901,15.334363690030319,,43.075769480514765,43.075769480514765,3,A
5054,-61.5957271223901,15.334386916000316,,43.70707792961076,43.70707792961076,3,A
5055,-61.5957271223901,15.33441014197031,,39.372098746007,39.372098746007,3,A
5056,-61.5957271223901,15.334433367940305,,43.82875150535057,43.82875150535057,3,A
5057,-61.5957271223901,15.3344565939103,,41.71221414520756,41.71221414520756,3,A
5058,-61.5957271223901,15.334479819880295,,45.39061679112526,45.39061679112526,3,A
5059,-61.5957271223901,15.33450304585029,,41.50986015689784,41.50986015689784,3,A
5060,-61.5957271223901,15.334526271820284,,43.95218162610501,43.95218162610501,3,A
5061,-61.5957271223901,15.33454949779028,,43.96895510915635,43.96895510915635,3,A
5062,-61.5957271223901,15.334572723760274,,44.27811089716606,44.27811089716606,3,A
5063,-61.5957271223901,15.334595949730268,,44.00317054827484,44.00317054827484,3,A
5064,-61.5957271223901,15.334619175700263,,42.45156928446305,42.45156928446305,3,A
5065,-61.5957271223901,15.334642401670258,,41.547664980728605,41.547664980728605,3,A
5066,-61.5957271223901,15.334665627640256,,43.65622433800373,43.65622433800373,3,A
5067,-61.5957271223901,15.334688853610249,,40.87370326605269,40.87370326605269,3,A
5068,-61.59572712239011,15.334712079580246,,46.109558199380935,46.109558199380935,3,A
5069,-61.5957271223901,15.33473530555024,,41.80396550651088,41.80396550651088,3,A
5070,-61.5957271223901,15.334758531520233,,38.087666235735014,38.087666235735014,3,A
5071,-61.5957271223901,15.334781757490228,,42.65961234099411,42.65961234099411,3,A
5072,-61.5957271223901,15.334804983460224,,44.810833489746294,44.810833489746294,3,A
5073,-61.5957271223901,15.33482820943022,,41.0083111507096,41.0083111507096,3,A
5074,-61.5957271223901,15.334851435400214,,36.97185831274288,36.97185831274288,3,A
5075,-61.5957271223901,15.334874661370208,,45.01551978835846,45.01551978835846,3,A
5076,-61.5957271223901,15.334897887340205,,46.38585328226845,46.38585328226845,3,A
5077,-61.5957271223901,15.334921113310198,,41.906399989706955,41.906399989706955,3,A
5078,-61.5957271223901,15.334944339280193,,42.13509771366002,42.13509771366002,3,A
5079,-61.5957271223901,15.334967565250189,,41.24711728568883,41.24711728568883,3,A
5080,-61.5957271223901,15.334990791220184,,47.973340659284915,47.973340659284915,3,A
5081,-61.5957271223901,15.33501401719018,,40.822425974086165,40.822425974086165,3,A
5082,-61.5957271223901,15.335037243160173,,46.796490425517206,46.796490425517206,3,A
5083,-61.5957271223901,15.33506046913017,,38.57970021492822,38.57970021492822,3,A
5084,-61.5957271223901,15.335083695100163,,42.86592260465698,42.86592260465698,3,A
5085,-61.5957271223901,15.335106921070158,,39.55048059956519,39.55048059956519,3,A
5086,-61.5957271223901,15.335130147040154,,43.44820149110279,43.44820149110279,3,A
5087,-61.5957271223901,15.335153373010149,,41.9996821231695,41.9996821231695,3,A
5088,-61.5957271223901,15.335176598980144,,46.41937422108249,46.41937422108249,3,A
5089,-61.5957271223901,15.335199824950138,,41.77335760711391,41.77335760711391,3,A
5090,-61.5957271223901,15.335223050920135,,40.86183751809618,40.86183751809618,3,A
5091,-61.5957271223901,15.335246276890128,,40.844440810368695,40.844440810368695,3,A
5092,-61.5957271223901,15.335269502860124,,40.081527062632496,40.081527062632496,3,A
5093,-61.59572712239011,15.335292728830119,,41.96646588307928,41.96646588307928,3,A
5094,-61.5957271223901,15.335315954800114,,42.37273229150285,42.37273229150285,3,A
5095,-61.5957271223901,15.33533918077011,,49.65464314333366,49.65464314333366,3,A
5096,-61.5957271223901,15.335362406740103,,43.878401329896725,43.878401329896725,3,A
5097,-61.5957271223901,15.3353856327101,,39.09835213576325,39.09835213576325,3,A
5098,-61.5957271223901,15.335408858680093,,42.81090054764779,42.81090054764779,3,A
5099,-61.5957271223901,15.335432084650089,,44.13116943072267,44.13116943072267,3,A
5100,-61.5957271223901,15.335455310620084,,43.50216468693254,43.50216468693254,3,A
5101,-61.5957271223901,15.335478536590077,,46.59264248240318,46.59264248240318,3,A
5102,-61.5957271223901,15.335501762560073,,43.941581059219715,43.941581059219715,3,A
5103,-61.5957271223901,15.335524988530068,,45.98292083323318,45.98292083323318,3,A
5104,-61.5957271223901,15.335548214500063,,45.376245741954044,45.376245741954044,3,A
5105,-61.5957271223901,15.335571440470058,,38.08879947980477,38.08879947980477,3,A
5106,-61.5957271223901,15.335594666440052,,49.75568584624308,49.75568584624308,3,A
5107,-61.5957271223901,15.335617892410047,,40.63096278953515,40.63096278953515,3,A
5108,-61.5957271223901,15.335641118380043,,40.5279315859517,40.5279315859517,3,A
5109,-61.5957271223901,15.335664344350038,,45.3540807173609,45.3540807173609,3,A
5110,-61.5957271223901,15.335687570320033,,44.58002491929472,44.58002491929472,3,A
5111,-61.5957271223901,15.335710796290028,,41.53210204368017,41.53210204368017,3,A
5112,-61.5957271223901,15.335734022260024,,42.290439797622504,42.290439797622504,3,A
5113,-61.5957271223901,15.335757248230017,,41.75427646270807,41.75427646270807,3,A
5114,-61.5957271223901,15.335780474200012,,47.759914139233565,47.759914139233565,3,A
5115,-61.5957271223901,15.335803700170008,,47.758799544713135,47.758799544713135,3,A
5116,-61.5957271223901,15.335826926140003,,43.94368342766449,43.94368342766449,3,A
5117,-61.5957271223901,15.335850152109998,,40.50672543923908,40.50672543923908,3,A
5118,-61.59572712239011,15.335873378079995,,38.34582498398535,38.34582498398535,3,A
5119,-61.5957271223901,15.335896604049989,,42.69970363547593,42.69970363547593,3,A
5120,-61.5957271223901,15.335919830019982,,41.58250885247199,41.58250885247199,3,A
5121,-61.5957271223901,15.335943055989977,,42.3916703503974,42.3916703503974,3,A
5122,-61.5957271223901,15.335966281959973,,41.326016506360624,41.326016506360624,3,A
5123,-61.5957271223901,15.335989507929968,,48.02172303504292,48.02172303504292,3,A
5124,-61.5957271223901,15.336012733899963,,41.538400734375465,41.538400734375465,3,A
5125,-61.5957271223901,15.336035959869957,,45.30627526863478,45.30627526863478,3,A
5126,-61.5957271223901,15.336059185839954,,46.564021313030764,46.564021313030764,3,A
5127,-61.5957271223901,15.336082411809947,,43.401736018037134,43.401736018037134,3,A
5128,-61.5957271223901,15.336105637779943,,39.973086672697995,39.973086672697995,3,A
5129,-61.5957271223901,15.336128863749938,,42.86234821768638,42.86234821768638,3,A
5130,-61.5957271223901,15.336152089719933,,49.48623707676615,49.48623707676615,3,A
5131,-61.5957271223901,15.336175315689928,,43.78472357700342,43.78472357700342,3,A
5132,-61.5957271223901,15.336198541659922,,42.411769527227605,42.411769527227605,3,A
5133,-61.5957271223901,15.336221767629919,,39.40881569220577,39.40881569220577,3,A
5134,-61.5957271223901,15.336244993599912,,44.866786480802446,44.866786480802446,3,A
5135,-61.5957271223901,15.336268219569908,,41.55780209420633,41.55780209420633,3,A
5136,-61.5957271223901,15.336291445539903,,45.56690832895631,45.56690832895631,3,A
5137,-61.5957271223901,15.336314671509898,,48.749037245938794,48.749037245938794,3,A
5138,-61.5957271223901,15.336337897479893,,44.57496138227638,44.57496138227638,3,A
5139,-61.5957271223901,15.336361123449887,,44.20848149592271,44.20848149592271,3,A
5140,-61.5957271223901,15.336384349419882,,43.88050870885827,43.88050870885827,3,A
5141,-61.5957271223901,15.336407575389877,,45.81993531591021,45.81993531591021,3,A
5142,-61.5957271223901,15.336430801359871,,47.83105610364882,47.83105610364882,3,A
5143,-61.59572712239011,15.336454027329868,,38.87705206509486,38.87705206509486,3,A
5144,-61.5957271223901,15.336477253299861,,43.751856066242446,43.751856066242446,3,A
5145,-61.5957271223901,15.336500479269855,,42.82972905639013,42.82972905639013,3,A
5146,-61.5957271223901,15.336523705239852,,43.01648578093004,43.01648578093004,3,A
5147,-61.5957271223901,15.336546931209847,,42.60424703432555,42.60424703432555,3,A
5148,-61.5957271223901,15.336570157179843,,49.07501025656763,49.07501025656763,3,A
5149,-61.5957271223901,15.336593383149836,,45.182734277290365,45.182734277290365,3,A
5150,-61.5957271223901,15.336616609119831,,46.83491289026824,46.83491289026824,3,A
5151,-61.5957271223901,15.336639835089827,,38.69849385809652,38.69849385809652,3,A
5152,-61.5957271223901,15.33666306105982,,42.516146220011464,42.516146220011464,3,A
5153,-61.5957271223901,15.336686287029817,,43.32784339408831,43.32784339408831,3,A
5154,-61.5957271223901,15.336709512999812,,43.71443047544317,43.71443047544317,3,A
5155,-61.5957271223901,15.336732738969808,,41.77908894697317,41.77908894697317,3,A
5156,-61.5957271223901,15.336755964939801,,44.28793244264004,44.28793244264004,3,A
5157,-61.5957271223901,15.336779190909796,,39.99018732115428,39.99018732115428,3,A
5158,-61.5957271223901,15.336802416879792,,40.76336384861694,40.76336384861694,3,A
5159,-61.5957271223901,15.336825642849787,,43.01741629114791,43.01741629114791,3,A
5160,-61.5957271223901,15.336848868819782,,47.21794698216606,47.21794698216606,3,A
5161,-61.5957271223901,15.336872094789777,,38.76170417661446,38.76170417661446,3,A
5162,-61.5957271223901,15.336895320759771,,44.38071994979845,44.38071994979845,3,A
5163,-61.5957271223901,15.336918546729766,,43.853652087800164,43.853652087800164,3,A
5164,-61.5957271223901,15.336941772699763,,48.23342858231964,48.23342858231964,3,A
5165,-61.5957271223901,15.336964998669757,,49.673559829916826,49.673559829916826,3,A
5166,-61.5957271223901,15.33698822463975,,45.725418027128526,45.725418027128526,3,A
5167,-61.5957271223901,15.337011450609747,,44.512489784911864,44.512489784911864,3,A
5168,-61.5957271223901,15.33703467657974,,43.859087151927454,43.859087151927454,3,A
5169,-61.5957271223901,15.337057902549736,,47.59059087213594,47.59059087213594,3,A
5170,-61.5957271223901,15.337081128519731,,43.10107251327813,43.10107251327813,3,A
5171,-61.5957271223901,15.337104354489727,,44.25122728442653,44.25122728442653,3,A
5172,-61.5957271223901,15.337127580459722,,45.00446305614399,45.00446305614399,3,A
5173,-61.5957271223901,15.337150806429715,,37.50155519672075,37.50155519672075,3,A
5174,-61.5957271223901,15.337174032399712,,41.69926577051496,41.69926577051496,3,A
5175,-61.5957271223901,15.337197258369706,,42.763769086855355,42.763769086855355,3,A
5176,-61.59572712239011,15.337220484339703,,43.646204469631385,43.646204469631385,3,A
5177,-61.5957271223901,15.337243710309696,,38.3124350255075,38.3124350255075,3,A
5178,-61.5957271223901,15.33726693627969,,47.44131011042316,47.44131011042316,3,A
5179,-61.5957271223901,15.337290162249687,,42.17589229842144,42.17589229842144,3,A
5180,-61.5957271223901,15.33731338821968,,46.053630658171464,46.053630658171464,3,A
5181,-61.5957271223901,15.337336614189674,,38.89896346255906,38.89896346255906,3,A
5182,-61.5957271223901,15.337359840159671,,49.54957148695299,49.54957148695299,3,A
5183,-61.5957271223901,15.337383066129666,,46.251329847394054,46.251329847394054,3,A
5184,-61.5957271223901,15.33740629209966,,43.20363458090265,43.20363458090265,3,A
5185,-61.5957271223901,15.337429518069655,,50.112078798766895,50.112078798766895,3,A
5186,-61.5957271223901,15.337452744039652,,46.52976348167606,46.52976348167606,3,A
5187,-61.5957271223901,15.337475970009645,,48.272604814707826,48.272604814707826,3,A
5188,-61.5957271223901,15.337499195979639,,47.92766369988221,47.92766369988221,3,A
5189,-61.5957271223901,15.337522421949636,,46.89044001278848,46.89044001278848,3,A
5190,-61.5957271223901,15.337545647919631,,42.52888226539027,42.52888226539027,3,A
5191,-61.5957271223901,15.337568873889625,,44.48238646260325,44.48238646260325,3,A
5192,-61.5957271223901,15.33759209985962,,40.23079174637228,40.23079174637228,3,A
5193,-61.5957271223901,15.337615325829617,,40.768036585293295,40.768036585293295,3,A
5194,-61.5957271223901,15.33763855179961,,45.561952958508684,45.561952958508684,3,A
5195,-61.5957271223901,15.337661777769604,,46.9555921469572,46.9555921469572,3,A
5196,-61.5957271223901,15.337685003739601,,43.15677776652388,43.15677776652388,3,A
5197,-61.5957271223901,15.337708229709595,,43.84000487265104,43.84000487265104,3,A
5198,-61.5957271223901,15.33773145567959,,46.25829310562,46.25829310562,3,A
5199,-61.5957271223901,15.337754681649585,,47.182870756870116,47.182870756870116,3,A
5200,-61.5957271223901,15.337777907619582,,46.19423840829091,46.19423840829091,3,A
5201,-61.59572712239011,15.337801133589576,,43.63065929334148,43.63065929334148,3,A
5202,-61.5957271223901,15.33782435955957,,49.057969839500814,49.057969839500814,3,A
5203,-61.5957271223901,15.337847585529566,,48.180009977924,48.180009977924,3,A
5204,-61.5957271223901,15.33787081149956,,40.66611362786307,40.66611362786307,3,A
5205,-61.5957271223901,15.337894037469555,,42.22582879609474,42.22582879609474,3,A
5206,-61.5957271223901,15.33791726343955,,48.61388361059974,48.61388361059974,3,A
5207,-61.5957271223901,15.337940489409545,,45.741272490603535,45.741272490603535,3,A
5208,-61.5957271223901,15.33796371537954,,42.4432968040995,42.4432968040995,3,A
5209,-61.5957271223901,15.337986941349534,,46.02134782520253,46.02134782520253,3,A
5210,-61.5957271223901,15.338010167319531,,45.1285799317642,45.1285799317642,3,A
5211,-61.5957271223901,15.338033393289525,,51.18048543035103,51.18048543035103,3,A
5212,-61.5957271223901,15.33805661925952,,44.425376417671934,44.425376417671934,3,A
5213,-61.5957271223901,15.338079845229515,,46.52263664795469,46.52263664795469,3,A
5214,-61.5957271223901,15.33810307119951,,45.31894773578943,45.31894773578943,3,A
5215,-61.5957271223901,15.338126297169506,,44.61833071551668,44.61833071551668,3,A
5216,-61.5957271223901,15.3381495231395,,48.96559427471302,48.96559427471302,3,A
5217,-61.5957271223901,15.338172749109495,,46.70132871248777,46.70132871248777,3,A
5218,-61.5957271223901,15.33819597507949,,52.61226253166498,52.61226253166498,3,A
5219,-61.5957271223901,15.338219201049483,,41.0210452767088,41.0210452767088,3,A
5220,-61.5957271223901,15.338242427019479,,50.75945964064434,50.75945964064434,3,A
5221,-61.5957271223901,15.338265652989474,,48.598654730687215,48.598654730687215,3,A
5222,-61.5957271223901,15.338288878959471,,48.94621259609965,48.94621259609965,3,A
5223,-61.5957271223901,15.338312104929464,,44.8276843952124,44.8276843952124,3,A
5224,-61.5957271223901,15.338335330899458,,40.16833143898097,40.16833143898097,3,A
5225,-61.5957271223901,15.338358556869455,,45.412203320231825,45.412203320231825,3,A
5226,-61.59572712239011,15.338381782839452,,51.598315274649735,51.598315274649735,3,A
5227,-61.5957271223901,15.338405008809444,,48.55530369081634,48.55530369081634,3,A
5228,-61.5957271223901,15.338428234779439,,45.63888752225812,45.63888752225812,3,A
5229,-61.5957271223901,15.338451460749436,,44.44835634280729,44.44835634280729,3,A
5230,-61.5957271223901,15.33847468671943,,47.84278928615355,47.84278928615355,3,A
5231,-61.5957271223901,15.338497912689423,,44.47816505424854,44.47816505424854,3,A
5232,-61.5957271223901,15.33852113865942,,43.67560484758112,43.67560484758112,3,A
5233,-61.5957271223901,15.338544364629414,,47.86838909497774,47.86838909497774,3,A
5234,-61.5957271223901,15.338567590599409,,46.09828545302067,46.09828545302067,3,A
5235,-61.5957271223901,15.338590816569404,,42.13145179520071,42.13145179520071,3,A
5236,-61.5957271223901,15.338614042539401,,45.5748598510401,45.5748598510401,3,A
5237,-61.5957271223901,15.338637268509395,,49.95993708405017,49.95993708405017,3,A
5238,-61.5957271223901,15.338660494479388,,44.254930407347885,44.254930407347885,3,A
5239,-61.5957271223901,15.338683720449385,,43.759353972274965,43.759353972274965,3,A
5240,-61.5957271223901,15.338706946419379,,49.871047011475746,49.871047011475746,3,A
5241,-61.5957271223901,15.338730172389374,,46.985765285733216,46.985765285733216,3,A
5242,-61.5957271223901,15.33875339835937,,45.770967647559615,45.770967647559615,3,A
5243,-61.5957271223901,15.338776624329364,,47.88658864323066,47.88658864323066,3,A
5244,-61.5957271223901,15.33879985029936,,46.15499411934875,46.15499411934875,3,A
5245,-61.5957271223901,15.338823076269353,,48.55528869458498,48.55528869458498,3,A
5246,-61.5957271223901,15.33884630223935,,39.902015543578166,39.902015543578166,3,A
5247,-61.5957271223901,15.338869528209344,,44.9977729042926,44.9977729042926,3,A
5248,-61.5957271223901,15.338892754179339,,45.91110280575068,45.91110280575068,3,A
5249,-61.5957271223901,15.338915980149334,,49.715981931905944,49.715981931905944,3,A
5250,-61.5957271223901,15.33893920611933,,44.816362726811406,44.816362726811406,3,A
5251,-61.59572712239011,15.338962432089325,,45.76541533774817,45.76541533774817,3,A
5252,-61.5957271223901,15.338985658059318,,40.87053612738222,40.87053612738222,3,A
5253,-61.5957271223901,15.339008884029315,,47.450017288270224,47.450017288270224,3,A
5254,-61.5957271223901,15.339032109999309,,45.66150689082629,45.66150689082629,3,A
5255,-61.5957271223901,15.339055335969304,,52.34560670801391,52.34560670801391,3,A
5256,-61.5957271223901,15.3390785619393,,45.557148388547866,45.557148388547866,3,A
5257,-61.5957271223901,15.339101787909295,,48.548383389589006,48.548383389589006,3,A
5258,-61.5957271223901,15.33912501387929,,50.12864759008408,50.12864759008408,3,A
5259,-61.5957271223901,15.339148239849283,,47.806800762246034,47.806800762246034,3,A
5260,-61.5957271223901,15.339171465819279,,48.50324487469537,48.50324487469537,3,A
5261,-61.5957271223901,15.339194691789274,,45.69521964151039,45.69521964151039,3,A
5262,-61.5957271223901,15.339217917759267,,44.99171669444808,44.99171669444808,3,A
5263,-61.5957271223901,15.339241143729263,,48.38513651824234,48.38513651824234,3,A
5264,-61.5957271223901,15.339264369699258,,45.10555565216387,45.10555565216387,3,A
5265,-61.5957271223901,15.339287595669255,,46.40150068701719,46.40150068701719,3,A
5266,-61.5957271223901,15.339310821639248,,47.57207150855239,47.57207150855239,3,A
5267,-61.5957271223901,15.339334047609242,,44.98227386297036,44.98227386297036,3,A
5268,-61.5957271223901,15.339357273579239,,49.11545977756058,49.11545977756058,3,A
5269,-61.5957271223901,15.339380499549232,,47.32153610810683,47.32153610810683,3,A
5270,-61.5957271223901,15.339403725519228,,43.80769106563574,43.80769106563574,3,A
5271,-61.5957271223901,15.339426951489223,,51.410254084752424,51.410254084752424,3,A
5272,-61.5957271223901,15.339450177459218,,45.880578599786865,45.880578599786865,3,A
5273,-61.5957271223901,15.339473403429214,,44.92994495087714,44.92994495087714,3,A
5274,-61.5957271223901,15.339496629399207,,50.1359460083646,50.1359460083646,3,A
5275,-61.5957271223901,15.339519855369204,,45.37539947908982,45.37539947908982,3,A
5276,-61.59572712239011,15.3395430813392,,42.48758931311505,42.48758931311505,3,A
5277,-61.5957271223901,15.339566307309193,,46.79039809040834,46.79039809040834,3,A
5278,-61.5957271223901,15.339589533279188,,44.617470716378996,44.617470716378996,3,A
5279,-61.5957271223901,15.339612759249183,,40.14425199943738,40.14425199943738,3,A
5280,-61.5957271223901,15.339635985219179,,44.54779381495233,44.54779381495233,3,A
5281,-61.5957271223901,15.339659211189172,,47.827677458552344,47.827677458552344,3,A
5282,-61.5957271223901,15.33968243715917,,49.72145269248342,49.72145269248342,3,A
5283,-61.5957271223901,15.339705663129163,,48.65537525808747,48.65537525808747,3,A
5284,-61.5957271223901,15.339728889099158,,46.99317389207358,46.99317389207358,3,A
5285,-61.5957271223901,15.339752115069153,,43.198253090238275,43.198253090238275,3,A
5286,-61.5957271223901,15.339775341039148,,47.659443217789416,47.659443217789416,3,A
5287,-61.5957271223901,15.339798567009144,,42.45101648737715,42.45101648737715,3,A
5288,-61.5957271223901,15.339821792979137,,50.62356549250315,50.62356549250315,3,A
5289,-61.5957271223901,15.339845018949134,,45.358783206792914,45.358783206792914,3,A
5290,-61.5957271223901,15.339868244919128,,47.47824275184395,47.47824275184395,3,A
5291,-61.5957271223901,15.339891470889123,,42.844925565463306,42.844925565463306,3,A
5292,-61.5957271223901,15.339914696859118,,43.32364436360099,43.32364436360099,3,A
5293,-61.5957271223901,15.339937922829114,,44.82741576850905,44.82741576850905,3,A
5294,-61.5957271223901,15.339961148799109,,52.34268457140002,52.34268457140002,3,A
5295,-61.5957271223901,15.339984374769102,,46.98873787770481,46.98873787770481,3,A
5296,-61.5957271223901,15.3400076007391,,47.542360366674586,47.542360366674586,3,A
5297,-61.5957271223901,15.340030826709093,,48.52358870866662,48.52358870866662,3,A
5298,-61.5957271223901,15.340054052679086,,44.15473804479505,44.15473804479505,3,A
5299,-61.5957271223901,15.340077278649082,,51.21418266308322,51.21418266308322,3,A
5300,-61.5957271223901,15.340100504619077,,49.01360236241135,49.01360236241135,3,A
5301,-61.59572712239011,15.340123730589074,,44.26900807841089,44.26900807841089,3,A
5302,-61.5957271223901,15.340146956559067,,48.60985528234393,48.60985528234393,3,A
5303,-61.5957271223901,15.340170182529063,,44.813461208123485,44.813461208123485,3,A
5304,-61.5957271223901,15.340193408499058,,43.77656654606085,43.77656654606085,3,A
5305,-61.5957271223901,15.340216634469051,,43.3414739538388,43.3414739538388,3,A
5306,-61.5957271223901,15.340239860439047,,41.35781193072482,41.35781193072482,3,A
5307,-61.5957271223901,15.340263086409042,,50.66993870912348,50.66993870912348,3,A
5308,-61.5957271223901,15.340286312379037,,42.7571851918614,42.7571851918614,3,A
5309,-61.5957271223901,15.340309538349032,,45.62826026043718,45.62826026043718,3,A
5310,-61.5957271223901,15.340332764319028,,46.01386952871742,46.01386952871742,3,A
5311,-61.5957271223901,15.340355990289023,,45.324867584318966,45.324867584318966,3,A
5312,-61.5957271223901,15.340379216259016,,47.20648610582665,47.20648610582665,3,A
5313,-61.5957271223901,15.340402442229012,,46.09376318678318,46.09376318678318,3,A
5314,-61.5957271223901,15.340425668199007,,46.079667968488195,46.079667968488195,3,A
5315,-61.5957271223901,15.340448894169002,,42.2973989417322,42.2973989417322,3,A
5316,-61.5957271223901,15.340472120138998,,46.79494431114178,46.79494431114178,3,A
5317,-61.5957271223901,15.340495346108991,,49.178375000982335,49.178375000982335,3,A
5318,-61.5957271223901,15.340518572078988,,49.895430549387804,49.895430549387804,3,A
5319,-61.5957271223901,15.340541798048982,,52.63262817661101,52.63262817661101,3,A
5320,-61.5957271223901,15.340565024018977,,42.75625016714959,42.75625016714959,3,A
5321,-61.5957271223901,15.340588249988972,,46.07425310272603,46.07425310272603,3,A
5322,-61.5957271223901,15.340611475958967,,40.07793927891459,40.07793927891459,3,A
5323,-61.5957271223901,15.340634701928963,,43.324168220340354,43.324168220340354,3,A
5324,-61.5957271223901,15.340657927898956,,45.1216489672358,45.1216489672358,3,A
5325,-61.5957271223901,15.340681153868953,,50.474542388281456,50.474542388281456,3,A
5326,-61.59572712239011,15.340704379838948,,47.50925926865561,47.50925926865561,3,A
5327,-61.5957271223901,15.340727605808942,,46.022777372714216,46.022777372714216,3,A
5328,-61.5957271223901,15.340750831778937,,48.38595109181942,48.38595109181942,3,A
5329,-61.5957271223901,15.340774057748932,,48.05816813050687,48.05816813050687,3,A
5330,-61.5957271223901,15.340797283718928,,50.51789176879416,50.51789176879416,3,A
5331,-61.5957271223901,15.340820509688921,,48.039220188546544,48.039220188546544,3,A
5332,-61.5957271223901,15.340843735658918,,47.41639551791615,47.41639551791615,3,A
5333,-61.5957271223901,15.340866961628912,,45.678764164946124,45.678764164946124,3,A
5334,-61.5957271223901,15.340890187598907,,47.426623645008824,47.426623645008824,3,A
5335,-61.5957271223901,15.340913413568902,,46.32333386122503,46.32333386122503,3,A
5336,-61.5957271223901,15.340936639538898,,49.81614515374603,49.81614515374603,3,A
5337,-61.5957271223901,15.340959865508891,,45.93603226717191,45.93603226717191,3,A
5338,-61.5957271223901,15.340983091478886,,41.05078780224874,41.05078780224874,3,A
5339,-61.5957271223901,15.341006317448882,,45.020478177689355,45.020478177689355,3,A
5340,-61.5957271223901,15.341029543418877,,52.2000650376915,52.2000650376915,3,A
5341,-61.5957271223901,15.34105276938887,,45.543307669889614,45.543307669889614,3,A
5342,-61.5957271223901,15.341075995358866,,49.13126335324907,49.13126335324907,3,A
5343,-61.5957271223901,15.34109922132886,,43.60306362127444,43.60306362127444,3,A
5344,-61.5957271223901,15.341122447298854,,45.10030854736635,45.10030854736635,3,A
5345,-61.5957271223901,15.341145673268851,,43.61235182452969,43.61235182452969,3,A
5346,-61.5957271223901,15.341168899238847,,48.66028666301209,48.66028666301209,3,A
5347,-61.5957271223901,15.341192125208842,,48.3582953472697,48.3582953472697,3,A
5348,-61.5957271223901,15.341215351178835,,44.24302117127582,44.24302117127582,3,A
5349,-61.5957271223901,15.34123857714883,,43.98464062423309,43.98464062423309,3,A
5350,-61.5957271223901,15.341261803118826,,50.15551037012083,50.15551037012083,3,A
5351,-61.59572712239011,15.341285029088823,,44.01952319675988,44.01952319675988,3,A
5352,-61.5957271223901,15.341308255058816,,47.16096660755108,47.16096660755108,3,A
5353,-61.5957271223901,15.341331481028812,,49.85412427437169,49.85412427437169,3,A
5354,-61.5957271223901,15.341354706998807,,51.893761995052046,51.893761995052046,3,A
5355,-61.5957271223901,15.3413779329688,,47.86902551835419,47.86902551835419,3,A
5356,-61.5957271223901,15.341401158938796,,50.265162108956766,50.265162108956766,3,A
5357,-61.5957271223901,15.341424384908791,,48.04272564059527,48.04272564059527,3,A
5358,-61.5957271223901,15.341447610878788,,49.97879416127689,49.97879416127689,3,A
5359,-61.5957271223901,15.34147083684878,,47.80860631998063,47.80860631998063,3,A
5360,-61.5957271223901,15.341494062818775,,41.092731422203315,41.092731422203315,3,A
5361,-61.5957271223901,15.341517288788772,,47.19106414897747,47.19106414897747,3,A
5362,-61.5957271223901,15.341540514758766,,52.116600257038485,52.116600257038485,3,A
5363,-61.5957271223901,15.34156374072876,,45.744155723357885,45.744155723357885,3,A
5364,-61.5957271223901,15.341586966698756,,47.55321167819789,47.55321167819789,3,A
5365,-61.5957271223901,15.34161019266875,,42.825907853795925,42.825907853795925,3,A
5366,-61.5957271223901,15.341633418638745,,44.78302429635195,44.78302429635195,3,A
5367,-61.5957271223901,15.34165664460874,,47.34610141412761,47.34610141412761,3,A
5368,-61.5957271223901,15.341679870578737,,43.14953308270569,43.14953308270569,3,A
5369,-61.5957271223901,15.34170309654873,,47.424828601760005,47.424828601760005,3,A
5370,-61.5957271223901,15.341726322518726,,48.920576214603614,48.920576214603614,3,A
5371,-61.5957271223901,15.341749548488721,,46.63530580871108,46.63530580871108,3,A
5372,-61.5957271223901,15.341772774458715,,51.13074500549893,51.13074500549893,3,A
5373,-61.5957271223901,15.34179600042871,,45.181087776845914,45.181087776845914,3,A
5374,-61.5957271223901,15.341819226398705,,48.078333884197974,48.078333884197974,3,A
5375,-61.5957271223901,15.341842452368702,,48.129091492881805,48.129091492881805,3,A
5376,-61.59572712239011,15.341865678338696,,51.416923683255995,51.416923683255995,3,A
5377,-61.5957271223901,15.34188890430869,,42.83093957054733,42.83093957054733,3,A
5378,-61.5957271223901,15.341912130278685,,46.2701184255873,46.2701184255873,3,A
5379,-61.5957271223901,15.34193535624868,,51.55150138109502,51.55150138109502,3,A
5380,-61.5957271223901,15.341958582218673,,44.45430366102255,44.45430366102255,3,A
5381,-61.5957271223901,15.34198180818867,,48.12084297656233,48.12084297656233,3,A
5382,-61.5957271223901,15.342005034158666,,50.46145142187436,50.46145142187436,3,A
5383,-61.5957271223901,15.34202826012866,,49.23628584693604,49.23628584693604,3,A
5384,-61.5957271223901,15.342051486098654,,46.649694884848884,46.649694884848884,3,A
5385,-61.5957271223901,15.34207471206865,,46.40405654361776,46.40405654361776,3,A
5386,-61.5957271223901,15.342097938038645,,48.3643127940669,48.3643127940669,3,A
5387,-61.5957271223901,15.342121164008638,,46.01645070745046,46.01645070745046,3,A
5388,-61.5957271223901,15.342144389978635,,45.32135917074973,45.32135917074973,3,A
5389,-61.5957271223901,15.34216761594863,,46.32453580884197,46.32453580884197,3,A
5390,-61.5957271223901,15.342190841918626,,49.875414187877794,49.875414187877794,3,A
5391,-61.5957271223901,15.34221406788862,,49.63361423572212,49.63361423572212,3,A
5392,-61.5957271223901,15.342237293858613,,51.97607761449483,51.97607761449483,3,A
5393,-61.5957271223901,15.34226051982861,,48.15159325811457,48.15159325811457,3,A
5394,-61.5957271223901,15.342283745798603,,47.41100942211177,47.41100942211177,3,A
5395,-61.5957271223901,15.3423069717686,,49.47892055162458,49.47892055162458,3,A
5396,-61.5957271223901,15.342330197738596,,45.55655603596518,45.55655603596518,3,A
5397,-61.5957271223901,15.342353423708591,,44.7937198041167,44.7937198041167,3,A
5398,-61.5957271223901,15.342376649678584,,51.38183794925255,51.38183794925255,3,A
5399,-61.5957271223901,15.342399875648578,,41.34081332063198,41.34081332063198,3,A
5400,-61.59572712239011,15.342423101618575,,45.4664532312942,45.4664532312942,3,A
5401,-61.59572712239011,15.342446327588572,,48.097623366920985,48.097623366920985,3,A
5402,-61.5957271223901,15.342469553558566,,46.232718620311104,46.232718620311104,3,A
5403,-61.5957271223901,15.34249277952856,,53.10776033718383,53.10776033718383,3,A
5404,-61.59572712239011,15.342516005498556,,47.52408663198267,47.52408663198267,3,A
5405,-61.5957271223901,15.34253923146855,,51.485227707035534,51.485227707035534,3,A
5406,-61.5957271223901,15.342562457438543,,44.37431006218354,44.37431006218354,3,A
5407,-61.5957271223901,15.34258568340854,,49.22018679548268,49.22018679548268,3,A
5408,-61.59572712239011,15.342608909378535,,44.39036490523636,44.39036490523636,3,A
5409,-61.5957271223901,15.34263213534853,,46.54872791240086,46.54872791240086,3,A
5410,-61.59572712239011,15.342655361318526,,46.302038322538074,46.302038322538074,3,A
5411,-61.5957271223901,15.34267858728852,,45.56137477015209,45.56137477015209,3,A
5412,-61.5957271223901,15.342701813258515,,51.524692467167036,51.524692467167036,3,A
5413,-61.5957271223901,15.342725039228508,,50.660024596837154,50.660024596837154,3,A
5414,-61.59572712239011,15.342748265198505,,48.989865804292805,48.989865804292805,3,A
5415,-61.5957271223901,15.3427714911685,,45.2018282831141,45.2018282831141,3,A
5416,-61.5957271223901,15.342794717138494,,48.25566674494781,48.25566674494781,3,A
5417,-61.5957271223901,15.34281794310849,,51.4316875930009,51.4316875930009,3,A
5418,-61.59572712239011,15.342841169078483,,50.10396600446331,50.10396600446331,3,A
5419,-61.5957271223901,15.342864395048478,,49.93783970453693,49.93783970453693,3,A
5420,-61.5957271223901,15.342887621018473,,46.93231254880387,46.93231254880387,3,A
5421,-61.5957271223901,15.34291084698847,,47.61679288391107,47.61679288391107,3,A
5422,-61.59572712239011,15.342934072958464,,49.46846253083293,49.46846253083293,3,A
5423,-61.5957271223901,15.342957298928459,,51.88388862946367,51.88388862946367,3,A
5424,-61.5957271223901,15.342980524898453,,48.24128334453432,48.24128334453432,3,A
5425,-61.5957271223901,15.343003750868448,,53.594001262806394,53.594001262806394,3,A
5426,-61.59572712239011,15.343026976838445,,43.21767754575002,43.21767754575002,3,A
5427,-61.5957271223901,15.343050202808438,,50.41309943065401,50.41309943065401,3,A
5428,-61.5957271223901,15.343073428778435,,51.41988234838762,51.41988234838762,3,A
5429,-61.5957271223901,15.343096654748429,,47.747255610432944,47.747255610432944,3,A
5430,-61.5957271223901,15.343119880718424,,46.80224716893793,46.80224716893793,3,A
5431,-61.5957271223901,15.343143106688418,,51.06461659970715,51.06461659970715,3,A
5432,-61.5957271223901,15.343166332658413,,44.741415238404656,44.741415238404656,3,A
5433,-61.5957271223901,15.34318955862841,,51.728231384554114,51.728231384554114,3,A
5434,-61.5957271223901,15.343212784598403,,55.225882695182776,55.225882695182776,3,A
5435,-61.5957271223901,15.3432360105684,,50.93787858947922,50.93787858947922,3,A
5436,-61.5957271223901,15.343259236538394,,52.16083682348824,52.16083682348824,3,A
5437,-61.5957271223901,15.343282462508387,,48.946354533209934,48.946354533209934,3,A
5438,-61.5957271223901,15.343305688478383,,50.723667157600076,50.723667157600076,3,A
5439,-61.5957271223901,15.343328914448378,,47.71812373987023,47.71812373987023,3,A
5440,-61.5957271223901,15.343352140418375,,51.31720194866617,51.31720194866617,3,A
5441,-61.5957271223901,15.343375366388369,,50.08798948644728,50.08798948644728,3,A
5442,-61.5957271223901,15.343398592358364,,47.12523491888001,47.12523491888001,3,A
5443,-61.5957271223901,15.343421818328359,,48.795267259019376,48.795267259019376,3,A
5444,-61.5957271223901,15.343445044298353,,41.740427408262065,41.740427408262065,3,A
5445,-61.5957271223901,15.343468270268348,,48.51464435230372,48.51464435230372,3,A
5446,-61.5957271223901,15.343491496238343,,48.40966422452025,48.40966422452025,3,A
5447,-61.5957271223901,15.34351472220834,,42.81064724367564,42.81064724367564,3,A
5448,-61.5957271223901,15.343537948178334,,53.76938176314698,53.76938176314698,3,A
5449,-61.5957271223901,15.343561174148329,,45.414005436747146,45.414005436747146,3,A
5450,-61.5957271223901,15.343584400118324,,50.62945156762111,50.62945156762111,3,A
5451,-61.5957271223901,15.34360762608832,,52.160085148527735,52.160085148527735,3,A
5452,-61.5957271223901,15.343630852058313,,46.71723900972903,46.71723900972903,3,A
5453,-61.59572712239011,15.343654078028308,,49.99834289723217,49.99834289723217,3,A
5454,-61.5957271223901,15.343677303998305,,47.5498623037778,47.5498623037778,3,A
5455,-61.5957271223901,15.343700529968299,,50.14269090564642,50.14269090564642,3,A
5456,-61.5957271223901,15.343723755938292,,52.71998209693545,52.71998209693545,3,A
5457,-61.59572712239011,15.343746981908287,,49.7973253090365,49.7973253090365,3,A
5458,-61.5957271223901,15.343770207878283,,48.87873746565941,48.87873746565941,3,A
5459,-61.5957271223901,15.343793433848276,,45.64007092990118,45.64007092990118,3,A
5460,-61.5957271223901,15.343816659818273,,46.15966381242535,46.15966381242535,3,A
5461,-61.59572712239011,15.343839885788269,,48.15209535309842,48.15209535309842,3,A
5462,-61.5957271223901,15.343863111758264,,58.5150112983075,58.5150112983075,3,A
5463,-61.5957271223901,15.343886337728257,,49.62347879326702,49.62347879326702,3,A
5464,-61.5957271223901,15.343909563698253,,48.5210401309349,48.5210401309349,3,A
5465,-61.59572712239011,15.343932789668248,,52.56171192841923,52.56171192841923,3,A
5466,-61.5957271223901,15.343956015638241,,48.50688410108719,48.50688410108719,3,A
5467,-61.5957271223901,15.343979241608238,,51.546222592906496,51.546222592906496,3,A
5468,-61.5957271223901,15.344002467578234,,50.74757164026892,50.74757164026892,3,A
5469,-61.5957271223901,15.344025693548229,,51.51675637512575,51.51675637512575,3,A
5470,-61.5957271223901,15.344048919518222,,56.88582247727458,56.88582247727458,3,A
5471,-61.59572712239011,15.344072145488218,,50.126674886526125,50.126674886526125,3,A
5472,-61.5957271223901,15.344095371458213,,49.631315760451834,49.631315760451834,3,A
5473,-61.5957271223901,15.344118597428206,,50.64077734801465,50.64077734801465,3,A
5474,-61.5957271223901,15.344141823398203,,51.402540665830806,51.402540665830806,3,A
5475,-61.59572712239011,15.344165049368199,,51.24021567107036,51.24021567107036,3,A
5476,-61.5957271223901,15.344188275338194,,47.09724830298789,47.09724830298789,3,A
5477,-61.5957271223901,15.344211501308187,,48.61794947184679,48.61794947184679,3,A
5478,-61.5957271223901,15.344234727278183,,54.5415261271646,54.5415261271646,3,A
5479,-61.5957271223901,15.344257953248178,,46.88198510927295,46.88198510927295,3,A
5480,-61.5957271223901,15.344281179218171,,47.8309224737442,47.8309224737442,3,A
5481,-61.5957271223901,15.344304405188169,,44.04556641263722,44.04556641263722,3,A
5482,-61.5957271223901,15.344327631158164,,45.226178575736,45.226178575736,3,A
5483,-61.5957271223901,15.344350857128157,,52.85524567011539,52.85524567011539,3,A
5484,-61.5957271223901,15.344374083098153,,47.26964947940374,47.26964947940374,3,A
5485,-61.5957271223901,15.344397309068148,,44.65290690113687,44.65290690113687,3,A
5486,-61.5957271223901,15.344420535038143,,45.32325990828218,45.32325990828218,3,A
5487,-61.5957271223901,15.344443761008137,,48.38563381041064,48.38563381041064,3,A
5488,-61.5957271223901,15.344466986978134,,47.25164988823568,47.25164988823568,3,A
5489,-61.5957271223901,15.344490212948127,,51.17165971207537,51.17165971207537,3,A
5490,-61.5957271223901,15.344513438918122,,50.690971675598185,50.690971675598185,3,A
5491,-61.5957271223901,15.344536664888118,,50.27052167441795,50.27052167441795,3,A
5492,-61.5957271223901,15.344559890858111,,48.58550327201972,48.58550327201972,3,A
5493,-61.5957271223901,15.344583116828108,,48.17819222255826,48.17819222255826,3,A
5494,-61.5957271223901,15.344606342798102,,49.39925966273878,49.39925966273878,3,A
5495,-61.5957271223901,15.344629568768099,,47.611180009915955,47.611180009915955,3,A
5496,-61.5957271223901,15.344652794738092,,48.5263196934527,48.5263196934527,3,A
5497,-61.5957271223901,15.344676020708086,,48.95883121343407,48.95883121343407,3,A
5498,-61.5957271223901,15.344699246678081,,43.443710198695655,43.443710198695655,3,A
5499,-61.5957271223901,15.344722472648076,,47.74376006149402,47.74376006149402,3,A
5500,-61.5957271223901,15.344745698618073,,53.27265822919151,53.27265822919151,3,A
5501,-61.59572712239011,15.344768924588069,,47.2139815427269,47.2139815427269,3,A
5502,-61.5957271223901,15.34479215055806,,48.56082529020431,48.56082529020431,3,A
5503,-61.5957271223901,15.344815376528057,,48.96490256517017,48.96490256517017,3,A
5504,-61.5957271223901,15.34483860249805,,46.97973121206735,46.97973121206735,3,A
5505,-61.5957271223901,15.344861828468046,,47.854979104967036,47.854979104967036,3,A
5506,-61.5957271223901,15.344885054438041,,48.39578315772019,48.39578315772019,3,A
5507,-61.5957271223901,15.344908280408038,,49.82564067636124,49.82564067636124,3,A
5508,-61.59572712239011,15.344931506378032,,50.99575885580326,50.99575885580326,3,A
5509,-61.5957271223901,15.344954732348025,,48.95441678589771,48.95441678589771,3,A
5510,-61.59572712239011,15.344977958318022,,50.10359145065268,50.10359145065268,3,A
5511,-61.5957271223901,15.345001184288016,,49.569621129301346,49.569621129301346,3,A
5512,-61.5957271223901,15.345024410258011,,49.671019075081894,49.671019075081894,3,A
5513,-61.5957271223901,15.345047636228006,,54.71430776768294,54.71430776768294,3,A
5514,-61.59572712239011,15.345070862198003,,48.63281418197007,48.63281418197007,3,A
5515,-61.5957271223901,15.345094088167997,,51.08197596787206,51.08197596787206,3,A
5516,-61.5957271223901,15.34511731413799,,51.060521014972984,51.060521014972984,3,A
5517,-61.5957271223901,15.345140540107986,,53.99771850805609,53.99771850805609,3,A
5518,-61.59572712239011,15.345163766077981,,47.120563614522304,47.120563614522304,3,A
5519,-61.5957271223901,15.345186992047976,,51.96743630649934,51.96743630649934,3,A
5520,-61.5957271223901,15.345210218017971,,49.55771832130108,49.55771832130108,3,A
5521,-61.5957271223901,15.345233443987969,,55.99727328267592,55.99727328267592,3,A
5522,-61.59572712239011,15.345256669957962,,52.71691961528349,52.71691961528349,3,A
5523,-61.5957271223901,15.345279895927955,,46.99096589866988,46.99096589866988,3,A
5524,-61.5957271223901,15.34530312189795,,51.107126655700334,51.107126655700334,3,A
5525,-61.5957271223901,15.345326347867946,,51.403367058482814,51.403367058482814,3,A
5526,-61.595727122390116,15.345349573837943,,51.94143263417211,51.94143263417211,3,A
5527,-61.5957271223901,15.345372799807937,,46.11817561869984,46.11817561869984,3,A
5528,-61.5957271223901,15.345396025777934,,44.83295108434167,44.83295108434167,3,A
5529,-61.5957271223901,15.345419251747927,,47.53381417319003,47.53381417319003,3,A
5530,-61.5957271223901,15.34544247771792,,50.501174577575064,50.501174577575064,3,A
5531,-61.5957271223901,15.345465703687916,,50.24741795391142,50.24741795391142,3,A
5532,-61.5957271223901,15.345488929657911,,47.140373549937834,47.140373549937834,3,A
5533,-61.5957271223901,15.345512155627908,,48.88587706623172,48.88587706623172,3,A
5534,-61.5957271223901,15.345535381597902,,47.51777712912364,47.51777712912364,3,A
5535,-61.5957271223901,15.345558607567895,,52.053096761755526,52.053096761755526,3,A
5536,-61.5957271223901,15.34558183353789,,50.07107564179271,50.07107564179271,3,A
5537,-61.5957271223901,15.345605059507886,,52.32545113716755,52.32545113716755,3,A
5538,-61.5957271223901,15.34562828547788,,48.484449429569246,48.484449429569246,3,A
5539,-61.5957271223901,15.345651511447876,,47.80463240881404,47.80463240881404,3,A
5540,-61.5957271223901,15.345674737417871,,50.59668602970313,50.59668602970313,3,A
5541,-61.5957271223901,15.345697963387867,,50.61071561581146,50.61071561581146,3,A
5542,-61.5957271223901,15.34572118935786,,48.226179219192865,48.226179219192865,3,A
5543,-61.5957271223901,15.345744415327855,,51.451541761915955,51.451541761915955,3,A
5544,-61.5957271223901,15.34576764129785,,54.33833475862204,54.33833475862204,3,A
5545,-61.5957271223901,15.345790867267844,,49.19801292939873,49.19801292939873,3,A
5546,-61.5957271223901,15.345814093237841,,52.683261992484944,52.683261992484944,3,A
5547,-61.5957271223901,15.345837319207837,,50.32259539424787,50.32259539424787,3,A
5548,-61.5957271223901,15.345860545177828,,46.61782971470301,46.61782971470301,3,A
5549,-61.5957271223901,15.345883771147825,,54.02374299131751,54.02374299131751,3,A
5550,-61.5957271223901,15.34590699711782,,57.44495466748878,57.44495466748878,3,A
5551,-61.5957271223901,15.345930223087816,,57.507483729000555,57.507483729000555,3,A
5552,-61.5957271223901,15.34595344905781,,48.18293057743084,48.18293057743084,3,A
5553,-61.5957271223901,15.345976675027806,,51.62904501413483,51.62904501413483,3,A
5554,-61.5957271223901,15.345999900997802,,47.969463876568064,47.969463876568064,3,A
5555,-61.5957271223901,15.346023126967793,,43.506005126612656,43.506005126612656,3,A
5556,-61.5957271223901,15.34604635293779,,52.11243248317068,52.11243248317068,3,A
5557,-61.59572712239011,15.346069578907786,,51.01327518950995,51.01327518950995,3,A
5558,-61.5957271223901,15.346092804877781,,47.832810821530025,47.832810821530025,3,A
5559,-61.5957271223901,15.346116030847774,,48.62907518735612,48.62907518735612,3,A
5560,-61.5957271223901,15.346139256817771,,47.950585278769644,47.950585278769644,3,A
5561,-61.59572712239011,15.346162482787765,,48.95060552080589,48.95060552080589,3,A
5562,-61.5957271223901,15.346185708757758,,53.99034180017643,53.99034180017643,3,A
5563,-61.5957271223901,15.346208934727755,,50.11855940533102,50.11855940533102,3,A
5564,-61.5957271223901,15.34623216069775,,50.14172111905381,50.14172111905381,3,A
5565,-61.59572712239011,15.346255386667746,,52.77054236814653,52.77054236814653,3,A
5566,-61.5957271223901,15.34627861263774,,50.486930134814564,50.486930134814564,3,A
5567,-61.5957271223901,15.346301838607737,,51.61602854238083,51.61602854238083,3,A
5568,-61.5957271223901,15.34632506457773,,49.837884335531115,49.837884335531115,3,A
5569,-61.5957271223901,15.346348290547724,,48.96743974619262,48.96743974619262,3,A
5570,-61.5957271223901,15.34637151651772,,52.67830699438066,52.67830699438066,3,A
5571,-61.59572712239011,15.346394742487716,,44.827442179609555,44.827442179609555,3,A
5572,-61.5957271223901,15.346417968457711,,53.07539080171139,53.07539080171139,3,A
5573,-61.5957271223901,15.346441194427705,,51.30552880594939,51.30552880594939,3,A
5574,-61.5957271223901,15.346464420397698,,49.25817398380887,49.25817398380887,3,A
5575,-61.59572712239011,15.346487646367695,,51.84447149450447,51.84447149450447,3,A
5576,-61.59572712239011,15.34651087233769,,52.803660276396734,52.803660276396734,3,A
5577,-61.5957271223901,15.346534098307684,,47.54959050138636,47.54959050138636,3,A
5578,-61.5957271223901,15.34655732427768,,51.307837972911884,51.307837972911884,3,A
5579,-61.59572712239011,15.346580550247676,,48.72938112897281,48.72938112897281,3,A
5580,-61.5957271223901,15.34660377621767,,48.92992741899498,48.92992741899498,3,A
5581,-61.5957271223901,15.346627002187663,,59.07068724996799,59.07068724996799,3,A
5582,-61.5957271223901,15.34665022815766,,52.78588113039625,52.78588113039625,3,A
5583,-61.5957271223901,15.346673454127654,,47.68260491496807,47.68260491496807,3,A
5584,-61.5957271223901,15.346696680097649,,52.38773387392001,52.38773387392001,3,A
5585,-61.5957271223901,15.346719906067644,,44.1079603361315,44.1079603361315,3,A
5586,-61.5957271223901,15.346743132037641,,51.802905226743555,51.802905226743555,3,A
5587,-61.5957271223901,15.346766358007633,,52.63712002450499,52.63712002450499,3,A
5588,-61.5957271223901,15.346789583977628,,55.00224352954759,55.00224352954759,3,A
5589,-61.5957271223901,15.346812809947625,,48.35661421537003,48.35661421537003,3,A
5590,-61.5957271223901,15.346836035917619,,52.9215748873217,52.9215748873217,3,A
5591,-61.5957271223901,15.346859261887614,,52.74662433341338,52.74662433341338,3,A
5592,-61.5957271223901,15.34688248785761,,49.948854600064756,49.948854600064756,3,A
5593,-61.5957271223901,15.346905713827606,,52.504191839302614,52.504191839302614,3,A
5594,-61.5957271223901,15.346928939797598,,53.36498796552321,53.36498796552321,3,A
5595,-61.5957271223901,15.346952165767593,,51.460939343089,51.460939343089,3,A
5596,-61.5957271223901,15.34697539173759,,48.501670422555016,48.501670422555016,3,A
5597,-61.5957271223901,15.346998617707584,,48.76816212468205,48.76816212468205,3,A
5598,-61.5957271223901,15.34702184367758,,49.418980881446124,49.418980881446124,3,A
5599,-61.5957271223901,15.347045069647574,,49.82225344406062,49.82225344406062,3,A
5600,-61.5957271223901,15.347068295617568,,54.64004156919472,54.64004156919472,3,A
5601,-61.5957271223901,15.347091521587563,,48.88891314760357,48.88891314760357,3,A
5602,-61.5957271223901,15.347114747557558,,49.396421788039206,49.396421788039206,3,A
5603,-61.5957271223901,15.347137973527555,,52.74779248615192,52.74779248615192,3,A
5604,-61.5957271223901,15.347161199497549,,47.511574681889265,47.511574681889265,3,A
5605,-61.5957271223901,15.347184425467544,,51.13273678484946,51.13273678484946,3,A
5606,-61.5957271223901,15.34720765143754,,53.965660602072134,53.965660602072134,3,A
5607,-61.5957271223901,15.347230877407533,,50.5628423437201,50.5628423437201,3,A
5608,-61.5957271223901,15.34725410337753,,49.57856645359547,49.57856645359547,3,A
5609,-61.5957271223901,15.347277329347524,,49.0955343932412,49.0955343932412,3,A
5610,-61.59572712239011,15.34730055531752,,48.38720489744117,48.38720489744117,3,A
5611,-61.5957271223901,15.347323781287514,,51.894213701112704,51.894213701112704,3,A
5612,-61.5957271223901,15.34734700725751,,53.54443880254176,53.54443880254176,3,A
5613,-61.5957271223901,15.347370233227503,,56.5751046853694,56.5751046853694,3,A
5614,-61.59572712239011,15.347393459197498,,54.90009404569348,54.90009404569348,3,A
5615,-61.5957271223901,15.347416685167493,,52.41999806989274,52.41999806989274,3,A
5616,-61.5957271223901,15.347439911137489,,49.52297710637023,49.52297710637023,3,A
5617,-61.5957271223901,15.347463137107482,,47.69557337391229,47.69557337391229,3,A
5618,-61.59572712239011,15.34748636307748,,51.449976667219744,51.449976667219744,3,A
5619,-61.5957271223901,15.347509589047473,,53.5648340817005,53.5648340817005,3,A
5620,-61.5957271223901,15.347532815017466,,49.6456275489975,49.6456275489975,3,A
5621,-61.5957271223901,15.347556040987463,,53.02073973154498,53.02073973154498,3,A
5622,-61.59572712239011,15.347579266957458,,52.92278115311441,52.92278115311441,3,A
5623,-61.5957271223901,15.347602492927454,,48.25903585377065,48.25903585377065,3,A
5624,-61.5957271223901,15.347625718897447,,51.5592384684305,51.5592384684305,3,A
5625,-61.5957271223901,15.347648944867444,,48.18799126996852,48.18799126996852,3,A
5626,-61.5957271223901,15.347672170837438,,49.859361912668575,49.859361912668575,3,A
5627,-61.5957271223901,15.347695396807431,,48.73091006489759,48.73091006489759,3,A
5628,-61.59572712239011,15.347718622777428,,50.130613492696654,50.130613492696654,3,A
5629,-61.5957271223901,15.347741848747424,,55.72048464742623,55.72048464742623,3,A
5630,-61.5957271223901,15.347765074717419,,51.184553522385535,51.184553522385535,3,A
5631,-61.5957271223901,15.347788300687412,,48.64102339449927,48.64102339449927,3,A
5632,-61.59572712239011,15.34781152665741,,50.48490342000584,50.48490342000584,3,A
5633,-61.5957271223901,15.347834752627403,,54.38970234819073,54.38970234819073,3,A
5634,-61.5957271223901,15.347857978597396,,51.879012909576886,51.879012909576886,3,A
5635,-61.5957271223901,15.347881204567393,,52.51735137787565,52.51735137787565,3,A
5636,-61.5957271223901,15.347904430537389,,54.655430089731674,54.655430089731674,3,A
5637,-61.5957271223901,15.347927656507384,,47.79484797107883,47.79484797107883,3,A
5638,-61.5957271223901,15.347950882477377,,50.34140222036381,50.34140222036381,3,A
5639,-61.5957271223901,15.347974108447373,,52.03465236046306,52.03465236046306,3,A
5640,-61.5957271223901,15.347997334417368,,48.97638325927226,48.97638325927226,3,A
5641,-61.5957271223901,15.348020560387361,,53.79166962111574,53.79166962111574,3,A
5642,-61.5957271223901,15.348043786357358,,49.72722852438237,49.72722852438237,3,A
5643,-61.5957271223901,15.348067012327354,,48.446692357721645,48.446692357721645,3,A
5644,-61.5957271223901,15.348090238297349,,47.12328976019746,47.12328976019746,3,A
5645,-61.5957271223901,15.348113464267342,,49.19818179517915,49.19818179517915,3,A
5646,-61.5957271223901,15.348136690237338,,49.45514560063374,49.45514560063374,3,A
5647,-61.5957271223901,15.348159916207333,,51.52393917729163,51.52393917729163,3,A
5648,-61.5957271223901,15.348183142177326,,48.302000442826085,48.302000442826085,3,A
5649,-61.5957271223901,15.348206368147324,,55.61345105802077,55.61345105802077,3,A
5650,-61.5957271223901,15.348229594117319,,55.12237884771082,55.12237884771082,3,A
5651,-61.5957271223901,15.348252820087314,,50.23494902226086,50.23494902226086,3,A
5652,-61.5957271223901,15.348276046057308,,55.970269110283766,55.970269110283766,3,A
5653,-61.5957271223901,15.348299272027301,,51.22835412021424,51.22835412021424,3,A
5654,-61.5957271223901,15.348322497997298,,49.85211944654694,49.85211944654694,3,A
5655,-61.5957271223901,15.348345723967292,,50.04391018646512,50.04391018646512,3,A
5656,-61.5957271223901,15.348368949937287,,54.542894999452216,54.542894999452216,3,A
5657,-61.5957271223901,15.348392175907282,,52.758754610134915,52.758754610134915,3,A
5658,-61.5957271223901,15.34841540187728,,50.1185026662482,50.1185026662482,3,A
5659,-61.5957271223901,15.34843862784727,,50.13725984983552,50.13725984983552,3,A
5660,-61.5957271223901,15.348461853817266,,55.86422229080284,55.86422229080284,3,A
5661,-61.5957271223901,15.348485079787263,,53.31370008202542,53.31370008202542,3,A
5662,-61.5957271223901,15.348508305757257,,53.56734198360611,53.56734198360611,3,A
5663,-61.5957271223901,15.348531531727252,,57.287629808919135,57.287629808919135,3,A
5664,-61.5957271223901,15.348554757697247,,51.06657554406116,51.06657554406116,3,A
5665,-61.59572712239011,15.34857798366724,,53.12631419014544,53.12631419014544,3,A
5666,-61.5957271223901,15.348601209637236,,52.27099966769825,52.27099966769825,3,A
5667,-61.5957271223901,15.348624435607231,,53.78906689904076,53.78906689904076,3,A
5668,-61.5957271223901,15.348647661577228,,52.16169418379746,52.16169418379746,3,A
5669,-61.5957271223901,15.348670887547222,,54.00210072929258,54.00210072929258,3,A
5670,-61.5957271223901,15.348694113517217,,56.651405269627645,56.651405269627645,3,A
5671,-61.59572712239011,15.348717339487212,,47.43324047910801,47.43324047910801,3,A
5672,-61.5957271223901,15.348740565457206,,51.40440116376635,51.40440116376635,3,A
5673,-61.5957271223901,15.348763791427201,,49.74889216055116,49.74889216055116,3,A
5674,-61.5957271223901,15.348787017397196,,53.15841287128732,53.15841287128732,3,A
5675,-61.59572712239011,15.348810243367193,,52.23598730417193,52.23598730417193,3,A
5676,-61.5957271223901,15.348833469337187,,54.99737575528378,54.99737575528378,3,A
5677,-61.5957271223901,15.348856695307182,,53.58626080268731,53.58626080268731,3,A
5678,-61.5957271223901,15.348879921277177,,50.19213864059377,50.19213864059377,3,A
5679,-61.59572712239011,15.34890314724717,,52.03849240613898,52.03849240613898,3,A
5680,-61.5957271223901,15.348926373217166,,53.98551135682147,53.98551135682147,3,A
5681,-61.5957271223901,15.348949599187161,,50.679926869070314,50.679926869070314,3,A
5682,-61.5957271223901,15.348972825157158,,52.55025358802311,52.55025358802311,3,A
5683,-61.59572712239011,15.348996051127152,,58.89727033895221,58.89727033895221,3,A
5684,-61.5957271223901,15.349019277097147,,50.38288173056813,50.38288173056813,3,A
5685,-61.59572712239011,15.349042503067142,,53.69770772854986,53.69770772854986,3,A
5686,-61.5957271223901,15.349065729037136,,54.909436492331295,54.909436492331295,3,A
5687,-61.5957271223901,15.349088955007131,,49.33630949054227,49.33630949054227,3,A
5688,-61.5957271223901,15.349112180977126,,55.0861483309004,55.0861483309004,3,A
5689,-61.5957271223901,15.349135406947124,,52.3545274656136,52.3545274656136,3,A
5690,-61.5957271223901,15.349158632917117,,55.28583885118542,55.28583885118542,3,A
5691,-61.5957271223901,15.349181858887112,,53.75872677479499,53.75872677479499,3,A
5692,-61.5957271223901,15.349205084857106,,53.740729079251466,53.740729079251466,3,A
5693,-61.5957271223901,15.349228310827101,,52.10436176817759,52.10436176817759,3,A
5694,-61.5957271223901,15.349251536797095,,50.45071134209774,50.45071134209774,3,A
5695,-61.5957271223901,15.349274762767092,,51.41309486017134,51.41309486017134,3,A
5696,-61.5957271223901,15.349297988737087,,53.51196183251092,53.51196183251092,3,A
5697,-61.5957271223901,15.349321214707082,,52.662103726825535,52.662103726825535,3,A
5698,-61.5957271223901,15.349344440677076,,54.76519277410937,54.76519277410937,3,A
5699,-61.5957271223901,15.349367666647069,,54.673292910986994,54.673292910986994,3,A
5700,-61.5957271223901,15.349390892617066,,56.1002702366862,56.1002702366862,3,A
5701,-61.5957271223901,15.34941411858706,,50.39178264213756,50.39178264213756,3,A
5702,-61.5957271223901,15.349437344557057,,48.97997190031618,48.97997190031618,3,A
5703,-61.5957271223901,15.349460570527052,,49.57975542712573,49.57975542712573,3,A
5704,-61.5957271223901,15.349483796497047,,57.17165126680094,57.17165126680094,3,A
5705,-61.5957271223901,15.34950702246704,,54.90244869188135,54.90244869188135,3,A
5706,-61.5957271223901,15.349530248437034,,52.033076711442476,52.033076711442476,3,A
5707,-61.5957271223901,15.349553474407031,,52.01205327473183,52.01205327473183,3,A
5708,-61.5957271223901,15.349576700377026,,51.16244811150253,51.16244811150253,3,A
5709,-61.5957271223901,15.349599926347022,,52.87562506960755,52.87562506960755,3,A
5710,-61.5957271223901,15.349623152317017,,53.10680118182315,53.10680118182315,3,A
5711,-61.5957271223901,15.34964637828701,,57.760497913438364,57.760497913438364,3,A
5712,-61.5957271223901,15.349669604257006,,54.79750275099609,54.79750275099609,3,A
5713,-61.5957271223901,15.349692830227,,57.39798027460571,57.39798027460571,3,A
5714,-61.5957271223901,15.349716056196996,,49.646988210135696,49.646988210135696,3,A
5715,-61.5957271223901,15.349739282166992,,51.80301181869727,51.80301181869727,3,A
5716,-61.5957271223901,15.349762508136987,,50.150112363896746,50.150112363896746,3,A
5717,-61.5957271223901,15.34978573410698,,54.402866143871215,54.402866143871215,3,A
5718,-61.59572712239011,15.349808960076976,,55.658152450833775,55.658152450833775,3,A
5719,-61.5957271223901,15.34983218604697,,54.82436018452377,54.82436018452377,3,A
5720,-61.5957271223901,15.349855412016964,,57.50241393355816,57.50241393355816,3,A
5721,-61.5957271223901,15.349878637986961,,50.58855400191012,50.58855400191012,3,A
5722,-61.59572712239011,15.349901863956957,,53.184596849176614,53.184596849176614,3,A
5723,-61.5957271223901,15.349925089926952,,51.493703793395824,51.493703793395824,3,A
5724,-61.5957271223901,15.349948315896945,,44.990627872759546,44.990627872759546,3,A
5725,-61.5957271223901,15.34997154186694,,52.28136444629665,52.28136444629665,3,A
5726,-61.5957271223901,15.349994767836936,,47.08063050031702,47.08063050031702,3,A
5727,-61.5957271223901,15.35001799380693,,55.90280438804161,55.90280438804161,3,A
5728,-61.59572712239011,15.350041219776926,,49.20815292317176,49.20815292317176,3,A
5729,-61.5957271223901,15.350064445746922,,55.37712003293118,55.37712003293118,3,A
5730,-61.5957271223901,15.350087671716917,,53.55877838798414,53.55877838798414,3,A
5731,-61.5957271223901,15.35011089768691,,55.206632217307224,55.206632217307224,3,A
5732,-61.59572712239011,15.350134123656904,,47.64783936786773,47.64783936786773,3,A
5733,-61.5957271223901,15.350157349626901,,51.44004367926812,51.44004367926812,3,A
5734,-61.5957271223901,15.350180575596895,,54.38805634942704,54.38805634942704,3,A
5735,-61.5957271223901,15.350203801566892,,59.46338723122487,59.46338723122487,3,A
5736,-61.59572712239011,15.350227027536885,,56.514189565897766,56.514189565897766,3,A
5737,-61.5957271223901,15.350250253506879,,55.70840478365763,55.70840478365763,3,A
5738,-61.5957271223901,15.350273479476874,,50.86578556295198,50.86578556295198,3,A
5739,-61.5957271223901,15.350296705446869,,53.27229521961917,53.27229521961917,3,A
5740,-61.59572712239011,15.350319931416866,,49.56947302255899,49.56947302255899,3,A
5741,-61.5957271223901,15.35034315738686,,52.09396552795181,52.09396552795181,3,A
5742,-61.5957271223901,15.350366383356855,,50.368445370974214,50.368445370974214,3,A
5743,-61.5957271223901,15.35038960932685,,51.91272114618696,51.91272114618696,3,A
5744,-61.5957271223901,15.350412835296844,,51.142285095933374,51.142285095933374,3,A
5745,-61.5957271223901,15.350436061266839,,50.47587819695007,50.47587819695007,3,A
5746,-61.5957271223901,15.350459287236834,,56.88988779244165,56.88988779244165,3,A
5747,-61.5957271223901,15.350482513206831,,50.37191399084123,50.37191399084123,3,A
5748,-61.5957271223901,15.350505739176825,,54.19329356014262,54.19329356014262,3,A
5749,-61.5957271223901,15.35052896514682,,50.34613673281458,50.34613673281458,3,A
5750,-61.5957271223901,15.350552191116815,,56.47319569756991,56.47319569756991,3,A
5751,-61.5957271223901,15.350575417086809,,56.40699690328058,56.40699690328058,3,A
5752,-61.5957271223901,15.350598643056804,,52.07596209313605,52.07596209313605,3,A
5753,-61.5957271223901,15.3506218690268,,54.23195690789634,54.23195690789634,3,A
5754,-61.5957271223901,15.350645094996796,,50.143147873713644,50.143147873713644,3,A
5755,-61.5957271223901,15.35066832096679,,54.23105537253141,54.23105537253141,3,A
5756,-61.5957271223901,15.350691546936785,,49.26967929110288,49.26967929110288,3,A
5757,-61.5957271223901,15.35071477290678,,54.45926432998933,54.45926432998933,3,A
5758,-61.5957271223901,15.350737998876774,,55.4009355479771,55.4009355479771,3,A
5759,-61.5957271223901,15.350761224846769,,56.64561332823564,56.64561332823564,3,A
5760,-61.5957271223901,15.350784450816764,,58.42356258230786,58.42356258230786,3,A
5761,-61.5957271223901,15.350807676786761,,51.5224800069326,51.5224800069326,3,A
5762,-61.5957271223901,15.350830902756755,,54.27809582599156,54.27809582599156,3,A
5763,-61.5957271223901,15.350854128726748,,55.323058600203396,55.323058600203396,3,A
5764,-61.5957271223901,15.350877354696745,,57.78839315728393,57.78839315728393,3,A
5765,-61.5957271223901,15.350900580666739,,50.33493911785138,50.33493911785138,3,A
5766,-61.5957271223901,15.350923806636734,,57.32475271310235,57.32475271310235,3,A
5767,-61.5957271223901,15.35094703260673,,54.233700987059535,54.233700987059535,3,A
5768,-61.5957271223901,15.350970258576726,,52.91450752635675,52.91450752635675,3,A
5769,-61.5957271223901,15.35099348454672,,54.622364409018445,54.622364409018445,3,A
5770,-61.5957271223901,15.351016710516713,,53.90236983482788,53.90236983482788,3,A
5771,-61.59572712239011,15.351039936486709,,58.122145728666226,58.122145728666226,3,A
5772,-61.5957271223901,15.351063162456704,,54.73377586892783,54.73377586892783,3,A
5773,-61.5957271223901,15.351086388426697,,53.66155322856766,53.66155322856766,3,A
5774,-61.5957271223901,15.351109614396695,,55.946360890831805,55.946360890831805,3,A
5775,-61.59572712239011,15.35113284036669,,47.687544183116316,47.687544183116316,3,A
5776,-61.5957271223901,15.351156066336685,,56.137951566150726,56.137951566150726,3,A
5777,-61.5957271223901,15.351179292306679,,56.358619300120175,56.358619300120175,3,A
5778,-61.5957271223901,15.351202518276674,,59.264483549575246,59.264483549575246,3,A
5779,-61.59572712239011,15.351225744246669,,50.770084233972796,50.770084233972796,3,A
5780,-61.5957271223901,15.351248970216663,,48.0374832379258,48.0374832379258,3,A
5781,-61.5957271223901,15.35127219618666,,57.17613974948287,57.17613974948287,3,A
5782,-61.5957271223901,15.351295422156655,,52.314189939910456,52.314189939910456,3,A
5783,-61.59572712239011,15.351318648126648,,58.15602214500943,58.15602214500943,3,A
5784,-61.5957271223901,15.351341874096644,,49.55584978045358,49.55584978045358,3,A
5785,-61.59572712239011,15.351365100066639,,54.571506539901975,54.571506539901975,3,A
5786,-61.5957271223901,15.351388326036634,,60.472719368732385,60.472719368732385,3,A
5787,-61.5957271223901,15.351411552006628,,48.720958570649955,48.720958570649955,3,A
5788,-61.5957271223901,15.351434777976625,,56.419961571106725,56.419961571106725,3,A
5789,-61.59572712239011,15.351458003946618,,58.64778140905409,58.64778140905409,3,A
5790,-61.5957271223901,15.351481229916613,,55.34176514870624,55.34176514870624,3,A
5791,-61.5957271223901,15.351504455886609,,55.140023920932364,55.140023920932364,3,A
5792,-61.5957271223901,15.351527681856604,,54.8045402069797,54.8045402069797,3,A
5793,-61.5957271223901,15.3515509078266,,53.350480764825036,53.350480764825036,3,A
5794,-61.5957271223901,15.351574133796593,,49.47783574526594,49.47783574526594,3,A
5795,-61.5957271223901,15.35159735976659,,56.84625102742889,56.84625102742889,3,A
5796,-61.5957271223901,15.351620585736583,,54.14691945787111,54.14691945787111,3,A
5797,-61.5957271223901,15.351643811706579,,58.41664980153333,58.41664980153333,3,A
5798,-61.5957271223901,15.351667037676574,,52.5098060606625,52.5098060606625,3,A
5799,-61.5957271223901,15.351690263646567,,52.68262538094065,52.68262538094065,3,A
5800,-61.5957271223901,15.351713489616564,,58.76813026840987,58.76813026840987,3,A
5801,-61.5957271223901,15.351736715586558,,52.45824965578323,52.45824965578323,3,A
5802,-61.5957271223901,15.351759941556555,,51.74840859132569,51.74840859132569,3,A
5803,-61.5957271223901,15.351783167526548,,52.431054198234136,52.431054198234136,3,A
5804,-61.5957271223901,15.351806393496544,,55.47838514501852,55.47838514501852,3,A
5805,-61.5957271223901,15.351829619466539,,53.84746682722299,53.84746682722299,3,A
5806,-61.5957271223901,15.351852845436532,,49.202790040324224,49.202790040324224,3,A
5807,-61.5957271223901,15.35187607140653,,53.72499124832089,53.72499124832089,3,A
5808,-61.5957271223901,15.351899297376525,,49.17115548832757,49.17115548832757,3,A
5809,-61.5957271223901,15.351922523346516,,54.44722723178471,54.44722723178471,3,A
5810,-61.5957271223901,15.351945749316513,,57.676185916274584,57.676185916274584,3,A
5811,-61.5957271223901,15.351968975286509,,51.32040296671993,51.32040296671993,3,A
5812,-61.5957271223901,15.351992201256502,,54.24466608287426,54.24466608287426,3,A
5813,-61.5957271223901,15.352015427226497,,55.181211668052086,55.181211668052086,3,A
5814,-61.5957271223901,15.352038653196495,,56.57407889202975,56.57407889202975,3,A
5815,-61.5957271223901,15.352061879166488,,57.95619109544532,57.95619109544532,3,A
5816,-61.5957271223901,15.352085105136482,,51.38898259423034,51.38898259423034,3,A
5817,-61.5957271223901,15.352108331106479,,55.79052524105033,55.79052524105033,3,A
5818,-61.5957271223901,15.352131557076472,,52.06587783331436,52.06587783331436,3,A
5819,-61.5957271223901,15.352154783046467,,48.56817475904731,48.56817475904731,3,A
5820,-61.5957271223901,15.352178009016463,,45.166017196534355,45.166017196534355,3,A
5821,-61.5957271223901,15.35220123498646,,55.11078849403071,55.11078849403071,3,A
5822,-61.59572712239011,15.352224460956453,,55.535341171112144,55.535341171112144,3,A
5823,-61.5957271223901,15.352247686926447,,52.17842863066133,52.17842863066133,3,A
5824,-61.5957271223901,15.352270912896442,,55.61411157219818,55.61411157219818,3,A
5825,-61.5957271223901,15.352294138866437,,53.36890536816566,53.36890536816566,3,A
5826,-61.5957271223901,15.352317364836432,,58.88011043153794,58.88011043153794,3,A
5827,-61.5957271223901,15.352340590806428,,52.964194171996766,52.964194171996766,3,A
5828,-61.59572712239011,15.352363816776425,,54.62976788629652,54.62976788629652,3,A
5829,-61.5957271223901,15.352387042746418,,52.25003992881615,52.25003992881615,3,A
5830,-61.5957271223901,15.352410268716412,,49.25072563803379,49.25072563803379,3,A
5831,-61.5957271223901,15.352433494686407,,59.33268695971591,59.33268695971591,3,A
5832,-61.59572712239011,15.352456720656402,,53.42104590992005,53.42104590992005,3,A
5833,-61.5957271223901,15.3524799466264,,55.338703502723405,55.338703502723405,3,A
5834,-61.5957271223901,15.352503172596393,,56.76185329223926,56.76185329223926,3,A
5835,-61.5957271223901,15.352526398566386,,57.14224578035096,57.14224578035096,3,A
5836,-61.59572712239011,15.352549624536383,,57.88856276720798,57.88856276720798,3,A
5837,-61.5957271223901,15.352572850506377,,57.70146612692259,57.70146612692259,3,A
5838,-61.5957271223901,15.352596076476372,,57.00479600530878,57.00479600530878,3,A
5839,-61.5957271223901,15.352619302446367,,50.06018958772261,50.06018958772261,3,A
5840,-61.59572712239011,15.352642528416364,,52.574820580868064,52.574820580868064,3,A
5841,-61.5957271223901,15.352665754386358,,58.58308881862696,58.58308881862696,3,A
5842,-61.59572712239011,15.352688980356351,,55.002390174672676,55.002390174672676,3,A
5843,-61.5957271223901,15.352712206326348,,62.701437984460206,62.701437984460206,3,A
5844,-61.5957271223901,15.352735432296342,,56.81448738137766,56.81448738137766,3,A
5845,-61.5957271223901,15.352758658266337,,54.467310041341,54.467310041341,3,A
5846,-61.5957271223901,15.352781884236332,,52.052052044243396,52.052052044243396,3,A
5847,-61.5957271223901,15.35280511020633,,54.30776216455499,54.30776216455499,3,A
5848,-61.5957271223901,15.352828336176321,,54.807238526406415,54.807238526406415,3,A
5849,-61.5957271223901,15.352851562146316,,54.545119947924825,54.545119947924825,3,A
5850,-61.5957271223901,15.352874788116313,,57.035954712760905,57.035954712760905,3,A
5851,-61.5957271223901,15.352898014086307,,56.162146509713466,56.162146509713466,3,A
5852,-61.5957271223901,15.3529212400563,,57.05307788129084,57.05307788129084,3,A
5853,-61.5957271223901,15.352944466026297,,54.73498280796196,54.73498280796196,3,A
5854,-61.5957271223901,15.352967691996293,,59.50796318198667,59.50796318198667,3,A
5855,-61.5957271223901,15.352990917966284,,50.0520961015323,50.0520961015323,3,A
5856,-61.5957271223901,15.353014143936281,,57.85399626112675,57.85399626112675,3,A
5857,-61.5957271223901,15.353037369906277,,52.31117040175683,52.31117040175683,3,A
5858,-61.5957271223901,15.353060595876272,,50.016913361144034,50.016913361144034,3,A
5859,-61.5957271223901,15.353083821846266,,50.5659255575793,50.5659255575793,3,A
5860,-61.5957271223901,15.353107047816263,,50.06536664342561,50.06536664342561,3,A
5861,-61.5957271223901,15.353130273786256,,54.85623264134592,54.85623264134592,3,A
5862,-61.5957271223901,15.35315349975625,,54.5404515060649,54.5404515060649,3,A
5863,-61.5957271223901,15.353176725726247,,50.80611651688919,50.80611651688919,3,A
5864,-61.5957271223901,15.353199951696242,,55.93149306608296,55.93149306608296,3,A
5865,-61.5957271223901,15.353223177666237,,56.68972516832158,56.68972516832158,3,A
5866,-61.5957271223901,15.35324640363623,,57.063193056759,57.063193056759,3,A
5867,-61.5957271223901,15.353269629606228,,58.89282918644591,58.89282918644591,3,A
5868,-61.5957271223901,15.353292855576221,,62.79266041494837,62.79266041494837,3,A
5869,-61.5957271223901,15.353316081546215,,53.16896791228408,53.16896791228408,3,A
5870,-61.5957271223901,15.353339307516212,,60.987492050209624,60.987492050209624,3,A
5871,-61.5957271223901,15.353362533486207,,54.98349324870215,54.98349324870215,3,A
5872,-61.5957271223901,15.353385759456202,,55.35156276780023,55.35156276780023,3,A
5873,-61.5957271223901,15.353408985426196,,50.08084993332075,50.08084993332075,3,A
5874,-61.5957271223901,15.35343221139619,,54.171203039311294,54.171203039311294,3,A
5875,-61.59572712239011,15.353455437366186,,65.2752772375408,65.2752772375408,3,A
5876,-61.5957271223901,15.35347866333618,,53.16702084729955,53.16702084729955,3,A
5877,-61.5957271223901,15.353501889306177,,57.896113322871024,57.896113322871024,3,A
5878,-61.5957271223901,15.353525115276172,,53.442027180566775,53.442027180566775,3,A
5879,-61.59572712239011,15.353548341246167,,49.26339846429289,49.26339846429289,3,A
5880,-61.5957271223901,15.35357156721616,,54.91479827025711,54.91479827025711,3,A
5881,-61.5957271223901,15.353594793186154,,57.02199148124288,57.02199148124288,3,A
5882,-61.5957271223901,15.353618019156151,,60.30339031582209,60.30339031582209,3,A
5883,-61.59572712239011,15.353641245126147,,56.78625751564076,56.78625751564076,3,A
5884,-61.5957271223901,15.353664471096142,,54.12896499244087,54.12896499244087,3,A
5885,-61.59572712239011,15.353687697066137,,55.061370710968724,55.061370710968724,3,A
5886,-61.5957271223901,15.353710923036132,,56.94878739763486,56.94878739763486,3,A
5887,-61.5957271223901,15.353734149006126,,56.07087078395548,56.07087078395548,3,A
5888,-61.5957271223901,15.35375737497612,,58.97729684846895,58.97729684846895,3,A
5889,-61.59572712239011,15.353780600946116,,59.56039112035162,59.56039112035162,3,A
5890,-61.5957271223901,15.353803826916112,,54.85179192534178,54.85179192534178,3,A
5891,-61.5957271223901,15.353827052886105,,55.86529960971343,55.86529960971343,3,A
5892,-61.5957271223901,15.3538502788561,,55.94333243773505,55.94333243773505,3,A
5893,-61.59572712239011,15.353873504826097,,54.24194349407192,54.24194349407192,3,A
5894,-61.5957271223901,15.35389673079609,,57.607593668358035,57.607593668358035,3,A
5895,-61.5957271223901,15.353919956766084,,51.856143627051836,51.856143627051836,3,A
5896,-61.5957271223901,15.353943182736081,,59.04376498679749,59.04376498679749,3,A
5897,-61.59572712239011,15.353966408706075,,61.03805472959529,61.03805472959529,3,A
5898,-61.5957271223901,15.35398963467607,,57.648271988606794,57.648271988606794,3,A
5899,-61.5957271223901,15.354012860646066,,57.80014079980481,57.80014079980481,3,A
5900,-61.5957271223901,15.354036086616059,,57.533869112964055,57.533869112964055,3,A
5901,-61.5957271223901,15.354059312586054,,58.62735257467456,58.62735257467456,3,A
5902,-61.5957271223901,15.35408253855605,,55.86711669465526,55.86711669465526,3,A
5903,-61.5957271223901,15.354105764526047,,59.84016881540744,59.84016881540744,3,A
5904,-61.5957271223901,15.35412899049604,,52.30624124096831,52.30624124096831,3,A
5905,-61.5957271223901,15.354152216466035,,57.911301483026705,57.911301483026705,3,A
5906,-61.5957271223901,15.35417544243603,,49.79108970105015,49.79108970105015,3,A
5907,-61.5957271223901,15.354198668406024,,55.625659434406366,55.625659434406366,3,A
5908,-61.5957271223901,15.354221894376021,,59.310405963043856,59.310405963043856,3,A
5909,-61.5957271223901,15.354245120346015,,59.845395675498004,59.845395675498004,3,A
5910,-61.5957271223901,15.354268346316012,,53.95947018686347,53.95947018686347,3,A
5911,-61.5957271223901,15.354291572286005,,57.788101888962956,57.788101888962956,3,A
5912,-61.5957271223901,15.354314798256,,52.28375647272886,52.28375647272886,3,A
5913,-61.5957271223901,15.354338024225994,,54.244843572534386,54.244843572534386,3,A
5914,-61.5957271223901,15.35436125019599,,55.43307166255606,55.43307166255606,3,A
5915,-61.5957271223901,15.354384476165986,,54.66439872185251,54.66439872185251,3,A
5916,-61.5957271223901,15.35440770213598,,54.68736215802282,54.68736215802282,3,A
5917,-61.5957271223901,15.354430928105977,,55.92370618140092,55.92370618140092,3,A
5918,-61.5957271223901,15.35445415407597,,57.91990357735792,57.91990357735792,3,A
5919,-61.5957271223901,15.354477380045966,,61.30552941316085,61.30552941316085,3,A
5920,-61.5957271223901,15.354500606015959,,58.31647094634506,58.31647094634506,3,A
5921,-61.5957271223901,15.354523831985954,,53.03397634597662,53.03397634597662,3,A
5922,-61.5957271223901,15.354547057955951,,58.809650667846576,58.809650667846576,3,A
5923,-61.5957271223901,15.354570283925945,,51.54711579860389,51.54711579860389,3,A
5924,-61.5957271223901,15.35459350989594,,55.45859454165183,55.45859454165183,3,A
5925,-61.5957271223901,15.354616735865935,,58.16015667731648,58.16015667731648,3,A
5926,-61.5957271223901,15.35463996183593,,61.97512790619689,61.97512790619689,3,A
5927,-61.5957271223901,15.354663187805924,,58.35023965665778,58.35023965665778,3,A
5928,-61.59572712239011,15.35468641377592,,55.943621706889594,55.943621706889594,3,A
5929,-61.5957271223901,15.354709639745916,,59.095554596402216,59.095554596402216,3,A
5930,-61.5957271223901,15.35473286571591,,60.012558834718725,60.012558834718725,3,A
5931,-61.5957271223901,15.354756091685903,,59.622721042601555,59.622721042601555,3,A
5932,-61.59572712239011,15.3547793176559,,55.36619811250529,55.36619811250529,3,A
5933,-61.5957271223901,15.354802543625894,,50.92368384796258,50.92368384796258,3,A
5934,-61.5957271223901,15.354825769595887,,64.12373586720672,64.12373586720672,3,A
5935,-61.5957271223901,15.354848995565884,,60.728465809742055,60.728465809742055,3,A
5936,-61.59572712239011,15.35487222153588,,56.06288341107622,56.06288341107622,3,A
5937,-61.5957271223901,15.354895447505875,,55.755193887281706,55.755193887281706,3,A
5938,-61.5957271223901,15.354918673475868,,61.92999805579949,61.92999805579949,3,A
5939,-61.5957271223901,15.354941899445864,,57.82423393035872,57.82423393035872,3,A
5940,-61.59572712239011,15.354965125415859,,60.997676957471626,60.997676957471626,3,A
5941,-61.5957271223901,15.354988351385852,,61.40816149479879,61.40816149479879,3,A
5942,-61.59572712239011,15.35501157735585,,53.604810740107474,53.604810740107474,3,A
5943,-61.5957271223901,15.355034803325845,,57.814771124423814,57.814771124423814,3,A
5944,-61.5957271223901,15.35505802929584,,61.33487079380977,61.33487079380977,3,A
5945,-61.5957271223901,15.355081255265834,,56.02256685288879,56.02256685288879,3,A
5946,-61.59572712239011,15.355104481235829,,55.63104419382212,55.63104419382212,3,A
5947,-61.5957271223901,15.355127707205824,,54.73346167800625,54.73346167800625,3,A
5948,-61.5957271223901,15.355150933175818,,61.065338690155706,61.065338690155706,3,A
5949,-61.5957271223901,15.355174159145815,,50.6411238682315,50.6411238682315,3,A
5950,-61.59572712239011,15.35519738511581,,53.32711143991897,53.32711143991897,3,A
5951,-61.5957271223901,15.355220611085805,,56.404212740922645,56.404212740922645,3,A
5952,-61.5957271223901,15.355243837055799,,50.41181140113209,50.41181140113209,3,A
5953,-61.5957271223901,15.355267063025794,,58.00248600172461,58.00248600172461,3,A
5954,-61.5957271223901,15.35529028899579,,61.014362287731004,61.014362287731004,3,A
5955,-61.5957271223901,15.355313514965783,,52.961764941272904,52.961764941272904,3,A
5956,-61.5957271223901,15.35533674093578,,49.61100223686161,49.61100223686161,3,A
5957,-61.5957271223901,15.355359966905775,,59.69815381529466,59.69815381529466,3,A
5958,-61.5957271223901,15.35538319287577,,56.362681164817516,56.362681164817516,3,A
5959,-61.5957271223901,15.355406418845764,,63.63140879943207,63.63140879943207,3,A
5960,-61.5957271223901,15.355429644815759,,49.59029691705738,49.59029691705738,3,A
5961,-61.5957271223901,15.355452870785754,,54.08086623734809,54.08086623734809,3,A
5962,-61.5957271223901,15.355476096755748,,55.718378033983214,55.718378033983214,3,A
5963,-61.5957271223901,15.355499322725745,,54.49975321800085,54.49975321800085,3,A
5964,-61.5957271223901,15.35552254869574,,57.40572930092213,57.40572930092213,3,A
5965,-61.5957271223901,15.355545774665735,,63.054355884481,63.054355884481,3,A
5966,-61.5957271223901,15.355569000635729,,63.52866907544876,63.52866907544876,3,A
5967,-61.5957271223901,15.355592226605724,,59.29351782805737,59.29351782805737,3,A
5968,-61.5957271223901,15.35561545257572,,53.75362428811149,53.75362428811149,3,A
5969,-61.5957271223901,15.355638678545713,,53.71794298542013,53.71794298542013,3,A
5970,-61.5957271223901,15.355661904515708,,57.96493983138885,57.96493983138885,3,A
5971,-61.5957271223901,15.355685130485703,,50.54036361514391,50.54036361514391,3,A
5972,-61.5957271223901,15.355708356455697,,59.363909423626616,59.363909423626616,3,A
5973,-61.5957271223901,15.355731582425692,,59.29072484853424,59.29072484853424,3,A
5974,-61.5957271223901,15.355754808395687,,58.90264752183567,58.90264752183567,3,A
5975,-61.5957271223901,15.355778034365684,,61.298390356435974,61.298390356435974,3,A
5976,-61.5957271223901,15.355801260335678,,58.8014171807901,58.8014171807901,3,A
5977,-61.5957271223901,15.355824486305673,,60.393391109998305,60.393391109998305,3,A
5978,-61.5957271223901,15.355847712275668,,55.86461326098186,55.86461326098186,3,A
5979,-61.5957271223901,15.355870938245662,,57.082951239150454,57.082951239150454,3,A
5980,-61.5957271223901,15.355894164215657,,58.414903932672054,58.414903932672054,3,A
5981,-61.5957271223901,15.355917390185652,,58.644821057030505,58.644821057030505,3,A
5982,-61.5957271223901,15.35594061615565,,59.20711633436848,59.20711633436848,3,A
5983,-61.59572712239011,15.355963842125643,,59.348407146763414,59.348407146763414,3,A
5984,-61.5957271223901,15.355987068095638,,60.799304278521376,60.799304278521376,3,A
5985,-61.59572712239011,15.356010294065634,,64.10803077687635,64.10803077687635,3,A
5986,-61.5957271223901,15.356033520035627,,60.004148652502366,60.004148652502366,3,A
5987,-61.5957271223901,15.356056746005622,,56.67392735170542,56.67392735170542,3,A
5988,-61.5957271223901,15.356079971975618,,52.91967348226209,52.91967348226209,3,A
5989,-61.59572712239011,15.356103197945615,,50.338708047027616,50.338708047027616,3,A
5990,-61.5957271223901,15.356126423915608,,53.10288585375122,53.10288585375122,3,A
5991,-61.5957271223901,15.356149649885603,,60.230738490036366,60.230738490036366,3,A
5992,-61.5957271223901,15.356172875855599,,58.305549433581845,58.305549433581845,3,A
5993,-61.59572712239011,15.356196101825592,,54.88298839374145,54.88298839374145,3,A
5994,-61.5957271223901,15.356219327795587,,53.93914435414974,53.93914435414974,3,A
5995,-61.5957271223901,15.356242553765583,,59.90750335237099,59.90750335237099,3,A
5996,-61.5957271223901,15.35626577973558,,60.69741781137553,60.69741781137553,3,A
5997,-61.59572712239011,15.356289005705573,,60.22008284555776,60.22008284555776,3,A
5998,-61.5957271223901,15.356312231675567,,57.772425771316584,57.772425771316584,3,A
5999,-61.5957271223901,15.356335457645562,,52.61169046377168,52.61169046377168,3,A
6000,-61.5957271223901,15.356358683615557,,53.848278334193516,53.848278334193516,3,A
6001,-61.5957271223901,15.356381909585552,,61.489349459521,61.489349459521,3,A
6002,-61.5957271223901,15.356405135555548,,57.50165069460228,57.50165069460228,3,A
6003,-61.59572712239011,15.356428361525545,,52.989614474199456,52.989614474199456,3,A
6004,-61.5957271223901,15.356451587495538,,59.589024427891914,59.589024427891914,3,A
6005,-61.5957271223901,15.356474813465532,,63.441901830862925,63.441901830862925,3,A
6006,-61.5957271223901,15.356498039435527,,62.85945106967207,62.85945106967207,3,A
6007,-61.5957271223901,15.356521265405522,,59.62965459575169,59.62965459575169,3,A
6008,-61.5957271223901,15.35654449137552,,59.360942431887636,59.360942431887636,3,A
6009,-61.5957271223901,15.356567717345513,,57.89687104703595,57.89687104703595,3,A
6010,-61.5957271223901,15.356590943315508,,53.946640808352214,53.946640808352214,3,A
6011,-61.5957271223901,15.356614169285502,,59.43479319109025,59.43479319109025,3,A
6012,-61.5957271223901,15.356637395255497,,60.43761704422049,60.43761704422049,3,A
6013,-61.5957271223901,15.35666062122549,,56.04835854678175,56.04835854678175,3,A
6014,-61.5957271223901,15.356683847195487,,53.38520897525153,53.38520897525153,3,A
6015,-61.5957271223901,15.356707073165483,,58.71162719068028,58.71162719068028,3,A
6016,-61.5957271223901,15.356730299135478,,55.253030604126465,55.253030604126465,3,A
6017,-61.5957271223901,15.356753525105473,,56.93456441092975,56.93456441092975,3,A
6018,-61.5957271223901,15.356776751075467,,59.6170706245644,59.6170706245644,3,A
6019,-61.5957271223901,15.356799977045462,,56.693893579353556,56.693893579353556,3,A
6020,-61.5957271223901,15.356823203015455,,60.968849288288006,60.968849288288006,3,A
6021,-61.5957271223901,15.356846428985452,,62.148553595312734,62.148553595312734,3,A
6022,-61.5957271223901,15.356869654955448,,55.71929785859646,55.71929785859646,3,A
6023,-61.5957271223901,15.356892880925443,,55.80453191784064,55.80453191784064,3,A
6024,-61.5957271223901,15.356916106895437,,53.554285432392014,53.554285432392014,3,A
6025,-61.5957271223901,15.356939332865432,,54.94409839268602,54.94409839268602,3,A
6026,-61.5957271223901,15.356962558835427,,56.14707092815763,56.14707092815763,3,A
6027,-61.5957271223901,15.35698578480542,,57.4612886131808,57.4612886131808,3,A
6028,-61.5957271223901,15.357009010775418,,59.07814139506359,59.07814139506359,3,A
6029,-61.5957271223901,15.357032236745413,,56.00742928954079,56.00742928954079,3,A
6030,-61.5957271223901,15.357055462715408,,62.35480730474817,62.35480730474817,3,A
6031,-61.5957271223901,15.357078688685402,,56.913099348492004,56.913099348492004,3,A
6032,-61.59572712239011,15.357101914655397,,59.7472926793943,59.7472926793943,3,A
6033,-61.5957271223901,15.357125140625392,,58.00145665524978,58.00145665524978,3,A
6034,-61.5957271223901,15.357148366595386,,58.07460101740078,58.07460101740078,3,A
6035,-61.5957271223901,15.357171592565383,,62.29752284392084,62.29752284392084,3,A
6036,-61.59572712239011,15.357194818535378,,54.83524276687508,54.83524276687508,3,A
6037,-61.5957271223901,15.35721804450537,,58.07453258655353,58.07453258655353,3,A
6038,-61.5957271223901,15.357241270475367,,65.98039407792781,65.98039407792781,3,A
6039,-61.5957271223901,15.357264496445362,,59.59333258024382,59.59333258024382,3,A
6040,-61.59572712239011,15.357287722415357,,63.2113540986678,63.2113540986678,3,A
6041,-61.5957271223901,15.35731094838535,,58.72102874504271,58.72102874504271,3,A
6042,-61.59572712239011,15.357334174355348,,58.10790860920919,58.10790860920919,3,A
6043,-61.5957271223901,15.357357400325343,,56.55954989645866,56.55954989645866,3,A
6044,-61.5957271223901,15.357380626295335,,54.759942664871645,54.759942664871645,3,A
6045,-61.5957271223901,15.357403852265332,,56.93306049049611,56.93306049049611,3,A
6046,-61.59572712239011,15.357427078235327,,58.781495738027445,58.781495738027445,3,A
6047,-61.5957271223901,15.357450304205322,,54.16650839591277,54.16650839591277,3,A
6048,-61.5957271223901,15.357473530175316,,51.42121848846787,51.42121848846787,3,A
6049,-61.5957271223901,15.357496756145311,,56.54797637385667,56.54797637385667,3,A
6050,-61.59572712239011,15.357519982115306,,61.122199164174035,61.122199164174035,3,A
6051,-61.5957271223901,15.3575432080853,,62.50829212262796,62.50829212262796,3,A
6052,-61.5957271223901,15.357566434055295,,54.08437117700728,54.08437117700728,3,A
6053,-61.5957271223901,15.35758966002529,,59.184493620731764,59.184493620731764,3,A
6054,-61.59572712239011,15.357612885995287,,57.711347334154844,57.711347334154844,3,A
6055,-61.5957271223901,15.357636111965281,,58.62403494993144,58.62403494993144,3,A
6056,-61.5957271223901,15.357659337935276,,58.502485889690625,58.502485889690625,3,A
6057,-61.5957271223901,15.357682563905271,,62.229105830868406,62.229105830868406,3,A
6058,-61.5957271223901,15.357705789875265,,58.65091430916068,58.65091430916068,3,A
6059,-61.5957271223901,15.35772901584526,,60.272099473855285,60.272099473855285,3,A
6060,-61.5957271223901,15.357752241815255,,60.22540890237686,60.22540890237686,3,A
6061,-61.5957271223901,15.357775467785252,,53.730142166053575,53.730142166053575,3,A
6062,-61.5957271223901,15.357798693755246,,58.30586642862866,58.30586642862866,3,A
6063,-61.5957271223901,15.35782191972524,,59.71794216211442,59.71794216211442,3,A
6064,-61.5957271223901,15.357845145695237,,61.886872638367755,61.886872638367755,3,A
6065,-61.5957271223901,15.35786837166523,,61.015919085747086,61.015919085747086,3,A
6066,-61.5957271223901,15.357891597635225,,60.54740916366046,60.54740916366046,3,A
6067,-61.5957271223901,15.35791482360522,,61.063589480747396,61.063589480747396,3,A
6068,-61.5957271223901,15.357938049575218,,58.739133040512314,58.739133040512314,3,A
6069,-61.5957271223901,15.357961275545211,,60.535302432798886,60.535302432798886,3,A
6070,-61.5957271223901,15.357984501515205,,62.66422299502109,62.66422299502109,3,A
6071,-61.5957271223901,15.358007727485202,,56.87308232710034,56.87308232710034,3,A
6072,-61.5957271223901,15.358030953455195,,64.54135505160409,64.54135505160409,3,A
6073,-61.5957271223901,15.35805417942519,,60.884381848805454,60.884381848805454,3,A
6074,-61.5957271223901,15.358077405395186,,54.41387368407474,54.41387368407474,3,A
6075,-61.5957271223901,15.358100631365183,,62.38633213096255,62.38633213096255,3,A
6076,-61.5957271223901,15.358123857335176,,60.54045069332255,60.54045069332255,3,A
6077,-61.5957271223901,15.35814708330517,,63.33272976545466,63.33272976545466,3,A
6078,-61.5957271223901,15.358170309275167,,57.21095066471282,57.21095066471282,3,A
6079,-61.5957271223901,15.35819353524516,,60.23055683684357,60.23055683684357,3,A
6080,-61.5957271223901,15.358216761215155,,63.559656667102075,63.559656667102075,3,A
6081,-61.5957271223901,15.35823998718515,,63.455177614116934,63.455177614116934,3,A
6082,-61.5957271223901,15.358263213155148,,58.897789400906184,58.897789400906184,3,A
6083,-61.5957271223901,15.358286439125141,,56.990836861415055,56.990836861415055,3,A
6084,-61.5957271223901,15.358309665095135,,58.4870792142148,58.4870792142148,3,A
6085,-61.59572712239011,15.358332891065132,,59.24202760270709,59.24202760270709,3,A
6086,-61.5957271223901,15.358356117035125,,55.86392561988791,55.86392561988791,3,A
6087,-61.5957271223901,15.358379343005119,,61.54328973842652,61.54328973842652,3,A
6088,-61.5957271223901,15.358402568975116,,60.891300167689984,60.891300167689984,3,A
6089,-61.59572712239011,15.358425794945111,,62.75447066386975,62.75447066386975,3,A
6090,-61.5957271223901,15.358449020915105,,56.80995346168933,56.80995346168933,3,A
6091,-61.5957271223901,15.3584722468851,,58.56494073074864,58.56494073074864,3,A
6092,-61.5957271223901,15.358495472855095,,55.776488656250926,55.776488656250926,3,A
6093,-61.59572712239011,15.35851869882509,,56.771721669224625,56.771721669224625,3,A
6094,-61.5957271223901,15.358541924795084,,59.61316452056327,59.61316452056327,3,A
6095,-61.5957271223901,15.35856515076508,,59.1406186249937,59.1406186249937,3,A
6096,-61.5957271223901,15.358588376735074,,54.838215787415116,54.838215787415116,3,A
6097,-61.59572712239011,15.35861160270507,,59.53557741808283,59.53557741808283,3,A
6098,-61.5957271223901,15.358634828675065,,59.42260407251447,59.42260407251447,3,A
6099,-61.5957271223901,15.358658054645058,,55.639451454596,55.639451454596,3,A
6100,-61.5957271223901,15.358681280615055,,59.97365793224427,59.97365793224427,3,A
6101,-61.5957271223901,15.358704506585049,,60.20501592173038,60.20501592173038,3,A
6102,-61.5957271223901,15.358727732555046,,57.09248365943765,57.09248365943765,3,A
6103,-61.59572712239011,15.35875095852504,,59.35403555700452,59.35403555700452,3,A
6104,-61.5957271223901,15.358774184495035,,57.30595515040433,57.30595515040433,3,A
6105,-61.5957271223901,15.35879741046503,,60.462637942059374,60.462637942059374,3,A
6106,-61.5957271223901,15.358820636435023,,53.357405684642465,53.357405684642465,3,A
6107,-61.59572712239011,15.35884386240502,,55.70488809492334,55.70488809492334,3,A
6108,-61.5957271223901,15.358867088375016,,61.264177396284886,61.264177396284886,3,A
6109,-61.5957271223901,15.358890314345008,,60.6112002607769,60.6112002607769,3,A
6110,-61.5957271223901,15.358913540315005,,59.49903057104838,59.49903057104838,3,A
6111,-61.5957271223901,15.358936766285,,62.33561053206376,62.33561053206376,3,A
6112,-61.5957271223901,15.358959992254995,,61.96182053776633,61.96182053776633,3,A
6113,-61.5957271223901,15.358983218224989,,62.763778806263815,62.763778806263815,3,A
6114,-61.5957271223901,15.359006444194986,,60.733337623891714,60.733337623891714,3,A
6115,-61.5957271223901,15.35902967016498,,61.9111634716243,61.9111634716243,3,A
6116,-61.5957271223901,15.359052896134973,,63.39222796304391,63.39222796304391,3,A
6117,-61.5957271223901,15.35907612210497,,61.84159666774773,61.84159666774773,3,A
6118,-61.5957271223901,15.359099348074965,,59.385256078423545,59.385256078423545,3,A
6119,-61.5957271223901,15.35912257404496,,67.33191802900252,67.33191802900252,3,A
6120,-61.5957271223901,15.359145800014954,,63.03549471343116,63.03549471343116,3,A
6121,-61.5957271223901,15.35916902598495,,55.29587105828407,55.29587105828407,3,A
6122,-61.5957271223901,15.359192251954944,,56.817454412710475,56.817454412710475,3,A
6123,-61.5957271223901,15.359215477924938,,62.692474881130366,62.692474881130366,3,A
6124,-61.5957271223901,15.359238703894935,,56.855906891245105,56.855906891245105,3,A
6125,-61.5957271223901,15.35926192986493,,57.200227899116726,57.200227899116726,3,A
6126,-61.5957271223901,15.359285155834923,,58.95198399622616,58.95198399622616,3,A
6127,-61.5957271223901,15.359308381804919,,60.70536099426897,60.70536099426897,3,A
6128,-61.5957271223901,15.359331607774916,,62.12420845727456,62.12420845727456,3,A
6129,-61.5957271223901,15.35935483374491,,62.66431029616801,62.66431029616801,3,A
6130,-61.5957271223901,15.359378059714903,,66.02722877658746,66.02722877658746,3,A
6131,-61.5957271223901,15.359401285684898,,59.03139351398938,59.03139351398938,3,A
6132,-61.5957271223901,15.359424511654893,,58.75440092327394,58.75440092327394,3,A
6133,-61.5957271223901,15.35944773762489,,55.506258627354214,55.506258627354214,3,A
6134,-61.5957271223901,15.359470963594884,,58.79224846996931,58.79224846996931,3,A
6135,-61.5957271223901,15.359494189564877,,56.20892051344982,56.20892051344982,3,A
6136,-61.5957271223901,15.359517415534874,,66.23286665496593,66.23286665496593,3,A
6137,-61.5957271223901,15.359540641504868,,55.117348871350934,55.117348871350934,3,A
6138,-61.5957271223901,15.359563867474863,,66.98213210955976,66.98213210955976,3,A
6139,-61.5957271223901,15.359587093444858,,60.36324964332009,60.36324964332009,3,A
6140,-61.59572712239011,15.359610319414855,,59.59498953708347,59.59498953708347,3,A
6141,-61.5957271223901,15.359633545384849,,59.08853356066355,59.08853356066355,3,A
6142,-61.59572712239011,15.359656771354842,,63.10576335643382,63.10576335643382,3,A
6143,-61.5957271223901,15.35967999732484,,59.725269385485575,59.725269385485575,3,A
6144,-61.5957271223901,15.359703223294833,,62.771576376811076,62.771576376811076,3,A
6145,-61.5957271223901,15.359726449264828,,65.40681540658711,65.40681540658711,3,A
6146,-61.59572712239011,15.359749675234823,,60.1082131116466,60.1082131116466,3,A
6147,-61.5957271223901,15.35977290120482,,58.63328306861756,58.63328306861756,3,A
6148,-61.5957271223901,15.359796127174812,,60.95272675339083,60.95272675339083,3,A
6149,-61.5957271223901,15.359819353144808,,61.52675246338951,61.52675246338951,3,A
6150,-61.59572712239011,15.359842579114805,,64.54488331572195,64.54488331572195,3,A
6151,-61.5957271223901,15.359865805084798,,58.51184924747218,58.51184924747218,3,A
6152,-61.5957271223901,15.359889031054793,,63.270526296767116,63.270526296767116,3,A
6153,-61.5957271223901,15.359912257024789,,55.922546146852255,55.922546146852255,3,A
6154,-61.59572712239011,15.359935482994786,,58.59437162168754,58.59437162168754,3,A
6155,-61.5957271223901,15.359958708964777,,61.69374670321514,61.69374670321514,3,A
6156,-61.5957271223901,15.359981934934773,,59.64350836939369,59.64350836939369,3,A
6157,-61.5957271223901,15.36000516090477,,63.23985102392324,63.23985102392324,3,A
6158,-61.59572712239011,15.360028386874763,,60.79824163730148,60.79824163730148,3,A
6159,-61.5957271223901,15.360051612844758,,61.14456615799965,61.14456615799965,3,A
6160,-61.59572712239011,15.360074838814754,,55.30514278263865,55.30514278263865,3,A
6161,-61.5957271223901,15.360098064784747,,60.94133645906025,60.94133645906025,3,A
6162,-61.5957271223901,15.360121290754742,,58.48862652655854,58.48862652655854,3,A
6163,-61.5957271223901,15.360144516724738,,61.99443465214659,61.99443465214659,3,A
6164,-61.5957271223901,15.360167742694735,,57.673339298567775,57.673339298567775,3,A
6165,-61.5957271223901,15.360190968664728,,57.41688030723668,57.41688030723668,3,A
6166,-61.5957271223901,15.360214194634723,,67.02920878240178,67.02920878240178,3,A
6167,-61.5957271223901,15.360237420604719,,58.18703272099595,58.18703272099595,3,A
6168,-61.5957271223901,15.360260646574712,,62.50567988565906,62.50567988565906,3,A
6169,-61.5957271223901,15.360283872544706,,58.7367296491365,58.7367296491365,3,A
6170,-61.5957271223901,15.360307098514703,,63.606108862096136,63.606108862096136,3,A
6171,-61.5957271223901,15.360330324484698,,59.793472804219434,59.793472804219434,3,A
6172,-61.5957271223901,15.360353550454693,,65.171145655328,65.171145655328,3,A
6173,-61.5957271223901,15.360376776424687,,63.95629926274664,63.95629926274664,3,A
6174,-61.5957271223901,15.36040000239468,,63.280988640007976,63.280988640007976,3,A
6175,-61.5957271223901,15.360423228364677,,58.66702508223598,58.66702508223598,3,A
6176,-61.5957271223901,15.36044645433467,,61.46095472242672,61.46095472242672,3,A
6177,-61.5957271223901,15.360469680304668,,60.23531528956716,60.23531528956716,3,A
6178,-61.5957271223901,15.360492906274663,,60.82045411622784,60.82045411622784,3,A
6179,-61.5957271223901,15.360516132244658,,60.10866921327741,60.10866921327741,3,A
6180,-61.5957271223901,15.360539358214652,,62.084836298828556,62.084836298828556,3,A
6181,-61.5957271223901,15.360562584184645,,62.95264232323258,62.95264232323258,3,A
6182,-61.5957271223901,15.360585810154642,,61.35729273328217,61.35729273328217,3,A
6183,-61.5957271223901,15.360609036124638,,61.889953865576395,61.889953865576395,3,A
6184,-61.5957271223901,15.360632262094633,,58.28878644605048,58.28878644605048,3,A
6185,-61.5957271223901,15.360655488064628,,64.30097546035971,64.30097546035971,3,A
6186,-61.5957271223901,15.360678714034623,,61.21689355725412,61.21689355725412,3,A
6187,-61.5957271223901,15.360701940004617,,60.38938226652216,60.38938226652216,3,A
6188,-61.5957271223901,15.36072516597461,,66.43641265864957,66.43641265864957,3,A
6189,-61.5957271223901,15.360748391944608,,60.1667142535665,60.1667142535665,3,A
6190,-61.5957271223901,15.360771617914603,,61.43685708337286,61.43685708337286,3,A
6191,-61.5957271223901,15.360794843884598,,63.31082400029266,63.31082400029266,3,A
6192,-61.5957271223901,15.360818069854593,,66.55514740218706,66.55514740218706,3,A
6193,-61.59572712239011,15.360841295824589,,59.83048896533906,59.83048896533906,3,A
6194,-61.5957271223901,15.360864521794582,,59.78928566206395,59.78928566206395,3,A
6195,-61.5957271223901,15.360887747764576,,61.69181622163499,61.69181622163499,3,A
6196,-61.5957271223901,15.360910973734573,,64.00195372666865,64.00195372666865,3,A
6197,-61.59572712239011,15.360934199704568,,62.912302789832225,62.912302789832225,3,A
6198,-61.5957271223901,15.360957425674563,,63.479738466517276,63.479738466517276,3,A
6199,-61.5957271223901,15.360980651644557,,61.53969172905032,61.53969172905032,3,A
6200,-61.5957271223901,15.361003877614552,,62.84432792317502,62.84432792317502,3,A
6201,-61.5957271223901,15.361027103584547,,62.88655665038648,62.88655665038648,3,A
6202,-61.5957271223901,15.36105032955454,,63.543418577589705,63.543418577589705,3,A
6203,-61.59572712239011,15.361073555524538,,59.98500516135396,59.98500516135396,3,A
6204,-61.5957271223901,15.361096781494533,,63.20834628295439,63.20834628295439,3,A
6205,-61.5957271223901,15.361120007464528,,57.44458632297074,57.44458632297074,3,A
6206,-61.5957271223901,15.361143233434522,,69.89906713832426,69.89906713832426,3,A
6207,-61.59572712239011,15.361166459404515,,62.0280816480517,62.0280816480517,3,A
6208,-61.5957271223901,15.361189685374512,,66.45411977666214,66.45411977666214,3,A
6209,-61.5957271223901,15.361212911344506,,62.78636603649923,62.78636603649923,3,A
6210,-61.5957271223901,15.361236137314503,,58.539389002821125,58.539389002821125,3,A
6211,-61.59572712239011,15.361259363284496,,66.65510635508328,66.65510635508328,3,A
6212,-61.5957271223901,15.361282589254492,,57.69195338784051,57.69195338784051,3,A
6213,-61.5957271223901,15.361305815224487,,62.98882126468987,62.98882126468987,3,A
6214,-61.5957271223901,15.36132904119448,,62.27083789641278,62.27083789641278,3,A
6215,-61.59572712239011,15.361352267164477,,61.826422814053814,61.826422814053814,3,A
6216,-61.5957271223901,15.36137549313447,,62.02854745725873,62.02854745725873,3,A
6217,-61.5957271223901,15.361398719104468,,57.94535106408143,57.94535106408143,3,A
6218,-61.5957271223901,15.361421945074461,,61.14926150465066,61.14926150465066,3,A
6219,-61.5957271223901,15.361445171044457,,62.02241614035281,62.02241614035281,3,A
6220,-61.5957271223901,15.36146839701445,,63.113479736623155,63.113479736623155,3,A
6221,-61.5957271223901,15.361491622984445,,58.55388011623758,58.55388011623758,3,A
6222,-61.5957271223901,15.361514848954442,,60.973469828235395,60.973469828235395,3,A
6223,-61.5957271223901,15.361538074924436,,63.717000714152086,63.717000714152086,3,A
6224,-61.5957271223901,15.361561300894431,,64.82240817259174,64.82240817259174,3,A
6225,-61.5957271223901,15.361584526864426,,64.9512161413001,64.9512161413001,3,A
6226,-61.5957271223901,15.361607752834422,,59.241257910831436,59.241257910831436,3,A
6227,-61.5957271223901,15.361630978804415,,61.71852551366716,61.71852551366716,3,A
6228,-61.5957271223901,15.36165420477441,,61.61397409334605,61.61397409334605,3,A
6229,-61.5957271223901,15.361677430744408,,62.31483974261071,62.31483974261071,3,A
6230,-61.5957271223901,15.361700656714401,,59.70448480126725,59.70448480126725,3,A
6231,-61.5957271223901,15.361723882684396,,62.942830802673036,62.942830802673036,3,A
6232,-61.5957271223901,15.361747108654392,,59.11383073415343,59.11383073415343,3,A
6233,-61.5957271223901,15.361770334624385,,60.22319440354663,60.22319440354663,3,A
6234,-61.5957271223901,15.36179356059438,,57.66223636150929,57.66223636150929,3,A
6235,-61.5957271223901,15.361816786564376,,61.888462148510435,61.888462148510435,3,A
6236,-61.5957271223901,15.361840012534373,,66.47989800532477,66.47989800532477,3,A
6237,-61.5957271223901,15.361863238504366,,64.65882284320558,64.65882284320558,3,A
6238,-61.5957271223901,15.361886464474361,,70.97973458452367,70.97973458452367,3,A
6239,-61.5957271223901,15.361909690444357,,61.674944344827,61.674944344827,3,A
6240,-61.5957271223901,15.36193291641435,,59.77439502843891,59.77439502843891,3,A
6241,-61.5957271223901,15.361956142384345,,62.38545350880229,62.38545350880229,3,A
6242,-61.5957271223901,15.36197936835434,,63.33218417878633,63.33218417878633,3,A
6243,-61.5957271223901,15.362002594324338,,61.427452234779444,61.427452234779444,3,A
6244,-61.5957271223901,15.362025820294331,,63.4529229676245,63.4529229676245,3,A
6245,-61.5957271223901,15.362049046264326,,60.4622680733112,60.4622680733112,3,A
6246,-61.59572712239011,15.36207227223432,,61.26513843540956,61.26513843540956,3,A
6247,-61.5957271223901,15.362095498204315,,67.67989389653847,67.67989389653847,3,A
6248,-61.5957271223901,15.362118724174309,,60.70183130890386,60.70183130890386,3,A
6249,-61.5957271223901,15.362141950144306,,62.268633340854336,62.268633340854336,3,A
6250,-61.59572712239011,15.362165176114301,,64.8971941892543,64.8971941892543,3,A
6251,-61.5957271223901,15.362188402084296,,60.58712764320123,60.58712764320123,3,A
6252,-61.5957271223901,15.36221162805429,,62.891866264138855,62.891866264138855,3,A
6253,-61.5957271223901,15.362234854024285,,62.05596581170073,62.05596581170073,3,A
6254,-61.59572712239011,15.36225807999428,,58.780421809934865,58.780421809934865,3,A
6255,-61.5957271223901,15.362281305964274,,61.937161520601606,61.937161520601606,3,A
6256,-61.5957271223901,15.36230453193427,,68.09656265989982,68.09656265989982,3,A
6257,-61.5957271223901,15.362327757904266,,57.22258041610955,57.22258041610955,3,A
6258,-61.59572712239011,15.362350983874261,,61.701860296942094,61.701860296942094,3,A
6259,-61.5957271223901,15.362374209844255,,67.46169638579835,67.46169638579835,3,A
6260,-61.59572712239011,15.36239743581425,,62.91147902154499,62.91147902154499,3,A
6261,-61.5957271223901,15.362420661784245,,66.153257610334,66.153257610334,3,A
6262,-61.5957271223901,15.362443887754239,,61.23293456228102,61.23293456228102,3,A
6263,-61.5957271223901,15.362467113724236,,61.588807779809926,61.588807779809926,3,A
6264,-61.59572712239011,15.362490339694231,,62.59682826803042,62.59682826803042,3,A
6265,-61.5957271223901,15.362513565664226,,62.9105191036496,62.9105191036496,3,A
6266,-61.5957271223901,15.36253679163422,,66.87436787656978,66.87436787656978,3,A
6267,-61.5957271223901,15.362560017604215,,60.969151400518825,60.969151400518825,3,A
6268,-61.5957271223901,15.36258324357421,,64.95409006525972,64.95409006525972,3,A
6269,-61.5957271223901,15.362606469544204,,63.692146130604435,63.692146130604435,3,A
6270,-61.5957271223901,15.362629695514201,,62.99025705262165,62.99025705262165,3,A
6271,-61.5957271223901,15.362652921484196,,67.80373338419777,67.80373338419777,3,A
6272,-61.5957271223901,15.36267614745419,,59.99630997151519,59.99630997151519,3,A
6273,-61.5957271223901,15.362699373424185,,61.8253488958363,61.8253488958363,3,A
6274,-61.5957271223901,15.362722599394179,,63.26326144539629,63.26326144539629,3,A
6275,-61.5957271223901,15.362745825364176,,62.40807224868274,62.40807224868274,3,A
6276,-61.5957271223901,15.362769051334169,,66.97509542133284,66.97509542133284,3,A
6277,-61.5957271223901,15.362792277304166,,64.80664312834315,64.80664312834315,3,A
6278,-61.5957271223901,15.362815503274161,,67.66081481874576,67.66081481874576,3,A
6279,-61.5957271223901,15.362838729244155,,66.93519625776891,66.93519625776891,3,A
6280,-61.5957271223901,15.36286195521415,,64.85073599576425,64.85073599576425,3,A
6281,-61.5957271223901,15.362885181184144,,63.168440648324754,63.168440648324754,3,A
6282,-61.5957271223901,15.36290840715414,,61.38088748974265,61.38088748974265,3,A
6283,-61.5957271223901,15.362931633124136,,61.689582510062145,61.689582510062145,3,A
6284,-61.5957271223901,15.362954859094131,,56.49912042557857,56.49912042557857,3,A
6285,-61.5957271223901,15.362978085064125,,68.56007011382678,68.56007011382678,3,A
6286,-61.5957271223901,15.363001311034118,,58.65710235253754,58.65710235253754,3,A
6287,-61.5957271223901,15.363024537004113,,59.15644897771705,59.15644897771705,3,A
6288,-61.5957271223901,15.363047762974109,,62.44577670085839,62.44577670085839,3,A
6289,-61.5957271223901,15.363070988944106,,59.68383039268278,59.68383039268278,3,A
6290,-61.5957271223901,15.3630942149141,,65.33459456764251,65.33459456764251,3,A
6291,-61.5957271223901,15.363117440884094,,57.16164085406572,57.16164085406572,3,A
6292,-61.5957271223901,15.36314066685409,,60.652789608609474,60.652789608609474,3,A
6293,-61.5957271223901,15.363163892824083,,63.771675860600716,63.771675860600716,3,A
6294,-61.5957271223901,15.363187118794079,,65.27024678095886,65.27024678095886,3,A
6295,-61.5957271223901,15.363210344764074,,63.0110371438009,63.0110371438009,3,A
6296,-61.5957271223901,15.36323357073407,,66.62026395426832,66.62026395426832,3,A
6297,-61.59572712239011,15.363256796704064,,57.37937495639595,57.37937495639595,3,A
6298,-61.5957271223901,15.363280022674058,,61.60115379152138,61.60115379152138,3,A
6299,-61.5957271223901,15.363303248644053,,63.75272246721706,63.75272246721706,3,A
6300,-61.5957271223901,15.363326474614048,,64.43582947012754,64.43582947012754,3,A
6301,-61.5957271223901,15.363349700584044,,65.91127191327519,65.91127191327519,3,A
6302,-61.5957271223901,15.363372926554039,,61.440581806754665,61.440581806754665,3,A
6303,-61.59572712239011,15.363396152524036,,68.1278982053503,68.1278982053503,3,A
6304,-61.5957271223901,15.36341937849403,,64.01656827199383,64.01656827199383,3,A
6305,-61.5957271223901,15.363442604464023,,61.9351052659032,61.9351052659032,3,A
6306,-61.5957271223901,15.363465830434018,,64.08951646958502,64.08951646958502,3,A
6307,-61.59572712239011,15.363489056404013,,61.99526840629128,61.99526840629128,3,A
6308,-61.5957271223901,15.36351228237401,,62.261337136766116,62.261337136766116,3,A
6309,-61.5957271223901,15.363535508344004,,65.02854352861533,65.02854352861533,3,A
6310,-61.5957271223901,15.363558734314001,,64.12396573690421,64.12396573690421,3,A
6311,-61.59572712239011,15.363581960283994,,64.80048951899334,64.80048951899334,3,A
6312,-61.5957271223901,15.363605186253988,,60.58003280473383,60.58003280473383,3,A
6313,-61.5957271223901,15.363628412223983,,66.75520211015723,66.75520211015723,3,A
6314,-61.5957271223901,15.363651638193978,,66.64990946961429,66.64990946961429,3,A
6315,-61.59572712239011,15.363674864163976,,67.98025477996373,67.98025477996373,3,A
6316,-61.5957271223901,15.363698090133969,,58.46007718610427,58.46007718610427,3,A
6317,-61.59572712239011,15.363721316103966,,65.43338376722564,65.43338376722564,3,A
6318,-61.5957271223901,15.36374454207396,,65.10469852854337,65.10469852854337,3,A
6319,-61.5957271223901,15.363767768043953,,61.09451234159696,61.09451234159696,3,A
6320,-61.5957271223901,15.363790994013948,,65.13183942987449,65.13183942987449,3,A
6321,-61.5957271223901,15.363814219983944,,61.22058349604532,61.22058349604532,3,A
6322,-61.5957271223901,15.36383744595394,,68.21525472345891,68.21525472345891,3,A
6323,-61.5957271223901,15.363860671923934,,58.245677425421384,58.245677425421384,3,A
6324,-61.5957271223901,15.363883897893928,,63.72287810654537,63.72287810654537,3,A
6325,-61.5957271223901,15.363907123863923,,61.40877721433545,61.40877721433545,3,A
6326,-61.5957271223901,15.363930349833918,,61.3593437648128,61.3593437648128,3,A
6327,-61.5957271223901,15.363953575803912,,66.93070726808999,66.93070726808999,3,A
6328,-61.5957271223901,15.363976801773909,,61.77542638357865,61.77542638357865,3,A
6329,-61.5957271223901,15.364000027743904,,60.17640206575138,60.17640206575138,3,A
6330,-61.5957271223901,15.3640232537139,,64.57997167178715,64.57997167178715,3,A
6331,-61.5957271223901,15.364046479683893,,62.583314585844775,62.583314585844775,3,A
6332,-61.5957271223901,15.364069705653888,,64.3808763595081,64.3808763595081,3,A
6333,-61.5957271223901,15.364092931623883,,64.65970062581948,64.65970062581948,3,A
6334,-61.5957271223901,15.364116157593877,,66.91312443075657,66.91312443075657,3,A
6335,-61.5957271223901,15.364139383563874,,68.30584086990287,68.30584086990287,3,A
6336,-61.5957271223901,15.364162609533869,,59.946715756898506,59.946715756898506,3,A
6337,-61.5957271223901,15.364185835503864,,66.64615671006803,66.64615671006803,3,A
6338,-61.5957271223901,15.364209061473858,,63.5887109887499,63.5887109887499,3,A
6339,-61.5957271223901,15.364232287443853,,64.95414847241614,64.95414847241614,3,A
6340,-61.5957271223901,15.364255513413848,,61.87036268938205,61.87036268938205,3,A
6341,-61.5957271223901,15.364278739383842,,67.32438636682086,67.32438636682086,3,A
6342,-61.5957271223901,15.364301965353839,,66.79874849679317,66.79874849679317,3,A
6343,-61.5957271223901,15.364325191323834,,63.000079591429376,63.000079591429376,3,A
6344,-61.5957271223901,15.364348417293826,,66.54454281841534,66.54454281841534,3,A
6345,-61.5957271223901,15.364371643263823,,65.29785584458917,65.29785584458917,3,A
6346,-61.5957271223901,15.364394869233818,,64.05463512054925,64.05463512054925,3,A
6347,-61.5957271223901,15.364418095203813,,59.988386991217695,59.988386991217695,3,A
6348,-61.5957271223901,15.364441321173807,,65.54659562461212,65.54659562461212,3,A
6349,-61.5957271223901,15.364464547143804,,66.15330424752553,66.15330424752553,3,A
6350,-61.59572712239011,15.364487773113797,,63.37724421650593,63.37724421650593,3,A
6351,-61.5957271223901,15.364510999083791,,60.40367075678049,60.40367075678049,3,A
6352,-61.5957271223901,15.364534225053788,,63.097721771156614,63.097721771156614,3,A
6353,-61.5957271223901,15.364557451023783,,66.64362496267186,66.64362496267186,3,A
6354,-61.59572712239011,15.364580676993778,,64.40132553279952,64.40132553279952,3,A
6355,-61.5957271223901,15.364603902963772,,65.21640369171415,65.21640369171415,3,A
6356,-61.5957271223901,15.364627128933769,,62.35689219369769,62.35689219369769,3,A
6357,-61.5957271223901,15.364650354903763,,68.8195197806104,68.8195197806104,3,A
6358,-61.59572712239011,15.364673580873758,,63.63782113243811,63.63782113243811,3,A
6359,-61.5957271223901,15.364696806843753,,63.35022727900741,63.35022727900741,3,A
6360,-61.59572712239011,15.364720032813748,,62.36765642507459,62.36765642507459,3,A
6361,-61.5957271223901,15.364743258783744,,65.41698933714495,65.41698933714495,3,A
6362,-61.5957271223901,15.364766484753737,,64.65353467115823,64.65353467115823,3,A
6363,-61.5957271223901,15.364789710723734,,64.44760197097354,64.44760197097354,3,A
6364,-61.59572712239011,15.364812936693728,,60.29872975643324,60.29872975643324,3,A
6365,-61.5957271223901,15.364836162663721,,65.87117811522648,65.87117811522648,3,A
6366,-61.5957271223901,15.364859388633716,,65.98842650469946,65.98842650469946,3,A
6367,-61.5957271223901,15.364882614603712,,65.36938176232918,65.36938176232918,3,A
6368,-61.59572712239011,15.364905840573709,,66.78345860890828,66.78345860890828,3,A
6369,-61.5957271223901,15.364929066543702,,65.39244346020243,65.39244346020243,3,A
6370,-61.5957271223901,15.364952292513696,,70.66697986380005,70.66697986380005,3,A
6371,-61.5957271223901,15.364975518483693,,61.98245689022018,61.98245689022018,3,A
6372,-61.59572712239011,15.364998744453686,,60.74377938985607,60.74377938985607,3,A
6373,-61.5957271223901,15.365021970423681,,65.69563110182784,65.69563110182784,3,A
6374,-61.5957271223901,15.365045196393677,,65.37747287995774,65.37747287995774,3,A
6375,-61.5957271223901,15.365068422363674,,60.55864657542479,60.55864657542479,3,A
6376,-61.5957271223901,15.365091648333667,,69.24872774979498,69.24872774979498,3,A
6377,-61.5957271223901,15.36511487430366,,63.03333053489101,63.03333053489101,3,A
6378,-61.5957271223901,15.365138100273658,,62.43623686744396,62.43623686744396,3,A
6379,-61.5957271223901,15.365161326243651,,63.71726202467225,63.71726202467225,3,A
6380,-61.5957271223901,15.365184552213647,,69.98667077850811,69.98667077850811,3,A
6381,-61.5957271223901,15.365207778183642,,67.84742408397784,67.84742408397784,3,A
6382,-61.5957271223901,15.365231004153639,,65.1088947838684,65.1088947838684,3,A
6383,-61.5957271223901,15.365254230123632,,60.574214119571224,60.574214119571224,3,A
6384,-61.5957271223901,15.365277456093626,,62.35229327186333,62.35229327186333,3,A
6385,-61.5957271223901,15.365300682063623,,64.25141062401859,64.25141062401859,3,A
6386,-61.5957271223901,15.365323908033616,,64.92330620325346,64.92330620325346,3,A
6387,-61.5957271223901,15.365347134003612,,68.0249129581278,68.0249129581278,3,A
6388,-61.5957271223901,15.365370359973607,,64.47978227832202,64.47978227832202,3,A
6389,-61.5957271223901,15.365393585943604,,68.37007312299849,68.37007312299849,3,A
6390,-61.5957271223901,15.365416811913597,,68.38413216260231,68.38413216260231,3,A
6391,-61.5957271223901,15.365440037883591,,66.81669951135386,66.81669951135386,3,A
6392,-61.5957271223901,15.365463263853588,,65.76188156342633,65.76188156342633,3,A
6393,-61.5957271223901,15.365486489823581,,61.09958443204672,61.09958443204672,3,A
6394,-61.5957271223901,15.365509715793577,,66.48060393742792,66.48060393742792,3,A
6395,-61.5957271223901,15.365532941763572,,64.39208879834007,64.39208879834007,3,A
6396,-61.5957271223901,15.365556167733565,,64.0969047516169,64.0969047516169,3,A
6397,-61.5957271223901,15.365579393703563,,67.21693696815743,67.21693696815743,3,A
6398,-61.5957271223901,15.365602619673556,,64.51177124575405,64.51177124575405,3,A
6399,-61.5957271223901,15.365625845643551,,68.90978336783446,68.90978336783446,3,A
6400,-61.5957271223901,15.365649071613547,,63.027682105184745,63.027682105184745,3,A
6401,-61.5957271223901,15.365672297583542,,63.709579477212365,63.709579477212365,3,A
6402,-61.5957271223901,15.365695523553537,,67.50522478700644,67.50522478700644,3,A
6403,-61.59572712239011,15.36571874952353,,63.716108571170565,63.716108571170565,3,A
6404,-61.5957271223901,15.365741975493526,,64.0612053537021,64.0612053537021,3,A
6405,-61.5957271223901,15.365765201463521,,63.750337976367845,63.750337976367845,3,A
6406,-61.5957271223901,15.365788427433515,,65.90911501218781,65.90911501218781,3,A
6407,-61.59572712239011,15.365811653403512,,63.5283922488089,63.5283922488089,3,A
6408,-61.5957271223901,15.365834879373507,,64.78495491501224,64.78495491501224,3,A
6409,-61.5957271223901,15.365858105343499,,60.69023878201868,60.69023878201868,3,A
6410,-61.5957271223901,15.365881331313496,,63.20371073125162,63.20371073125162,3,A
6411,-61.59572712239011,15.365904557283491,,63.17478964033724,63.17478964033724,3,A
6412,-61.5957271223901,15.365927783253486,,66.04253226850176,66.04253226850176,3,A
6413,-61.5957271223901,15.36595100922348,,65.69962620794169,65.69962620794169,3,A
6414,-61.5957271223901,15.365974235193477,,69.3872462608331,69.3872462608331,3,A
6415,-61.59572712239011,15.365997461163472,,65.12172636942239,65.12172636942239,3,A
6416,-61.5957271223901,15.366020687133464,,70.92414133598413,70.92414133598413,3,A
6417,-61.59572712239011,15.36604391310346,,68.14982616438358,68.14982616438358,3,A
6418,-61.5957271223901,15.366067139073456,,76.77420813273939,76.77420813273939,3,A
6419,-61.5957271223901,15.366090365043451,,67.86940974201214,67.86940974201214,3,A
6420,-61.5957271223901,15.366113591013445,,66.70662224760888,66.70662224760888,3,A
6421,-61.59572712239011,15.366136816983442,,62.31572627061386,62.31572627061386,3,A
6422,-61.5957271223901,15.366160042953435,,76.54196236770616,76.54196236770616,3,A
6423,-61.5957271223901,15.366183268923429,,67.55308150397371,67.55308150397371,3,A
6424,-61.5957271223901,15.366206494893426,,66.30925247081967,66.30925247081967,3,A
6425,-61.59572712239011,15.366229720863421,,69.4531945576134,69.4531945576134,3,A
6426,-61.5957271223901,15.366252946833416,,67.69858548043062,67.69858548043062,3,A
6427,-61.5957271223901,15.36627617280341,,63.759446329658246,63.759446329658246,3,A
6428,-61.5957271223901,15.366299398773407,,68.05501997482263,68.05501997482263,3,A
6429,-61.5957271223901,15.3663226247434,,70.65196428360414,70.65196428360414,3,A
6430,-61.5957271223901,15.366345850713394,,65.18453666339256,65.18453666339256,3,A
6431,-61.5957271223901,15.366369076683391,,68.12642882914888,68.12642882914888,3,A
6432,-61.5957271223901,15.366392302653386,,59.401481454914716,59.401481454914716,3,A
6433,-61.5957271223901,15.366415528623381,,71.88832941644156,71.88832941644156,3,A
6434,-61.5957271223901,15.366438754593375,,64.18445376184634,64.18445376184634,3,A
6435,-61.5957271223901,15.36646198056337,,65.13792194543498,65.13792194543498,3,A
6436,-61.5957271223901,15.366485206533365,,69.53174325186149,69.53174325186149,3,A
6437,-61.5957271223901,15.366508432503359,,63.81430355163474,63.81430355163474,3,A
6438,-61.5957271223901,15.366531658473356,,62.6437797973217,62.6437797973217,3,A
6439,-61.5957271223901,15.366554884443351,,66.11335346976902,66.11335346976902,3,A
6440,-61.5957271223901,15.366578110413347,,65.00429142881453,65.00429142881453,3,A
6441,-61.5957271223901,15.36660133638334,,63.10835027728885,63.10835027728885,3,A
6442,-61.5957271223901,15.366624562353334,,68.93321400454127,68.93321400454127,3,A
6443,-61.5957271223901,15.36664778832333,,66.43046291242362,66.43046291242362,3,A
6444,-61.5957271223901,15.366671014293324,,67.66482626150726,67.66482626150726,3,A
6445,-61.5957271223901,15.36669424026332,,60.98623440045238,60.98623440045238,3,A
6446,-61.5957271223901,15.366717466233315,,66.90933312806638,66.90933312806638,3,A
6447,-61.5957271223901,15.366740692203312,,66.05837999445376,66.05837999445376,3,A
6448,-61.5957271223901,15.366763918173303,,67.7757295183838,67.7757295183838,3,A
6449,-61.5957271223901,15.366787144143299,,68.69910057634976,68.69910057634976,3,A
6450,-61.5957271223901,15.366810370113296,,70.50812554003062,70.50812554003062,3,A
6451,-61.5957271223901,15.36683359608329,,71.49493131067001,71.49493131067001,3,A
6452,-61.5957271223901,15.366856822053284,,66.19328844921925,66.19328844921925,3,A
6453,-61.5957271223901,15.36688004802328,,68.16085337655254,68.16085337655254,3,A
6454,-61.5957271223901,15.366903273993277,,62.24384969949316,62.24384969949316,3,A
6455,-61.5957271223901,15.366926499963268,,65.64131878295395,65.64131878295395,3,A
6456,-61.5957271223901,15.366949725933264,,61.264637199299464,61.264637199299464,3,A
6457,-61.5957271223901,15.36697295190326,,58.10270858090939,58.10270858090939,3,A
6458,-61.595727122390116,15.366996177873256,,69.151733289964,69.151733289964,3,A
6459,-61.5957271223901,15.36701940384325,,67.14965087496124,67.14965087496124,3,A
6460,-61.59572712239011,15.367042629813245,,65.2829548768256,65.2829548768256,3,A
6461,-61.5957271223901,15.367065855783238,,69.90236203148936,69.90236203148936,3,A
6462,-61.5957271223901,15.367089081753234,,63.63135962030432,63.63135962030432,3,A
6463,-61.5957271223901,15.367112307723229,,64.26980320562429,64.26980320562429,3,A
6464,-61.59572712239011,15.367135533693226,,67.75304592494967,67.75304592494967,3,A
6465,-61.5957271223901,15.36715875966322,,67.71927473074558,67.71927473074558,3,A
6466,-61.5957271223901,15.367181985633215,,63.83770362972859,63.83770362972859,3,A
6467,-61.5957271223901,15.36720521160321,,73.42008018735436,73.42008018735436,3,A
6468,-61.59572712239011,15.367228437573203,,64.07341298328328,64.07341298328328,3,A
6469,-61.5957271223901,15.367251663543199,,64.32496511493872,64.32496511493872,3,A
6470,-61.5957271223901,15.367274889513194,,68.57179147130707,68.57179147130707,3,A
6471,-61.5957271223901,15.367298115483191,,66.5605908619424,66.5605908619424,3,A
6472,-61.59572712239011,15.367321341453184,,61.892512189034655,61.892512189034655,3,A
6473,-61.5957271223901,15.36734456742318,,63.15172401316008,63.15172401316008,3,A
6474,-61.5957271223901,15.367367793393173,,60.81188895289982,60.81188895289982,3,A
6475,-61.5957271223901,15.367391019363168,,65.89328161864493,65.89328161864493,3,A
6476,-61.5957271223901,15.367414245333164,,66.34923913408777,66.34923913408777,3,A
6477,-61.5957271223901,15.367437471303159,,65.55428420084425,65.55428420084425,3,A
6478,-61.59572712239011,15.367460697273156,,63.03579163247164,63.03579163247164,3,A
6479,-61.5957271223901,15.36748392324315,,71.2587283239619,71.2587283239619,3,A
6480,-61.5957271223901,15.367507149213145,,64.14320603572808,64.14320603572808,3,A
6481,-61.5957271223901,15.367530375183138,,61.39258082211403,61.39258082211403,3,A
6482,-61.5957271223901,15.367553601153134,,68.95160304281418,68.95160304281418,3,A
6483,-61.5957271223901,15.36757682712313,,64.50101972713972,64.50101972713972,3,A
6484,-61.5957271223901,15.367600053093124,,67.14552224789979,67.14552224789979,3,A
6485,-61.5957271223901,15.36762327906312,,63.023852846014776,63.023852846014776,3,A
6486,-61.5957271223901,15.367646505033115,,65.18275862640215,65.18275862640215,3,A
6487,-61.5957271223901,15.367669731003108,,65.36637879007891,65.36637879007891,3,A
6488,-61.5957271223901,15.367692956973102,,66.151363816138,66.151363816138,3,A
6489,-61.5957271223901,15.367716182943099,,71.384254205987,71.384254205987,3,A
6490,-61.5957271223901,15.367739408913094,,66.91305585269606,66.91305585269606,3,A
6491,-61.5957271223901,15.36776263488309,,70.80976070867669,70.80976070867669,3,A
6492,-61.5957271223901,15.367785860853084,,63.01174899786225,63.01174899786225,3,A
6493,-61.5957271223901,15.36780908682308,,63.785077578570096,63.785077578570096,3,A
6494,-61.5957271223901,15.367832312793073,,72.09174434420437,72.09174434420437,3,A
6495,-61.5957271223901,15.367855538763067,,66.37977363921595,66.37977363921595,3,A
6496,-61.5957271223901,15.367878764733064,,62.13074474071274,62.13074474071274,3,A
6497,-61.5957271223901,15.367901990703059,,62.652523306311465,62.652523306311465,3,A
6498,-61.5957271223901,15.367925216673054,,68.19169686112596,68.19169686112596,3,A
6499,-61.5957271223901,15.367948442643048,,65.82947134277842,65.82947134277842,3,A
6500,-61.5957271223901,15.367971668613043,,67.84171064110875,67.84171064110875,3,A
6501,-61.5957271223901,15.367994894583038,,67.80361798208982,67.80361798208982,3,A
6502,-61.5957271223901,15.368018120553032,,68.85529140886999,68.85529140886999,3,A
6503,-61.5957271223901,15.368041346523029,,67.93097962544054,67.93097962544054,3,A
6504,-61.5957271223901,15.368064572493024,,68.65514171754418,68.65514171754418,3,A
6505,-61.5957271223901,15.36808779846302,,66.48557815155428,66.48557815155428,3,A
6506,-61.5957271223901,15.368111024433013,,75.0453782247486,75.0453782247486,3,A
6507,-61.5957271223901,15.368134250403008,,65.58565975820632,65.58565975820632,3,A
6508,-61.59572712239011,15.368157476373003,,63.602000569344256,63.602000569344256,3,A
6509,-61.5957271223901,15.368180702342997,,70.09450873254535,70.09450873254535,3,A
6510,-61.5957271223901,15.368203928312994,,65.34832633840524,65.34832633840524,3,A
6511,-61.59572712239011,15.36822715428299,,65.4434718252696,65.4434718252696,3,A
6512,-61.5957271223901,15.368250380252984,,65.56431701503841,65.56431701503841,3,A
6513,-61.5957271223901,15.368273606222978,,67.9465442694177,67.9465442694177,3,A
6514,-61.5957271223901,15.368296832192973,,66.83271453631595,66.83271453631595,3,A
6515,-61.59572712239011,15.368320058162968,,70.53962767844868,70.53962767844868,3,A
6516,-61.5957271223901,15.368343284132962,,61.434305742227465,61.434305742227465,3,A
6517,-61.59572712239011,15.368366510102959,,63.81964640608573,63.81964640608573,3,A
6518,-61.5957271223901,15.368389736072954,,64.52511025991969,64.52511025991969,3,A
6519,-61.5957271223901,15.36841296204295,,69.83300110914534,69.83300110914534,3,A
6520,-61.5957271223901,15.368436188012943,,68.84728023030105,68.84728023030105,3,A
6521,-61.59572712239011,15.368459413982938,,68.17742623514087,68.17742623514087,3,A
6522,-61.5957271223901,15.368482639952934,,63.917729219766485,63.917729219766485,3,A
6523,-61.5957271223901,15.368505865922927,,73.85943547098451,73.85943547098451,3,A
6524,-61.5957271223901,15.368529091892922,,71.37527273196326,71.37527273196326,3,A
6525,-61.59572712239011,15.368552317862918,,68.9799585510649,68.9799585510649,3,A
6526,-61.5957271223901,15.368575543832913,,72.80903235468475,72.80903235468475,3,A
6527,-61.5957271223901,15.368598769802906,,62.83516159451161,62.83516159451161,3,A
6528,-61.5957271223901,15.368621995772902,,69.08816783875854,69.08816783875854,3,A
6529,-61.59572712239011,15.368645221742899,,69.52524534498788,69.52524534498788,3,A
6530,-61.5957271223901,15.368668447712892,,63.51057018464704,63.51057018464704,3,A
6531,-61.5957271223901,15.368691673682887,,66.95080173628229,66.95080173628229,3,A
6532,-61.5957271223901,15.368714899652883,,66.93533242697896,66.93533242697896,3,A
6533,-61.59572712239011,15.368738125622878,,66.07327473870349,66.07327473870349,3,A
6534,-61.5957271223901,15.368761351592871,,69.74534318043413,69.74534318043413,3,A
6535,-61.5957271223901,15.368784577562867,,70.18370305995937,70.18370305995937,3,A
6536,-61.5957271223901,15.368807803532864,,64.10915463295362,64.10915463295362,3,A
6537,-61.5957271223901,15.368831029502857,,61.950581088380815,61.950581088380815,3,A
6538,-61.5957271223901,15.368854255472852,,68.06128674160875,68.06128674160875,3,A
6539,-61.5957271223901,15.368877481442848,,64.5344773721474,64.5344773721474,3,A
6540,-61.5957271223901,15.368900707412841,,66.201112815093,66.201112815093,3,A
6541,-61.5957271223901,15.368923933382836,,69.52932638566936,69.52932638566936,3,A
6542,-61.5957271223901,15.368947159352832,,64.24278077118748,64.24278077118748,3,A
6543,-61.5957271223901,15.368970385322829,,66.724955591602,66.724955591602,3,A
6544,-61.5957271223901,15.368993611292822,,66.64537895580216,66.64537895580216,3,A
6545,-61.5957271223901,15.369016837262818,,68.20489313621147,68.20489313621147,3,A
6546,-61.5957271223901,15.369040063232813,,68.76118810638097,68.76118810638097,3,A
6547,-61.5957271223901,15.369063289202806,,69.64707631934701,69.64707631934701,3,A
6548,-61.5957271223901,15.369086515172802,,62.43749164968064,62.43749164968064,3,A
6549,-61.5957271223901,15.369109741142797,,71.446605373186,71.446605373186,3,A
6550,-61.5957271223901,15.369132967112794,,68.96221149068926,68.96221149068926,3,A
6551,-61.5957271223901,15.369156193082787,,70.55624709897921,70.55624709897921,3,A
6552,-61.5957271223901,15.369179419052783,,69.31952269191012,69.31952269191012,3,A
6553,-61.5957271223901,15.369202645022778,,68.67247682095284,68.67247682095284,3,A
6554,-61.5957271223901,15.369225870992771,,71.04036372446404,71.04036372446404,3,A
6555,-61.5957271223901,15.369249096962767,,65.78783462287147,65.78783462287147,3,A
6556,-61.5957271223901,15.369272322932762,,66.2514632324217,66.2514632324217,3,A
6557,-61.5957271223901,15.369295548902759,,64.50717619984519,64.50717619984519,3,A
6558,-61.5957271223901,15.369318774872754,,66.56584328399684,66.56584328399684,3,A
6559,-61.5957271223901,15.369342000842746,,66.47092921396371,66.47092921396371,3,A
6560,-61.59572712239011,15.369365226812743,,70.74303861578467,70.74303861578467,3,A
6561,-61.5957271223901,15.369388452782736,,66.71544470060218,66.71544470060218,3,A
6562,-61.5957271223901,15.36941167875273,,65.34660359872441,65.34660359872441,3,A
6563,-61.5957271223901,15.369434904722727,,66.0755526842479,66.0755526842479,3,A
6564,-61.59572712239011,15.369458130692722,,70.32589224995668,70.32589224995668,3,A
6565,-61.5957271223901,15.369481356662718,,68.33095436852416,68.33095436852416,3,A
6566,-61.5957271223901,15.369504582632711,,67.32197446418591,67.32197446418591,3,A
6567,-61.5957271223901,15.369527808602706,,70.14791080033386,70.14791080033386,3,A
6568,-61.59572712239011,15.369551034572702,,62.8754996634316,62.8754996634316,3,A
6569,-61.5957271223901,15.369574260542695,,72.70753916845622,72.70753916845622,3,A
6570,-61.5957271223901,15.369597486512692,,70.48195091315812,70.48195091315812,3,A
6571,-61.5957271223901,15.369620712482687,,66.58123727580603,66.58123727580603,3,A
6572,-61.59572712239011,15.36964393845268,,70.03507730596932,70.03507730596932,3,A
6573,-61.5957271223901,15.369667164422676,,72.25538391862193,72.25538391862193,3,A
6574,-61.5957271223901,15.36969039039267,,67.39367967311529,67.39367967311529,3,A
6575,-61.5957271223901,15.369713616362667,,67.47850789444291,67.47850789444291,3,A
6576,-61.5957271223901,15.36973684233266,,66.01658136944226,66.01658136944226,3,A
6577,-61.5957271223901,15.369760068302657,,69.95813717821517,69.95813717821517,3,A
6578,-61.59572712239011,15.369783294272652,,70.38447681100457,70.38447681100457,3,A
6579,-61.5957271223901,15.369806520242646,,71.29764767699338,71.29764767699338,3,A
6580,-61.5957271223901,15.369829746212641,,63.86629751863578,63.86629751863578,3,A
6581,-61.5957271223901,15.369852972182635,,64.18442324540085,64.18442324540085,3,A
6582,-61.59572712239011,15.369876198152632,,70.96366361621484,70.96366361621484,3,A
6583,-61.59572712239011,15.369899424122629,,68.9740337624184,68.9740337624184,3,A
6584,-61.5957271223901,15.369922650092622,,71.00730427279964,71.00730427279964,3,A
6585,-61.5957271223901,15.369945876062616,,69.86698235547516,69.86698235547516,3,A
6586,-61.5957271223901,15.369969102032611,,67.42512647650534,67.42512647650534,3,A
6587,-61.5957271223901,15.369992328002606,,67.87343495529657,67.87343495529657,3,A
6588,-61.5957271223901,15.3700155539726,,73.96288920232813,73.96288920232813,3,A
6589,-61.5957271223901,15.370038779942597,,69.70978133051082,69.70978133051082,3,A
6590,-61.5957271223901,15.370062005912592,,69.30249410216815,69.30249410216815,3,A
6591,-61.5957271223901,15.370085231882587,,71.32967198922034,71.32967198922034,3,A
6592,-61.5957271223901,15.37010845785258,,74.80273334893974,74.80273334893974,3,A
6593,-61.5957271223901,15.370131683822576,,68.09526261082512,68.09526261082512,3,A
6594,-61.5957271223901,15.370154909792571,,71.89226497746277,71.89226497746277,3,A
6595,-61.5957271223901,15.370178135762565,,66.2947869484422,66.2947869484422,3,A
6596,-61.5957271223901,15.370201361732562,,67.8985423585927,67.8985423585927,3,A
6597,-61.5957271223901,15.370224587702557,,71.24146196902134,71.24146196902134,3,A
6598,-61.5957271223901,15.370247813672549,,66.42418729332813,66.42418729332813,3,A
6599,-61.5957271223901,15.370271039642546,,70.64824930049306,70.64824930049306,3,A
6600,-61.5957271223901,15.370294265612541,,66.02443402704618,66.02443402704618,3,A
6601,-61.5957271223901,15.370317491582535,,74.6336818047835,74.6336818047835,3,A
6602,-61.5957271223901,15.37034071755253,,66.00816288608993,66.00816288608993,3,A
6603,-61.5957271223901,15.370363943522527,,69.64909567088789,69.64909567088789,3,A
6604,-61.5957271223901,15.37038716949252,,68.35556513803377,68.35556513803377,3,A
6605,-61.5957271223901,15.370410395462514,,68.5326571305397,68.5326571305397,3,A
6606,-61.5957271223901,15.37043362143251,,67.94188779046476,67.94188779046476,3,A
6607,-61.5957271223901,15.370456847402505,,68.62083118035068,68.62083118035068,3,A
6608,-61.59572712239011,15.370480073372502,,68.33481242383934,68.33481242383934,3,A
6609,-61.5957271223901,15.370503299342495,,73.22359135399459,73.22359135399459,3,A
6610,-61.5957271223901,15.370526525312492,,67.75762207679648,67.75762207679648,3,A
6611,-61.5957271223901,15.370549751282486,,72.81426449898014,72.81426449898014,3,A
6612,-61.5957271223901,15.370572977252479,,70.2338286922151,70.2338286922151,3,A
6613,-61.5957271223901,15.370596203222474,,72.50640164472613,72.50640164472613,3,A
6614,-61.5957271223901,15.37061942919247,,66.25682033499771,66.25682033499771,3,A
6615,-61.59572712239011,15.370642655162467,,73.09951438714396,73.09951438714396,3,A
6616,-61.5957271223901,15.37066588113246,,66.27738988670345,66.27738988670345,3,A
6617,-61.59572712239011,15.370689107102457,,71.85468730017674,71.85468730017674,3,A
6618,-61.5957271223901,15.37071233307245,,67.43180439966302,67.43180439966302,3,A
6619,-61.5957271223901,15.370735559042444,,69.43245159236442,69.43245159236442,3,A
6620,-61.5957271223901,15.37075878501244,,72.41917887401682,72.41917887401682,3,A
6621,-61.59572712239011,15.370782010982435,,69.90927113799066,69.90927113799066,3,A
6622,-61.5957271223901,15.370805236952432,,73.38107307057973,73.38107307057973,3,A
6623,-61.5957271223901,15.370828462922425,,72.04155199468241,72.04155199468241,3,A
6624,-61.5957271223901,15.370851688892419,,73.37129006232321,73.37129006232321,3,A
6625,-61.59572712239011,15.370874914862416,,74.35460383606711,74.35460383606711,3,A
6626,-61.5957271223901,15.37089814083241,,69.13389875224934,69.13389875224934,3,A
6627,-61.5957271223901,15.370921366802405,,72.30125202187749,72.30125202187749,3,A
6628,-61.5957271223901,15.3709445927724,,71.5468144026533,71.5468144026533,3,A
6629,-61.59572712239011,15.370967818742397,,74.61496267459631,74.61496267459631,3,A
6630,-61.5957271223901,15.37099104471239,,72.543725207238,72.543725207238,3,A
6631,-61.5957271223901,15.371014270682384,,73.01686765161566,73.01686765161566,3,A
6632,-61.5957271223901,15.37103749665238,,72.74440030493022,72.74440030493022,3,A
6633,-61.595727122390116,15.371060722622376,,74.40107890734349,74.40107890734349,3,A
6634,-61.5957271223901,15.37108394859237,,71.17708143361239,71.17708143361239,3,A
6635,-61.59572712239011,15.371107174562365,,69.30058125190327,69.30058125190327,3,A
6636,-61.5957271223901,15.371130400532362,,66.04777346858731,66.04777346858731,3,A
6637,-61.5957271223901,15.371153626502355,,75.16359839071728,75.16359839071728,3,A
6638,-61.5957271223901,15.371176852472349,,68.38689643567483,68.38689643567483,3,A
6639,-61.5957271223901,15.371200078442346,,65.71708201867736,65.71708201867736,3,A
6640,-61.5957271223901,15.37122330441234,,65.48446704950115,65.48446704950115,3,A
6641,-61.5957271223901,15.371246530382333,,67.31282395127984,67.31282395127984,3,A
6642,-61.5957271223901,15.37126975635233,,64.53464456297898,64.53464456297898,3,A
6643,-61.5957271223901,15.371292982322325,,69.97107996468476,69.97107996468476,3,A
6644,-61.5957271223901,15.371316208292317,,70.02578225006042,70.02578225006042,3,A
6645,-61.5957271223901,15.371339434262314,,69.94089684020496,69.94089684020496,3,A
6646,-61.5957271223901,15.37136266023231,,70.44634374001153,70.44634374001153,3,A
6647,-61.5957271223901,15.371385886202305,,71.98143401482903,71.98143401482903,3,A
6648,-61.5957271223901,15.371409112172298,,71.65378624303807,71.65378624303807,3,A
6649,-61.5957271223901,15.371432338142295,,67.29754227840911,67.29754227840911,3,A
6650,-61.5957271223901,15.371455564112289,,69.18606345088901,69.18606345088901,3,A
6651,-61.5957271223901,15.371478790082282,,72.08940657876585,72.08940657876585,3,A
6652,-61.5957271223901,15.371502016052279,,68.86769974583554,68.86769974583554,3,A
6653,-61.5957271223901,15.371525242022274,,71.16461869927399,71.16461869927399,3,A
6654,-61.5957271223901,15.37154846799227,,59.33958439251453,59.33958439251453,3,A
6655,-61.5957271223901,15.371571693962263,,72.33679748027382,72.33679748027382,3,A
6656,-61.5957271223901,15.37159491993226,,74.59230047756883,74.59230047756883,3,A
6657,-61.5957271223901,15.371618145902254,,68.53517406880167,68.53517406880167,3,A
6658,-61.5957271223901,15.37164137187225,,68.81374357511177,68.81374357511177,3,A
6659,-61.5957271223901,15.371664597842244,,69.39244084736929,69.39244084736929,3,A
6660,-61.5957271223901,15.37168782381224,,70.19300639370614,70.19300639370614,3,A
6661,-61.5957271223901,15.371711049782235,,71.64925375188716,71.64925375188716,3,A
6662,-61.5957271223901,15.371734275752228,,70.03599808673417,70.03599808673417,3,A
6663,-61.5957271223901,15.371757501722225,,68.6416106625163,68.6416106625163,3,A
6664,-61.5957271223901,15.371780727692219,,71.74526007015932,71.74526007015932,3,A
6665,-61.5957271223901,15.371803953662214,,70.11183502883564,70.11183502883564,3,A
6666,-61.5957271223901,15.37182717963221,,75.0376728136453,75.0376728136453,3,A
6667,-61.5957271223901,15.371850405602205,,68.44627175654004,68.44627175654004,3,A
6668,-61.59572712239011,15.3718736315722,,71.43990256202879,71.43990256202879,3,A
6669,-61.5957271223901,15.371896857542193,,71.92501825349814,71.92501825349814,3,A
6670,-61.5957271223901,15.371920083512187,,70.37250596281021,70.37250596281021,3,A
6671,-61.5957271223901,15.371943309482184,,72.20978763063356,72.20978763063356,3,A
6672,-61.59572712239011,15.371966535452179,,71.77733067533218,71.77733067533218,3,A
6673,-61.5957271223901,15.371989761422174,,74.14951869055544,74.14951869055544,3,A
6674,-61.5957271223901,15.372012987392168,,75.03333097572016,75.03333097572016,3,A
6675,-61.5957271223901,15.372036213362165,,70.74188554798516,70.74188554798516,3,A
6676,-61.5957271223901,15.372059439332158,,69.3172852525684,69.3172852525684,3,A
6677,-61.5957271223901,15.372082665302152,,65.34015877811298,65.34015877811298,3,A
6678,-61.59572712239011,15.372105891272149,,66.34171919849143,66.34171919849143,3,A
6679,-61.5957271223901,15.372129117242144,,67.10057360457468,67.10057360457468,3,A
6680,-61.5957271223901,15.372152343212138,,74.92895659777304,74.92895659777304,3,A
6681,-61.5957271223901,15.372175569182133,,79.23000355852383,79.23000355852383,3,A
6682,-61.59572712239011,15.37219879515213,,68.20607558137095,68.20607558137095,3,A
6683,-61.59572712239011,15.372222021122123,,70.0354376913365,70.0354376913365,3,A
6684,-61.5957271223901,15.372245247092117,,70.27263655453787,70.27263655453787,3,A
6685,-61.5957271223901,15.372268473062114,,73.24311714559771,73.24311714559771,3,A
6686,-61.59572712239011,15.372291699032107,,65.60242418987727,65.60242418987727,3,A
6687,-61.5957271223901,15.372314925002103,,69.18389035737562,69.18389035737562,3,A
6688,-61.5957271223901,15.372338150972098,,72.01906635473357,72.01906635473357,3,A
6689,-61.5957271223901,15.372361376942095,,71.88349361684908,71.88349361684908,3,A
6690,-61.59572712239011,15.372384602912089,,72.8520006184087,72.8520006184087,3,A
6691,-61.5957271223901,15.372407828882082,,73.3696609745549,73.3696609745549,3,A
6692,-61.5957271223901,15.372431054852079,,71.11743644453215,71.11743644453215,3,A
6693,-61.5957271223901,15.372454280822073,,66.15867513938531,66.15867513938531,3,A
6694,-61.5957271223901,15.372477506792068,,69.23572919109557,69.23572919109557,3,A
6695,-61.5957271223901,15.372500732762063,,72.42116001646083,72.42116001646083,3,A
6696,-61.5957271223901,15.372523958732057,,68.04416411641621,68.04416411641621,3,A
6697,-61.5957271223901,15.372547184702054,,66.43181216989797,66.43181216989797,3,A
6698,-61.5957271223901,15.372570410672047,,74.13051031930704,74.13051031930704,3,A
6699,-61.5957271223901,15.372593636642042,,71.81988278782778,71.81988278782778,3,A
6700,-61.5957271223901,15.372616862612038,,71.34646236121195,71.34646236121195,3,A
6701,-61.5957271223901,15.372640088582033,,69.86572948414864,69.86572948414864,3,A
6702,-61.5957271223901,15.372663314552028,,75.1951250916668,75.1951250916668,3,A
6703,-61.5957271223901,15.372686540522022,,76.5494423923962,76.5494423923962,3,A
6704,-61.5957271223901,15.372709766492019,,75.24324001523182,75.24324001523182,3,A
6705,-61.5957271223901,15.372732992462012,,71.00277164484923,71.00277164484923,3,A
6706,-61.5957271223901,15.372756218432007,,75.19847127232973,75.19847127232973,3,A
6707,-61.5957271223901,15.372779444402003,,75.9030884205515,75.9030884205515,3,A
6708,-61.59572712239011,15.372802670372,,68.62950381792503,68.62950381792503,3,A
6709,-61.5957271223901,15.372825896341991,,68.69001629642091,68.69001629642091,3,A
6710,-61.5957271223901,15.372849122311987,,68.39634543736462,68.39634543736462,3,A
6711,-61.5957271223901,15.372872348281984,,70.89852031193303,70.89852031193303,3,A
6712,-61.5957271223901,15.372895574251977,,71.52622381335063,71.52622381335063,3,A
6713,-61.5957271223901,15.372918800221973,,70.38059620021092,70.38059620021092,3,A
6714,-61.5957271223901,15.372942026191968,,71.5337873173783,71.5337873173783,3,A
6715,-61.5957271223901,15.372965252161965,,69.8837797117159,69.8837797117159,3,A
6716,-61.5957271223901,15.372988478131957,,66.95702999572055,66.95702999572055,3,A
6717,-61.5957271223901,15.373011704101952,,71.2138142967105,71.2138142967105,3,A
6718,-61.5957271223901,15.373034930071949,,74.02677364820451,74.02677364820451,3,A
6719,-61.5957271223901,15.373058156041942,,76.84360093532135,76.84360093532135,3,A
6720,-61.5957271223901,15.373081382011936,,71.21222625502585,71.21222625502585,3,A
6721,-61.59572712239011,15.373104607981933,,71.59894620187777,71.59894620187777,3,A
6722,-61.5957271223901,15.373127833951926,,74.05719439767783,74.05719439767783,3,A
6723,-61.5957271223901,15.37315105992192,,69.9158111098232,69.9158111098232,3,A
6724,-61.5957271223901,15.373174285891917,,66.99312609898928,66.99312609898928,3,A
6725,-61.59572712239011,15.373197511861912,,75.41014347550397,75.41014347550397,3,A
6726,-61.5957271223901,15.373220737831907,,70.33500645092663,70.33500645092663,3,A
6727,-61.5957271223901,15.373243963801901,,64.99678413492863,64.99678413492863,3,A
6728,-61.5957271223901,15.373267189771898,,73.89885358143677,73.89885358143677,3,A
6729,-61.59572712239011,15.373290415741891,,73.93210405000961,73.93210405000961,3,A
6730,-61.5957271223901,15.373313641711885,,75.36830756980332,75.36830756980332,3,A
6731,-61.5957271223901,15.373336867681882,,74.18239994069653,74.18239994069653,3,A
6732,-61.5957271223901,15.373360093651877,,75.87416087280359,75.87416087280359,3,A
6733,-61.595727122390116,15.373383319621873,,74.8253491688718,74.8253491688718,3,A
6734,-61.5957271223901,15.373406545591866,,74.294410424361,74.294410424361,3,A
6735,-61.59572712239011,15.373429771561861,,73.42788641815994,73.42788641815994,3,A
6736,-61.5957271223901,15.373452997531857,,75.21372509384813,75.21372509384813,3,A
6737,-61.5957271223901,15.37347622350185,,76.88922185880921,76.88922185880921,3,A
6738,-61.5957271223901,15.373499449471847,,69.68966168721732,69.68966168721732,3,A
6739,-61.59572712239011,15.373522675441842,,74.04755438366472,74.04755438366472,3,A
6740,-61.5957271223901,15.373545901411838,,69.32835012831926,69.32835012831926,3,A
6741,-61.5957271223901,15.373569127381831,,71.99912616288636,71.99912616288636,3,A
6742,-61.5957271223901,15.373592353351826,,69.8718308611779,69.8718308611779,3,A
6743,-61.5957271223901,15.373615579321822,,71.14258078399261,71.14258078399261,3,A
6744,-61.5957271223901,15.373638805291815,,71.96283885189557,71.96283885189557,3,A
6745,-61.5957271223901,15.373662031261812,,72.028506579574,72.028506579574,3,A
6746,-61.5957271223901,15.373685257231807,,71.79464506824188,71.79464506824188,3,A
6747,-61.5957271223901,15.373708483201803,,69.8164847143426,69.8164847143426,3,A
6748,-61.5957271223901,15.373731709171796,,73.97956120774627,73.97956120774627,3,A
6749,-61.5957271223901,15.37375493514179,,69.0753209450939,69.0753209450939,3,A
6750,-61.5957271223901,15.373778161111787,,71.0441458984163,71.0441458984163,3,A
6751,-61.5957271223901,15.37380138708178,,70.46595749036004,70.46595749036004,3,A
6752,-61.5957271223901,15.373824613051777,,69.49050103803285,69.49050103803285,3,A
6753,-61.5957271223901,15.373847839021773,,69.24246975585918,69.24246975585918,3,A
6754,-61.5957271223901,15.373871064991768,,76.04924944614467,76.04924944614467,3,A
6755,-61.5957271223901,15.373894290961761,,74.19873484303602,74.19873484303602,3,A
6756,-61.5957271223901,15.373917516931755,,76.0124235749338,76.0124235749338,3,A
6757,-61.5957271223901,15.373940742901752,,69.03057803333016,69.03057803333016,3,A
6758,-61.5957271223901,15.373963968871747,,76.46276936843185,76.46276936843185,3,A
6759,-61.5957271223901,15.373987194841742,,70.9309559470144,70.9309559470144,3,A
6760,-61.5957271223901,15.374010420811736,,72.24562436562867,72.24562436562867,3,A
6761,-61.5957271223901,15.37403364678173,,73.24328713948415,73.24328713948415,3,A
6762,-61.5957271223901,15.374056872751725,,73.35205108787294,73.35205108787294,3,A
6763,-61.5957271223901,15.37408009872172,,70.08511198181675,70.08511198181675,3,A
6764,-61.5957271223901,15.374103324691717,,71.03316748186523,71.03316748186523,3,A
6765,-61.5957271223901,15.37412655066171,,72.942511052029,72.942511052029,3,A
6766,-61.5957271223901,15.374149776631706,,72.3296537516508,72.3296537516508,3,A
6767,-61.5957271223901,15.374173002601701,,74.63378438424672,74.63378438424672,3,A
6768,-61.5957271223901,15.374196228571694,,69.06202873095528,69.06202873095528,3,A
6769,-61.5957271223901,15.37421945454169,,66.84947223482393,66.84947223482393,3,A
6770,-61.5957271223901,15.374242680511685,,68.13964826305956,68.13964826305956,3,A
6771,-61.5957271223901,15.374265906481682,,68.5598399598706,68.5598399598706,3,A
6772,-61.59572712239011,15.374289132451675,,79.51411345926277,79.51411345926277,3,A
6773,-61.5957271223901,15.37431235842167,,71.32515288631403,71.32515288631403,3,A
6774,-61.5957271223901,15.374335584391664,,71.6825073808684,71.6825073808684,3,A
6775,-61.5957271223901,15.37435881036166,,71.09594479679456,71.09594479679456,3,A
6776,-61.5957271223901,15.374382036331655,,69.67917270350829,69.67917270350829,3,A
6777,-61.5957271223901,15.37440526230165,,73.55374688484088,73.55374688484088,3,A
6778,-61.59572712239011,15.374428488271647,,73.50328299041766,73.50328299041766,3,A
6779,-61.5957271223901,15.37445171424164,,70.26008136035446,70.26008136035446,3,A
6780,-61.5957271223901,15.374474940211636,,72.7564346297338,72.7564346297338,3,A
6781,-61.5957271223901,15.37449816618163,,65.81935438336372,65.81935438336372,3,A
6782,-61.59572712239011,15.374521392151625,,75.477646988233,75.477646988233,3,A
6783,-61.59572712239011,15.374544618121622,,80.32453967995626,80.32453967995626,3,A
6784,-61.5957271223901,15.374567844091615,,78.58854098539086,78.58854098539086,3,A
6785,-61.5957271223901,15.374591070061612,,70.78388538550122,70.78388538550122,3,A
6786,-61.59572712239011,15.374614296031606,,74.36044715509968,74.36044715509968,3,A
6787,-61.5957271223901,15.374637522001601,,72.78461074379162,72.78461074379162,3,A
6788,-61.5957271223901,15.374660747971594,,73.2240835651917,73.2240835651917,3,A
6789,-61.5957271223901,15.37468397394159,,74.15456565452506,74.15456565452506,3,A
6790,-61.59572712239011,15.374707199911587,,72.77324908844882,72.77324908844882,3,A
6791,-61.5957271223901,15.37473042588158,,75.900591813786,75.900591813786,3,A
6792,-61.59572712239011,15.374753651851577,,73.2372459475796,73.2372459475796,3,A
6793,-61.5957271223901,15.37477687782157,,75.64717771995655,75.64717771995655,3,A
6794,-61.5957271223901,15.374800103791564,,71.53020618277627,71.53020618277627,3,A
6795,-61.5957271223901,15.37482332976156,,73.45441226574661,73.45441226574661,3,A
6796,-61.5957271223901,15.374846555731555,,77.92819048474401,77.92819048474401,3,A
6797,-61.5957271223901,15.374869781701552,,72.82529720941956,72.82529720941956,3,A
6798,-61.5957271223901,15.374893007671545,,73.57520048040153,73.57520048040153,3,A
6799,-61.5957271223901,15.37491623364154,,73.87532200630197,73.87532200630197,3,A
6800,-61.5957271223901,15.374939459611536,,64.47647351388457,64.47647351388457,3,A
6801,-61.5957271223901,15.37496268558153,,73.76005953521579,73.76005953521579,3,A
6802,-61.5957271223901,15.374985911551523,,65.82500995377683,65.82500995377683,3,A
6803,-61.5957271223901,15.37500913752152,,70.84949325475193,70.84949325475193,3,A
6804,-61.5957271223901,15.375032363491515,,76.79613243550156,76.79613243550156,3,A
6805,-61.5957271223901,15.37505558946151,,79.31606827676325,79.31606827676325,3,A
6806,-61.5957271223901,15.375078815431504,,73.56284349890429,73.56284349890429,3,A
6807,-61.5957271223901,15.3751020414015,,75.45221296753915,75.45221296753915,3,A
6808,-61.59572712239011,15.375125267371494,,74.03360480792398,74.03360480792398,3,A
6809,-61.5957271223901,15.375148493341488,,78.068259600606,78.068259600606,3,A
6810,-61.5957271223901,15.375171719311485,,77.89421541404337,77.89421541404337,3,A
6811,-61.5957271223901,15.37519494528148,,77.34366658150269,77.34366658150269,3,A
6812,-61.5957271223901,15.375218171251475,,73.78677836510248,73.78677836510248,3,A
6813,-61.5957271223901,15.375241397221469,,75.77197714893687,75.77197714893687,3,A
6814,-61.5957271223901,15.375264623191464,,74.80415826855658,74.80415826855658,3,A
6815,-61.5957271223901,15.37528784916146,,67.81884498514079,67.81884498514079,3,A
6816,-61.5957271223901,15.375311075131453,,74.85196323714169,74.85196323714169,3,A
6817,-61.5957271223901,15.37533430110145,,66.45281549040386,66.45281549040386,3,A
6818,-61.5957271223901,15.375357527071445,,71.86787582861554,71.86787582861554,3,A
6819,-61.5957271223901,15.37538075304144,,74.21033907459375,74.21033907459375,3,A
6820,-61.5957271223901,15.375403979011434,,75.5432128589993,75.5432128589993,3,A
6821,-61.5957271223901,15.37542720498143,,76.08670810187341,76.08670810187341,3,A
6822,-61.5957271223901,15.375450430951425,,72.58343910678414,72.58343910678414,3,A
6823,-61.5957271223901,15.375473656921418,,78.15246848828818,78.15246848828818,3,A
6824,-61.5957271223901,15.375496882891415,,79.63438653034625,79.63438653034625,3,A
6825,-61.59572712239011,15.37552010886141,,71.25112684422722,71.25112684422722,3,A
6826,-61.5957271223901,15.375543334831406,,78.69038806731288,78.69038806731288,3,A
6827,-61.5957271223901,15.3755665608014,,71.7759484623464,71.7759484623464,3,A
6828,-61.5957271223901,15.375589786771394,,75.35926082513404,75.35926082513404,3,A
6829,-61.59572712239011,15.37561301274139,,71.65846796555226,71.65846796555226,3,A
6830,-61.5957271223901,15.375636238711383,,71.01210013813797,71.01210013813797,3,A
6831,-61.5957271223901,15.37565946468138,,71.45274636071989,71.45274636071989,3,A
6832,-61.5957271223901,15.375682690651375,,76.46172396537881,76.46172396537881,3,A
6833,-61.595727122390116,15.37570591662137,,71.15169828553843,71.15169828553843,3,A
6834,-61.5957271223901,15.375729142591364,,72.00425405436775,72.00425405436775,3,A
6835,-61.59572712239011,15.37575236856136,,69.96813394014231,69.96813394014231,3,A
6836,-61.5957271223901,15.375775594531355,,73.33817179234858,73.33817179234858,3,A
6837,-61.5957271223901,15.375798820501348,,74.83286353131564,74.83286353131564,3,A
6838,-61.5957271223901,15.375822046471345,,71.83365254419164,71.83365254419164,3,A
6839,-61.59572712239011,15.375845272441339,,68.38614952460989,68.38614952460989,3,A
6840,-61.5957271223901,15.375868498411332,,75.80471018633656,75.80471018633656,3,A
6841,-61.5957271223901,15.375891724381328,,76.64103441830534,76.64103441830534,3,A
6842,-61.5957271223901,15.375914950351323,,74.77680214883068,74.77680214883068,3,A
6843,-61.59572712239011,15.37593817632132,,72.68723744755896,72.68723744755896,3,A
6844,-61.5957271223901,15.375961402291313,,69.22745554152986,69.22745554152986,3,A
6845,-61.5957271223901,15.375984628261309,,73.31586446918533,73.31586446918533,3,A
6846,-61.5957271223901,15.376007854231304,,72.10216542703677,72.10216542703677,3,A
6847,-61.59572712239011,15.376031080201297,,74.36733341735747,74.36733341735747,3,A
6848,-61.5957271223901,15.376054306171293,,74.63500928846726,74.63500928846726,3,A
6849,-61.5957271223901,15.376077532141288,,83.15919686833793,83.15919686833793,3,A
6850,-61.5957271223901,15.376100758111285,,70.14114516926585,70.14114516926585,3,A
6851,-61.5957271223901,15.376123984081278,,76.31288436700832,76.31288436700832,3,A
6852,-61.5957271223901,15.376147210051274,,75.49972618166578,75.49972618166578,3,A
6853,-61.5957271223901,15.376170436021269,,74.69203859597019,74.69203859597019,3,A
6854,-61.5957271223901,15.376193661991262,,79.32591697341134,79.32591697341134,3,A
6855,-61.5957271223901,15.376216887961258,,71.19429919042136,71.19429919042136,3,A
6856,-61.5957271223901,15.376240113931253,,73.52040687210594,73.52040687210594,3,A
6857,-61.5957271223901,15.37626333990125,,69.90275122434707,69.90275122434707,3,A
6858,-61.5957271223901,15.376286565871245,,75.2910300282392,75.2910300282392,3,A
6859,-61.5957271223901,15.376309791841237,,81.0572507517886,81.0572507517886,3,A
6860,-61.5957271223901,15.376333017811234,,73.31948395769987,73.31948395769987,3,A
6861,-61.5957271223901,15.376356243781228,,65.74226471179917,65.74226471179917,3,A
6862,-61.5957271223901,15.376379469751223,,74.59543450088385,74.59543450088385,3,A
6863,-61.5957271223901,15.376402695721218,,72.337991365309,72.337991365309,3,A
6864,-61.5957271223901,15.376425921691215,,69.33829823094536,69.33829823094536,3,A
6865,-61.5957271223901,15.376449147661209,,73.674046620266,73.674046620266,3,A
6866,-61.5957271223901,15.376472373631202,,76.34325744857709,76.34325744857709,3,A
6867,-61.5957271223901,15.3764955996012,,78.49311568949214,78.49311568949214,3,A
6868,-61.5957271223901,15.376518825571193,,74.04676182981439,74.04676182981439,3,A
6869,-61.5957271223901,15.376542051541188,,74.38531562104798,74.38531562104798,3,A
6870,-61.5957271223901,15.376565277511183,,77.56911654620579,77.56911654620579,3,A
6871,-61.5957271223901,15.37658850348118,,74.87616332780438,74.87616332780438,3,A
6872,-61.5957271223901,15.376611729451174,,73.20421257752601,73.20421257752601,3,A
6873,-61.5957271223901,15.376634955421167,,72.00353557858728,72.00353557858728,3,A
6874,-61.5957271223901,15.376658181391162,,71.54039081793354,71.54039081793354,3,A
6875,-61.5957271223901,15.376681407361158,,77.23418273938427,77.23418273938427,3,A
6876,-61.5957271223901,15.376704633331153,,74.73977386728521,74.73977386728521,3,A
6877,-61.5957271223901,15.376727859301148,,71.75168797146661,71.75168797146661,3,A
6878,-61.59572712239011,15.376751085271144,,72.67314883757,72.67314883757,3,A
6879,-61.5957271223901,15.376774311241137,,70.75435634414853,70.75435634414853,3,A
6880,-61.5957271223901,15.376797537211132,,75.19666276909402,75.19666276909402,3,A
6881,-61.5957271223901,15.376820763181126,,73.95248096117024,73.95248096117024,3,A
6882,-61.59572712239011,15.376843989151123,,74.81505253072092,74.81505253072092,3,A
6883,-61.59572712239011,15.37686721512112,,76.21471913163725,76.21471913163725,3,A
6884,-61.5957271223901,15.376890441091113,,72.08646441700971,72.08646441700971,3,A
6885,-61.5957271223901,15.376913667061107,,72.60198519283755,72.60198519283755,3,A
6886,-61.59572712239011,15.376936893031102,,78.88814151958879,78.88814151958879,3,A
6887,-61.5957271223901,15.376960119001097,,79.52715627034924,79.52715627034924,3,A
6888,-61.5957271223901,15.37698334497109,,80.45446973305317,80.45446973305317,3,A
6889,-61.5957271223901,15.377006570941088,,74.86494292157373,74.86494292157373,3,A
6890,-61.59572712239011,15.377029796911083,,73.65811239140054,73.65811239140054,3,A
6891,-61.5957271223901,15.377053022881078,,74.11355998061168,74.11355998061168,3,A
6892,-61.59572712239011,15.377076248851072,,74.9487559419022,74.9487559419022,3,A
6893,-61.5957271223901,15.377099474821067,,79.84425092738019,79.84425092738019,3,A
6894,-61.5957271223901,15.377122700791062,,73.24482811218542,73.24482811218542,3,A
6895,-61.5957271223901,15.377145926761056,,70.78296495230988,70.78296495230988,3,A
6896,-61.59572712239011,15.377169152731053,,74.91272649520145,74.91272649520145,3,A
6897,-61.5957271223901,15.377192378701048,,73.5960427469484,73.5960427469484,3,A
6898,-61.5957271223901,15.377215604671044,,70.13859567302399,70.13859567302399,3,A
6899,-61.5957271223901,15.377238830641037,,70.19497236061652,70.19497236061652,3,A
6900,-61.59572712239011,15.377262056611032,,71.9408857943177,71.9408857943177,3,A
6901,-61.5957271223901,15.377285282581028,,69.23876613510302,69.23876613510302,3,A
6902,-61.5957271223901,15.377308508551021,,77.36775699201483,77.36775699201483,3,A
6903,-61.5957271223901,15.377331734521018,,72.75269083577987,72.75269083577987,3,A
6904,-61.5957271223901,15.377354960491013,,76.46214809130464,76.46214809130464,3,A
6905,-61.5957271223901,15.377378186461005,,72.21989656831198,72.21989656831198,3,A
6906,-61.5957271223901,15.377401412431002,,72.67977595234443,72.67977595234443,3,A
6907,-61.5957271223901,15.377424638400997,,77.37517954383583,77.37517954383583,3,A
6908,-61.59572712239011,15.377447864370993,,77.90899619108205,77.90899619108205,3,A
6909,-61.5957271223901,15.377471090340986,,74.07515412798192,74.07515412798192,3,A
6910,-61.5957271223901,15.377494316310983,,76.16642832327442,76.16642832327442,3,A
6911,-61.5957271223901,15.377517542280977,,81.86067623144002,81.86067623144002,3,A
6912,-61.5957271223901,15.37754076825097,,78.08920196171563,78.08920196171563,3,A
6913,-61.5957271223901,15.377563994220967,,76.13519490332183,76.13519490332183,3,A
6914,-61.5957271223901,15.377587220190962,,76.55634794226263,76.55634794226263,3,A
6915,-61.5957271223901,15.377610446160958,,80.85485959316462,80.85485959316462,3,A
6916,-61.5957271223901,15.377633672130951,,71.01006045122155,71.01006045122155,3,A
6917,-61.5957271223901,15.377656898100948,,78.48481655314542,78.48481655314542,3,A
6918,-61.5957271223901,15.377680124070942,,72.14894842924055,72.14894842924055,3,A
6919,-61.5957271223901,15.377703350040935,,75.37357099079972,75.37357099079972,3,A
6920,-61.5957271223901,15.37772657601093,,73.30799331451382,73.30799331451382,3,A
6921,-61.5957271223901,15.377749801980926,,74.16120852207688,74.16120852207688,3,A
6922,-61.5957271223901,15.377773027950923,,70.26304930303219,70.26304930303219,3,A
6923,-61.5957271223901,15.377796253920916,,79.14854943276396,79.14854943276396,3,A
6924,-61.5957271223901,15.377819479890912,,75.8633994672375,75.8633994672375,3,A
6925,-61.5957271223901,15.377842705860907,,75.51742589405006,75.51742589405006,3,A
6926,-61.5957271223901,15.3778659318309,,74.12678469254709,74.12678469254709,3,A
6927,-61.5957271223901,15.377889157800896,,78.56530200890606,78.56530200890606,3,A
6928,-61.5957271223901,15.37791238377089,,79.88716256772268,79.88716256772268,3,A
6929,-61.5957271223901,15.377935609740888,,80.49417033996585,80.49417033996585,3,A
6930,-61.5957271223901,15.377958835710881,,80.1026236142311,80.1026236142311,3,A
6931,-61.5957271223901,15.377982061680875,,76.17319736646726,76.17319736646726,3,A
6932,-61.5957271223901,15.378005287650872,,75.80659183645861,75.80659183645861,3,A
6933,-61.595727122390116,15.378028513620867,,77.5141076917055,77.5141076917055,3,A
6934,-61.5957271223901,15.37805173959086,,78.19713114730244,78.19713114730244,3,A
6935,-61.59572712239011,15.378074965560856,,83.22325278985856,83.22325278985856,3,A
6936,-61.5957271223901,15.378098191530853,,73.77378691250527,73.77378691250527,3,A
6937,-61.5957271223901,15.378121417500846,,77.08398378119936,77.08398378119936,3,A
6938,-61.5957271223901,15.37814464347084,,75.52729941537692,75.52729941537692,3,A
6939,-61.59572712239011,15.378167869440837,,75.45111473426928,75.45111473426928,3,A
6940,-61.5957271223901,15.37819109541083,,76.69958292615017,76.69958292615017,3,A
6941,-61.5957271223901,15.378214321380826,,76.10836971475425,76.10836971475425,3,A
6942,-61.5957271223901,15.378237547350821,,75.5269317288623,75.5269317288623,3,A
6943,-61.59572712239011,15.378260773320818,,78.48368435857034,78.48368435857034,3,A
6944,-61.5957271223901,15.37828399929081,,77.56208466106736,77.56208466106736,3,A
6945,-61.5957271223901,15.378307225260805,,77.05400581910328,77.05400581910328,3,A
6946,-61.5957271223901,15.378330451230802,,77.88582735914197,77.88582735914197,3,A
6947,-61.59572712239011,15.378353677200796,,73.14242628813813,73.14242628813813,3,A
6948,-61.5957271223901,15.37837690317079,,79.46232023802968,79.46232023802968,3,A
6949,-61.5957271223901,15.378400129140786,,73.02970284585788,73.02970284585788,3,A
6950,-61.5957271223901,15.378423355110783,,76.64088431831792,76.64088431831792,3,A
6951,-61.5957271223901,15.378446581080775,,70.7757593562701,70.7757593562701,3,A
6952,-61.5957271223901,15.37846980705077,,73.45826643741083,73.45826643741083,3,A
6953,-61.59572712239011,15.378493033020767,,77.55250063331438,77.55250063331438,3,A
6954,-61.5957271223901,15.37851625899076,,73.7205762169558,73.7205762169558,3,A
6955,-61.5957271223901,15.378539484960756,,76.43008263212225,76.43008263212225,3,A
6956,-61.5957271223901,15.378562710930751,,72.9130996714564,72.9130996714564,3,A
6957,-61.5957271223901,15.378585936900745,,80.13332262924122,80.13332262924122,3,A
6958,-61.5957271223901,15.378609162870738,,76.931110926025,76.931110926025,3,A
6959,-61.5957271223901,15.378632388840735,,82.40165495046426,82.40165495046426,3,A
6960,-61.5957271223901,15.37865561481073,,76.3566660449022,76.3566660449022,3,A
6961,-61.5957271223901,15.378678840780726,,76.64204285866077,76.64204285866077,3,A
6962,-61.5957271223901,15.37870206675072,,79.6902515130832,79.6902515130832,3,A
6963,-61.5957271223901,15.378725292720716,,80.01497468417868,80.01497468417868,3,A
6964,-61.5957271223901,15.37874851869071,,71.50539446963005,71.50539446963005,3,A
6965,-61.5957271223901,15.378771744660705,,77.00468090998717,77.00468090998717,3,A
6966,-61.5957271223901,15.3787949706307,,77.28739068534915,77.28739068534915,3,A
6967,-61.5957271223901,15.378818196600696,,68.72829854703147,68.72829854703147,3,A
6968,-61.5957271223901,15.37884142257069,,78.04498934148634,78.04498934148634,3,A
6969,-61.5957271223901,15.378864648540684,,75.84050845598732,75.84050845598732,3,A
6970,-61.5957271223901,15.378887874510678,,77.54061713524872,77.54061713524872,3,A
6971,-61.5957271223901,15.378911100480675,,70.28885585286581,70.28885585286581,3,A
6972,-61.5957271223901,15.37893432645067,,77.52148328863458,77.52148328863458,3,A
6973,-61.5957271223901,15.378957552420665,,80.68289903611354,80.68289903611354,3,A
6974,-61.5957271223901,15.378980778390659,,80.82148972886738,80.82148972886738,3,A
6975,-61.5957271223901,15.379004004360656,,79.60451898745839,79.60451898745839,3,A
6976,-61.5957271223901,15.37902723033065,,79.34505930956385,79.34505930956385,3,A
6977,-61.5957271223901,15.379050456300643,,76.79056531023929,76.79056531023929,3,A
6978,-61.5957271223901,15.37907368227064,,80.57650792690598,80.57650792690598,3,A
6979,-61.5957271223901,15.379096908240635,,76.69010523160044,76.69010523160044,3,A
6980,-61.5957271223901,15.37912013421063,,80.91170790623195,80.91170790623195,3,A
6981,-61.5957271223901,15.379143360180624,,82.02041871901211,82.02041871901211,3,A
6982,-61.5957271223901,15.379166586150621,,75.9557934924342,75.9557934924342,3,A
6983,-61.5957271223901,15.379189812120615,,82.8434051431226,82.8434051431226,3,A
6984,-61.5957271223901,15.379213038090608,,78.80125794106509,78.80125794106509,3,A
6985,-61.5957271223901,15.379236264060605,,80.37029375364335,80.37029375364335,3,A
6986,-61.59572712239011,15.3792594900306,,81.44235933513177,81.44235933513177,3,A
6987,-61.5957271223901,15.379282716000596,,74.3571435205282,74.3571435205282,3,A
6988,-61.5957271223901,15.379305941970589,,76.09215044626252,76.09215044626252,3,A
6989,-61.5957271223901,15.379329167940586,,82.5312496662466,82.5312496662466,3,A
6990,-61.59572712239011,15.37935239391058,,76.04025927134954,76.04025927134954,3,A
6991,-61.5957271223901,15.379375619880573,,75.80991969999079,75.80991969999079,3,A
6992,-61.59572712239011,15.37939884585057,,75.04648362705566,75.04648362705566,3,A
6993,-61.5957271223901,15.379422071820565,,78.62548868429897,78.62548868429897,3,A
6994,-61.5957271223901,15.37944529779056,,78.72046256251471,78.72046256251471,3,A
6995,-61.5957271223901,15.379468523760554,,74.66766362360595,74.66766362360595,3,A
6996,-61.59572712239011,15.379491749730548,,74.2618848366154,74.2618848366154,3,A
6997,-61.5957271223901,15.379514975700545,,76.79988205314045,76.79988205314045,3,A
6998,-61.5957271223901,15.379538201670538,,76.98068210957014,76.98068210957014,3,A
6999,-61.5957271223901,15.379561427640533,,79.37365619573626,79.37365619573626,3,A
7000,-61.59572712239011,15.379584653610529,,78.60129125963508,78.60129125963508,3,A
7001,-61.5957271223901,15.379607879580524,,76.38136167804447,76.38136167804447,3,A
7002,-61.5957271223901,15.37963110555052,,76.51532141395343,76.51532141395343,3,A
7003,-61.5957271223901,15.379654331520513,,74.08923678834303,74.08923678834303,3,A
7004,-61.59572712239011,15.37967755749051,,78.90976808009711,78.90976808009711,3,A
7005,-61.5957271223901,15.379700783460503,,77.61055056099072,77.61055056099072,3,A
7006,-61.5957271223901,15.379724009430499,,68.78394871818294,68.78394871818294,3,A
7007,-61.5957271223901,15.379747235400494,,77.59301843084852,77.59301843084852,3,A
7008,-61.5957271223901,15.379770461370489,,79.78682733357641,79.78682733357641,3,A
7009,-61.5957271223901,15.379793687340483,,76.77445947986877,76.77445947986877,3,A
7010,-61.5957271223901,15.379816913310478,,79.74961602794957,79.74961602794957,3,A
7011,-61.5957271223901,15.379840139280475,,74.04271575733024,74.04271575733024,3,A
7012,-61.5957271223901,15.379863365250468,,78.70159645329875,78.70159645329875,3,A
7013,-61.5957271223901,15.379886591220464,,74.7742020818864,74.7742020818864,3,A
7014,-61.5957271223901,15.379909817190459,,76.39408240225015,76.39408240225015,3,A
7015,-61.5957271223901,15.379933043160456,,76.412032259672,76.412032259672,3,A
7016,-61.5957271223901,15.379956269130448,,82.10433739613704,82.10433739613704,3,A
7017,-61.5957271223901,15.379979495100443,,77.97564928752317,77.97564928752317,3,A
7018,-61.5957271223901,15.38000272107044,,78.22540768132615,78.22540768132615,3,A
7019,-61.5957271223901,15.380025947040433,,71.72172686057925,71.72172686057925,3,A
7020,-61.5957271223901,15.380049173010429,,75.7964712447483,75.7964712447483,3,A
7021,-61.5957271223901,15.380072398980424,,77.24100777916158,77.24100777916158,3,A
7022,-61.5957271223901,15.380095624950417,,79.42444832288638,79.42444832288638,3,A
7023,-61.5957271223901,15.380118850920413,,75.43110424715479,75.43110424715479,3,A
7024,-61.5957271223901,15.380142076890408,,80.4804184324336,80.4804184324336,3,A
7025,-61.5957271223901,15.380165302860405,,75.99560281048888,75.99560281048888,3,A
7026,-61.5957271223901,15.380188528830399,,74.59951700863782,74.59951700863782,3,A
7027,-61.5957271223901,15.380211754800394,,78.37971381981909,78.37971381981909,3,A
7028,-61.5957271223901,15.380234980770389,,72.96884297466751,72.96884297466751,3,A
7029,-61.5957271223901,15.380258206740383,,75.33963540785719,75.33963540785719,3,A
7030,-61.5957271223901,15.380281432710378,,74.56082936205785,74.56082936205785,3,A
7031,-61.5957271223901,15.380304658680373,,76.62221068906288,76.62221068906288,3,A
7032,-61.5957271223901,15.38032788465037,,78.52102306084048,78.52102306084048,3,A
7033,-61.5957271223901,15.380351110620364,,77.30228975268794,77.30228975268794,3,A
7034,-61.5957271223901,15.380374336590359,,69.7612996655864,69.7612996655864,3,A
7035,-61.59572712239011,15.380397562560352,,74.40265031883074,74.40265031883074,3,A
7036,-61.5957271223901,15.380420788530348,,77.30625323809473,77.30625323809473,3,A
7037,-61.5957271223901,15.380444014500341,,80.83088043457744,80.83088043457744,3,A
7038,-61.5957271223901,15.380467240470338,,83.0730756852853,83.0730756852853,3,A
7039,-61.59572712239011,15.380490466440333,,74.01012037314227,74.01012037314227,3,A
7040,-61.5957271223901,15.380513692410329,,80.52825757127972,80.52825757127972,3,A
7041,-61.5957271223901,15.380536918380322,,79.88153497216044,79.88153497216044,3,A
7042,-61.5957271223901,15.380560144350317,,74.16205440153124,74.16205440153124,3,A
7043,-61.59572712239011,15.380583370320313,,79.91008392317686,79.91008392317686,3,A
7044,-61.5957271223901,15.380606596290306,,76.28312778046526,76.28312778046526,3,A
7045,-61.5957271223901,15.380629822260303,,75.93598198646222,75.93598198646222,3,A
7046,-61.5957271223901,15.380653048230299,,73.72123503338648,73.72123503338648,3,A
7047,-61.59572712239011,15.380676274200294,,74.02134377471751,74.02134377471751,3,A
7048,-61.5957271223901,15.380699500170287,,78.90879915862074,78.90879915862074,3,A
7049,-61.5957271223901,15.38072272614028,,83.59868361217923,83.59868361217923,3,A
7050,-61.5957271223901,15.380745952110278,,77.92747595742487,77.92747595742487,3,A
7051,-61.5957271223901,15.380769178080271,,75.52165790398571,75.52165790398571,3,A
7052,-61.5957271223901,15.380792404050268,,73.9256014040109,73.9256014040109,3,A
7053,-61.59572712239011,15.380815630020264,,83.60745512366015,83.60745512366015,3,A
7054,-61.5957271223901,15.380838855990259,,75.654287730671,75.654287730671,3,A
7055,-61.5957271223901,15.380862081960252,,77.58583839717221,77.58583839717221,3,A
7056,-61.5957271223901,15.380885307930246,,77.2594297764751,77.2594297764751,3,A
7057,-61.59572712239011,15.380908533900243,,77.13203923805702,77.13203923805702,3,A
7058,-61.5957271223901,15.380931759870236,,75.93758724128593,75.93758724128593,3,A
7059,-61.5957271223901,15.380954985840233,,71.45459640898089,71.45459640898089,3,A
7060,-61.5957271223901,15.380978211810229,,76.16569886098947,76.16569886098947,3,A
7061,-61.5957271223901,15.381001437780222,,76.70406793605567,76.70406793605567,3,A
7062,-61.5957271223901,15.381024663750217,,78.07840649797313,78.07840649797313,3,A
7063,-61.5957271223901,15.381047889720211,,75.56093629216886,75.56093629216886,3,A
7064,-61.5957271223901,15.381071115690208,,74.75738272975559,74.75738272975559,3,A
7065,-61.5957271223901,15.381094341660203,,76.38933510358778,76.38933510358778,3,A
7066,-61.5957271223901,15.381117567630199,,81.57071678758597,81.57071678758597,3,A
7067,-61.5957271223901,15.381140793600194,,78.34213313950465,78.34213313950465,3,A
7068,-61.5957271223901,15.381164019570187,,81.71411169738242,81.71411169738242,3,A
7069,-61.5957271223901,15.381187245540183,,76.54690918457904,76.54690918457904,3,A
7070,-61.5957271223901,15.381210471510176,,78.22942341313036,78.22942341313036,3,A
7071,-61.5957271223901,15.381233697480173,,79.71001078183383,79.71001078183383,3,A
7072,-61.5957271223901,15.381256923450168,,76.6261778965642,76.6261778965642,3,A
7073,-61.5957271223901,15.381280149420164,,79.08865637570622,79.08865637570622,3,A
7074,-61.5957271223901,15.381303375390157,,72.51690909682715,72.51690909682715,3,A
7075,-61.5957271223901,15.381326601360152,,78.76423298573971,78.76423298573971,3,A
7076,-61.5957271223901,15.381349827330146,,81.54253563412436,81.54253563412436,3,A
7077,-61.5957271223901,15.381373053300141,,74.75717400648541,74.75717400648541,3,A
7078,-61.5957271223901,15.381396279270138,,74.85279261733872,74.85279261733872,3,A
7079,-61.5957271223901,15.381419505240132,,70.86817671078711,70.86817671078711,3,A
7080,-61.5957271223901,15.381442731210127,,74.93874570498194,74.93874570498194,3,A
7081,-61.5957271223901,15.38146595718012,,77.2496226554706,77.2496226554706,3,A
7082,-61.5957271223901,15.381489183150116,,82.67648294879247,82.67648294879247,3,A
7083,-61.5957271223901,15.381512409120111,,72.54342763265062,72.54342763265062,3,A
7084,-61.5957271223901,15.381535635090106,,76.88978770574256,76.88978770574256,3,A
7085,-61.5957271223901,15.381558861060103,,82.05006438345471,82.05006438345471,3,A
7086,-61.5957271223901,15.381582087030097,,78.6831848249796,78.6831848249796,3,A
7087,-61.5957271223901,15.381605313000092,,79.21187568857337,79.21187568857337,3,A
7088,-61.5957271223901,15.381628538970086,,84.22773721210345,84.22773721210345,3,A
7089,-61.5957271223901,15.38165176494008,,80.10155478751537,80.10155478751537,3,A
7090,-61.59572712239011,15.381674990910078,,77.83887834720318,77.83887834720318,3,A
7091,-61.5957271223901,15.381698216880071,,79.2777106168114,79.2777106168114,3,A
7092,-61.59572712239011,15.381721442850068,,79.10027515267635,79.10027515267635,3,A
7093,-61.5957271223901,15.381744668820062,,82.80914173219635,82.80914173219635,3,A
7094,-61.5957271223901,15.381767894790055,,77.20417201752453,77.20417201752453,3,A
7095,-61.5957271223901,15.38179112076005,,76.58801714974487,76.58801714974487,3,A
7096,-61.59572712239011,15.381814346730046,,72.670275812567,72.670275812567,3,A
7097,-61.5957271223901,15.381837572700043,,85.00384959157735,85.00384959157735,3,A
7098,-61.5957271223901,15.381860798670036,,79.06963848378464,79.06963848378464,3,A
7099,-61.5957271223901,15.381884024640032,,82.70316920274166,82.70316920274166,3,A
7100,-61.59572712239011,15.381907250610027,,80.5178442632617,80.5178442632617,3,A
7101,-61.5957271223901,15.38193047658002,,82.82730544296088,82.82730544296088,3,A
7102,-61.5957271223901,15.381953702550016,,80.60989297773217,80.60989297773217,3,A
7103,-61.5957271223901,15.381976928520011,,76.51403089172804,76.51403089172804,3,A
7104,-61.59572712239011,15.382000154490008,,86.10400777450675,86.10400777450675,3,A
7105,-61.5957271223901,15.382023380460002,,80.97058483264794,80.97058483264794,3,A
7106,-61.5957271223901,15.382046606429997,,77.97760005473849,77.97760005473849,3,A
7107,-61.5957271223901,15.382069832399992,,74.29748875889481,74.29748875889481,3,A
7108,-61.5957271223901,15.382093058369986,,79.88642543440835,79.88642543440835,3,A
7109,-61.5957271223901,15.38211628433998,,77.125303012608,77.125303012608,3,A
7110,-61.59572712239011,15.382139510309976,,81.30399829707267,81.30399829707267,3,A
7111,-61.5957271223901,15.382162736279973,,81.39357754745977,81.39357754745977,3,A
7112,-61.5957271223901,15.382185962249967,,81.50108614862091,81.50108614862091,3,A
7113,-61.5957271223901,15.382209188219962,,72.59411432963695,72.59411432963695,3,A
7114,-61.5957271223901,15.382232414189957,,82.01976271280611,82.01976271280611,3,A
7115,-61.5957271223901,15.38225564015995,,77.48469433947126,77.48469433947126,3,A
7116,-61.5957271223901,15.382278866129944,,80.1907676531381,80.1907676531381,3,A
7117,-61.5957271223901,15.382302092099941,,73.90731982804559,73.90731982804559,3,A
7118,-61.5957271223901,15.382325318069936,,79.10429417136275,79.10429417136275,3,A
7119,-61.5957271223901,15.382348544039932,,75.03389263968158,75.03389263968158,3,A
7120,-61.5957271223901,15.382371770009925,,75.3000867476617,75.3000867476617,3,A
7121,-61.5957271223901,15.38239499597992,,77.56738908419972,77.56738908419972,3,A
7122,-61.5957271223901,15.382418221949916,,83.37002212591705,83.37002212591705,3,A
7123,-61.5957271223901,15.38244144791991,,75.69534356332703,75.69534356332703,3,A
7124,-61.5957271223901,15.382464673889906,,76.91795677403096,76.91795677403096,3,A
7125,-61.5957271223901,15.382487899859902,,86.25191587372757,86.25191587372757,3,A
7126,-61.5957271223901,15.382511125829897,,78.69358591277023,78.69358591277023,3,A
7127,-61.5957271223901,15.38253435179989,,78.15694852291757,78.15694852291757,3,A
7128,-61.5957271223901,15.382557577769886,,77.97022950970829,77.97022950970829,3,A
7129,-61.5957271223901,15.38258080373988,,76.86644430150447,76.86644430150447,3,A
7130,-61.5957271223901,15.382604029709874,,81.43427090249759,81.43427090249759,3,A
7131,-61.5957271223901,15.382627255679871,,84.24047439529028,84.24047439529028,3,A
7132,-61.5957271223901,15.382650481649867,,84.40518356679064,84.40518356679064,3,A
7133,-61.5957271223901,15.382673707619858,,74.59122345747016,74.59122345747016,3,A
7134,-61.5957271223901,15.382696933589855,,81.79891688538036,81.79891688538036,3,A
7135,-61.5957271223901,15.38272015955985,,78.20059392722195,78.20059392722195,3,A
7136,-61.5957271223901,15.382743385529846,,80.8221833811905,80.8221833811905,3,A
7137,-61.5957271223901,15.38276661149984,,79.78598667762729,79.78598667762729,3,A
7138,-61.5957271223901,15.382789837469836,,79.21039211544465,79.21039211544465,3,A
7139,-61.5957271223901,15.382813063439832,,77.58530380494211,77.58530380494211,3,A
7140,-61.5957271223901,15.382836289409825,,78.68290233070977,78.68290233070977,3,A
7141,-61.5957271223901,15.38285951537982,,79.25530178485953,79.25530178485953,3,A
7142,-61.5957271223901,15.382882741349816,,79.21973314814889,79.21973314814889,3,A
7143,-61.59572712239011,15.382905967319811,,85.5998321549774,85.5998321549774,3,A
7144,-61.5957271223901,15.382929193289804,,80.30968337681676,80.30968337681676,3,A
7145,-61.5957271223901,15.382952419259802,,79.95100130115804,79.95100130115804,3,A
7146,-61.5957271223901,15.382975645229795,,81.23784109695913,81.23784109695913,3,A
7147,-61.59572712239011,15.38299887119979,,79.67825143816036,79.67825143816036,3,A
7148,-61.5957271223901,15.383022097169786,,75.79131015752114,75.79131015752114,3,A
7149,-61.59572712239011,15.38304532313978,,80.55828164621093,80.55828164621093,3,A
7150,-61.5957271223901,15.383068549109776,,78.52423231677584,78.52423231677584,3,A
7151,-61.5957271223901,15.38309177507977,,81.11094579476745,81.11094579476745,3,A
7152,-61.5957271223901,15.383115001049767,,81.23326835087633,81.23326835087633,3,A
7153,-61.59572712239011,15.38313822701976,,80.65511125070354,80.65511125070354,3,A
7154,-61.5957271223901,15.383161452989755,,79.1075091816997,79.1075091816997,3,A
7155,-61.5957271223901,15.383184678959749,,85.20714303396586,85.20714303396586,3,A
7156,-61.5957271223901,15.383207904929744,,82.0874228046355,82.0874228046355,3,A
7157,-61.59572712239011,15.383231130899741,,81.49599027312397,81.49599027312397,3,A
7158,-61.5957271223901,15.383254356869735,,78.27824473887179,78.27824473887179,3,A
7159,-61.5957271223901,15.383277582839728,,78.1882505665378,78.1882505665378,3,A
7160,-61.5957271223901,15.383300808809725,,76.8666660945225,76.8666660945225,3,A
7161,-61.59572712239011,15.383324034779719,,79.55304799404075,79.55304799404075,3,A
7162,-61.5957271223901,15.383347260749714,,79.0009709835967,79.0009709835967,3,A
7163,-61.5957271223901,15.38337048671971,,82.6329884878291,82.6329884878291,3,A
7164,-61.5957271223901,15.383393712689706,,81.44953097174701,81.44953097174701,3,A
7165,-61.59572712239011,15.3834169386597,,79.93998775307168,79.93998775307168,3,A
7166,-61.5957271223901,15.383440164629693,,80.3247388915831,80.3247388915831,3,A
7167,-61.5957271223901,15.38346339059969,,84.51405067141432,84.51405067141432,3,A
7168,-61.5957271223901,15.383486616569684,,82.65977921007287,82.65977921007287,3,A
7169,-61.5957271223901,15.383509842539679,,84.01364599328362,84.01364599328362,3,A
7170,-61.5957271223901,15.383533068509674,,74.13329085540053,74.13329085540053,3,A
7171,-61.5957271223901,15.383556294479671,,76.75027989679774,76.75027989679774,3,A
7172,-61.5957271223901,15.383579520449665,,78.58655750085356,78.58655750085356,3,A
7173,-61.5957271223901,15.383602746419658,,83.72301816018758,83.72301816018758,3,A
7174,-61.5957271223901,15.383625972389655,,75.17708860674223,75.17708860674223,3,A
7175,-61.5957271223901,15.383649198359649,,80.45966241565074,80.45966241565074,3,A
7176,-61.5957271223901,15.383672424329644,,82.03066916711447,82.03066916711447,3,A
7177,-61.5957271223901,15.38369565029964,,76.97968734370765,76.97968734370765,3,A
7178,-61.5957271223901,15.383718876269636,,80.77062368148933,80.77062368148933,3,A
7179,-61.5957271223901,15.38374210223963,,84.72163878296851,84.72163878296851,3,A
7180,-61.5957271223901,15.383765328209623,,82.22567347635749,82.22567347635749,3,A
7181,-61.5957271223901,15.383788554179619,,84.33992501130247,84.33992501130247,3,A
7182,-61.5957271223901,15.383811780149614,,82.0211813103878,82.0211813103878,3,A
7183,-61.5957271223901,15.38383500611961,,80.17770897895888,80.17770897895888,3,A
7184,-61.5957271223901,15.383858232089604,,81.02211097319575,81.02211097319575,3,A
7185,-61.5957271223901,15.383881458059598,,82.56603368176833,82.56603368176833,3,A
7186,-61.5957271223901,15.383904684029595,,79.21974782858749,79.21974782858749,3,A
7187,-61.5957271223901,15.383927909999588,,82.81991534949864,82.81991534949864,3,A
7188,-61.5957271223901,15.383951135969584,,83.41364355671547,83.41364355671547,3,A
7189,-61.5957271223901,15.383974361939579,,82.17283728804277,82.17283728804277,3,A
7190,-61.5957271223901,15.383997587909576,,82.69242163942474,82.69242163942474,3,A
7191,-61.5957271223901,15.38402081387957,,80.21037880630466,80.21037880630466,3,A
7192,-61.5957271223901,15.384044039849563,,83.68099954374792,83.68099954374792,3,A
7193,-61.5957271223901,15.38406726581956,,79.95646007319388,79.95646007319388,3,A
7194,-61.5957271223901,15.384090491789554,,78.71443735005988,78.71443735005988,3,A
7195,-61.5957271223901,15.384113717759547,,79.57328729512957,79.57328729512957,3,A
7196,-61.59572712239011,15.384136943729544,,79.49262115751738,79.49262115751738,3,A
7197,-61.5957271223901,15.38416016969954,,77.24673253689363,77.24673253689363,3,A
7198,-61.5957271223901,15.384183395669535,,78.40686090245583,78.40686090245583,3,A
7199,-61.5957271223901,15.384206621639528,,80.15439902389637,80.15439902389637,3,A
7200,-61.59572712239011,15.384229847609523,,83.02995108397364,83.02995108397364,3,A
7201,-61.5957271223901,15.384253073579519,,81.89632990072259,81.89632990072259,3,A
7202,-61.5957271223901,15.384276299549512,,80.621015233358,80.621015233358,3,A
7203,-61.5957271223901,15.38429952551951,,80.37097502980374,80.37097502980374,3,A
7204,-61.59572712239011,15.384322751489504,,79.49223619408124,79.49223619408124,3,A
7205,-61.5957271223901,15.384345977459496,,78.82181177609097,78.82181177609097,3,A
7206,-61.5957271223901,15.384369203429493,,83.56310045497737,83.56310045497737,3,A
7207,-61.5957271223901,15.384392429399488,,78.69056293113123,78.69056293113123,3,A
7208,-61.5957271223901,15.384415655369484,,78.47951389561706,78.47951389561706,3,A
7209,-61.5957271223901,15.384438881339477,,79.76772815577891,79.76772815577891,3,A
7210,-61.59572712239011,15.384462107309474,,79.99058992965469,79.99058992965469,3,A
7211,-61.5957271223901,15.384485333279468,,80.97066997475416,80.97066997475416,3,A
7212,-61.5957271223901,15.384508559249461,,80.8403941228954,80.8403941228954,3,A
7213,-61.5957271223901,15.384531785219458,,84.61210739204145,84.61210739204145,3,A
7214,-61.59572712239011,15.384555011189454,,81.5946532310893,81.5946532310893,3,A
7215,-61.5957271223901,15.384578237159449,,82.42065736235811,82.42065736235811,3,A
7216,-61.5957271223901,15.384601463129442,,78.3421699884919,78.3421699884919,3,A
7217,-61.5957271223901,15.38462468909944,,78.54615435194178,78.54615435194178,3,A
7218,-61.59572712239011,15.384647915069433,,85.38505839855786,85.38505839855786,3,A
7219,-61.5957271223901,15.384671141039426,,87.74332974231892,87.74332974231892,3,A
7220,-61.5957271223901,15.384694367009423,,79.37451331857827,79.37451331857827,3,A
7221,-61.5957271223901,15.384717592979419,,84.16528908699469,84.16528908699469,3,A
7222,-61.5957271223901,15.384740818949414,,79.67416973200018,79.67416973200018,3,A
7223,-61.5957271223901,15.384764044919407,,78.83842568926076,78.83842568926076,3,A
7224,-61.5957271223901,15.384787270889404,,80.62123960646161,80.62123960646161,3,A
7225,-61.5957271223901,15.384810496859398,,86.85440333646952,86.85440333646952,3,A
7226,-61.5957271223901,15.384833722829391,,80.41619510802873,80.41619510802873,3,A
7227,-61.5957271223901,15.384856948799388,,82.91953788045578,82.91953788045578,3,A
7228,-61.5957271223901,15.384880174769384,,75.17870287370403,75.17870287370403,3,A
7229,-61.5957271223901,15.384903400739379,,81.81494853056923,81.81494853056923,3,A
7230,-61.5957271223901,15.384926626709372,,79.85284366732503,79.85284366732503,3,A
7231,-61.5957271223901,15.384949852679366,,80.97177400698871,80.97177400698871,3,A
7232,-61.5957271223901,15.384973078649363,,80.86000860089726,80.86000860089726,3,A
7233,-61.5957271223901,15.384996304619357,,82.57515980660635,82.57515980660635,3,A
7234,-61.5957271223901,15.385019530589352,,84.86857005243736,84.86857005243736,3,A
7235,-61.5957271223901,15.385042756559347,,79.03319444856432,79.03319444856432,3,A
7236,-61.5957271223901,15.385065982529344,,77.81930988642685,77.81930988642685,3,A
7237,-61.5957271223901,15.385089208499338,,81.73597256500778,81.73597256500778,3,A
7238,-61.5957271223901,15.385112434469331,,80.7284435906708,80.7284435906708,3,A
7239,-61.5957271223901,15.385135660439328,,77.37485513422163,77.37485513422163,3,A
7240,-61.5957271223901,15.385158886409322,,79.99584785740129,79.99584785740129,3,A
7241,-61.5957271223901,15.385182112379317,,81.00787866212418,81.00787866212418,3,A
7242,-61.5957271223901,15.385205338349312,,75.56730399358722,75.56730399358722,3,A
7243,-61.5957271223901,15.38522856431931,,81.70502736534215,81.70502736534215,3,A
7244,-61.5957271223901,15.385251790289301,,82.61297293468195,82.61297293468195,3,A
7245,-61.5957271223901,15.385275016259296,,80.17296893423773,80.17296893423773,3,A
7246,-61.5957271223901,15.385298242229293,,79.75346225345419,79.75346225345419,3,A
7247,-61.5957271223901,15.385321468199287,,81.71025690574135,81.71025690574135,3,A
7248,-61.5957271223901,15.385344694169282,,78.99841694926297,78.99841694926297,3,A
7249,-61.59572712239011,15.385367920139277,,76.71637515327406,76.71637515327406,3,A
7250,-61.5957271223901,15.385391146109274,,80.39012491636763,80.39012491636763,3,A
7251,-61.5957271223901,15.385414372079266,,82.19285918316078,82.19285918316078,3,A
7252,-61.5957271223901,15.385437598049261,,75.15911404052291,75.15911404052291,3,A
7253,-61.59572712239011,15.385460824019258,,80.11492589821101,80.11492589821101,3,A
7254,-61.5957271223901,15.385484049989252,,85.11378639929215,85.11378639929215,3,A
7255,-61.5957271223901,15.385507275959247,,85.81005203655754,85.81005203655754,3,A
7256,-61.5957271223901,15.385530501929242,,77.84372356198332,77.84372356198332,3,A
7257,-61.59572712239011,15.385553727899236,,80.62729922218283,80.62729922218283,3,A
7258,-61.5957271223901,15.385576953869231,,79.39015774903,79.39015774903,3,A
7259,-61.5957271223901,15.385600179839226,,82.67201973498926,82.67201973498926,3,A
7260,-61.5957271223901,15.385623405809223,,80.9968573951412,80.9968573951412,3,A
7261,-61.59572712239011,15.385646631779217,,78.94461715076744,78.94461715076744,3,A
7262,-61.5957271223901,15.385669857749212,,83.12787535519524,83.12787535519524,3,A
7263,-61.5957271223901,15.385693083719207,,85.95008444319795,85.95008444319795,3,A
7264,-61.5957271223901,15.385716309689201,,79.81430899955946,79.81430899955946,3,A
7265,-61.59572712239011,15.385739535659198,,83.66761917681823,83.66761917681823,3,A
7266,-61.5957271223901,15.385762761629191,,84.26584433224699,84.26584433224699,3,A
7267,-61.59572712239011,15.385785987599188,,85.02303275699062,85.02303275699062,3,A
7268,-61.5957271223901,15.385809213569182,,84.42782117356197,84.42782117356197,3,A
7269,-61.5957271223901,15.385832439539177,,83.12767819378644,83.12767819378644,3,A
7270,-61.5957271223901,15.38585566550917,,79.57953924352468,79.57953924352468,3,A
7271,-61.5957271223901,15.385878891479166,,79.19718363257861,79.19718363257861,3,A
7272,-61.5957271223901,15.385902117449163,,83.2855939774712,83.2855939774712,3,A
7273,-61.5957271223901,15.385925343419157,,80.95177549845555,80.95177549845555,3,A
7274,-61.5957271223901,15.385948569389152,,83.38777209723608,83.38777209723608,3,A
7275,-61.5957271223901,15.385971795359147,,86.09568654929905,86.09568654929905,3,A
7276,-61.5957271223901,15.38599502132914,,81.47158272256253,81.47158272256253,3,A
7277,-61.5957271223901,15.386018247299134,,78.96829550509023,78.96829550509023,3,A
7278,-61.5957271223901,15.386041473269131,,82.55209938498948,82.55209938498948,3,A
7279,-61.5957271223901,15.386064699239126,,84.5142671796007,84.5142671796007,3,A
7280,-61.5957271223901,15.386087925209122,,86.6041077495792,86.6041077495792,3,A
7281,-61.5957271223901,15.386111151179115,,87.6085952124775,87.6085952124775,3,A
7282,-61.5957271223901,15.386134377149112,,85.43857248030854,85.43857248030854,3,A
7283,-61.5957271223901,15.386157603119106,,82.81474540883892,82.81474540883892,3,A
7284,-61.5957271223901,15.3861808290891,,85.97278641824221,85.97278641824221,3,A
7285,-61.5957271223901,15.386204055059096,,81.297366601221,81.297366601221,3,A
7286,-61.5957271223901,15.386227281029091,,82.38752836488804,82.38752836488804,3,A
7287,-61.5957271223901,15.386250506999087,,84.82539870300452,84.82539870300452,3,A
7288,-61.5957271223901,15.38627373296908,,81.07459628491094,81.07459628491094,3,A
7289,-61.5957271223901,15.386296958939077,,80.78531579011896,80.78531579011896,3,A
7290,-61.5957271223901,15.38632018490907,,88.35492213298943,88.35492213298943,3,A
7291,-61.5957271223901,15.386343410879064,,80.43895942857989,80.43895942857989,3,A
7292,-61.5957271223901,15.386366636849061,,82.17575898399372,82.17575898399372,3,A
7293,-61.5957271223901,15.386389862819057,,86.07937727321607,86.07937727321607,3,A
7294,-61.5957271223901,15.386413088789052,,75.90474900936796,75.90474900936796,3,A
7295,-61.5957271223901,15.386436314759045,,82.79945089982853,82.79945089982853,3,A
7296,-61.5957271223901,15.38645954072904,,80.88542590118213,80.88542590118213,3,A
7297,-61.5957271223901,15.386482766699036,,86.2355643050553,86.2355643050553,3,A
7298,-61.5957271223901,15.38650599266903,,81.41693910124923,81.41693910124923,3,A
7299,-61.5957271223901,15.386529218639026,,85.09309570894622,85.09309570894622,3,A
7300,-61.59572712239011,15.386552444609022,,87.56044224935921,87.56044224935921,3,A
7301,-61.5957271223901,15.386575670579017,,82.88478443508336,82.88478443508336,3,A
7302,-61.5957271223901,15.38659889654901,,85.79843164835671,85.79843164835671,3,A
7303,-61.5957271223901,15.386622122519006,,81.77415323647355,81.77415323647355,3,A
7304,-61.59572712239011,15.386645348489001,,84.85411420370836,84.85411420370836,3,A
7305,-61.5957271223901,15.386668574458994,,83.70743712749827,83.70743712749827,3,A
7306,-61.5957271223901,15.386691800428991,,80.23494428334821,80.23494428334821,3,A
7307,-61.5957271223901,15.386715026398987,,77.69333260937996,77.69333260937996,3,A
7308,-61.5957271223901,15.386738252368982,,86.14251407753558,86.14251407753558,3,A
7309,-61.5957271223901,15.386761478338975,,82.46245860195216,82.46245860195216,3,A
7310,-61.59572712239011,15.38678470430897,,81.89199967881743,81.89199967881743,3,A
7311,-61.5957271223901,15.386807930278966,,83.87355911330359,83.87355911330359,3,A
7312,-61.5957271223901,15.38683115624896,,81.43991874918845,81.43991874918845,3,A
7313,-61.5957271223901,15.386854382218955,,79.27027571104003,79.27027571104003,3,A
7314,-61.59572712239011,15.38687760818895,,87.02532859730368,87.02532859730368,3,A
7315,-61.5957271223901,15.386900834158947,,82.58372141482899,82.58372141482899,3,A
7316,-61.5957271223901,15.386924060128939,,81.75289543409514,81.75289543409514,3,A
7317,-61.5957271223901,15.386947286098934,,81.26522582903257,81.26522582903257,3,A
7318,-61.59572712239011,15.386970512068931,,84.08927026299509,84.08927026299509,3,A
7319,-61.5957271223901,15.386993738038925,,81.09154874758755,81.09154874758755,3,A
7320,-61.5957271223901,15.38701696400892,,83.55545478317616,83.55545478317616,3,A
7321,-61.5957271223901,15.387040189978915,,84.33656708168256,84.33656708168256,3,A
7322,-61.59572712239011,15.387063415948909,,79.7324677725942,79.7324677725942,3,A
7323,-61.5957271223901,15.387086641918904,,83.0691622843848,83.0691622843848,3,A
7324,-61.5957271223901,15.3871098678889,,84.10878850156186,84.10878850156186,3,A
7325,-61.5957271223901,15.387133093858896,,87.45172602842854,87.45172602842854,3,A
7326,-61.5957271223901,15.38715631982889,,81.29771842866148,81.29771842866148,3,A
7327,-61.5957271223901,15.387179545798885,,86.18884850095857,86.18884850095857,3,A
7328,-61.5957271223901,15.38720277176888,,83.68762978400996,83.68762978400996,3,A
7329,-61.5957271223901,15.387225997738874,,85.43254404339342,85.43254404339342,3,A
7330,-61.5957271223901,15.387249223708869,,82.2000049044281,82.2000049044281,3,A
7331,-61.5957271223901,15.387272449678864,,80.89204987148456,80.89204987148456,3,A
7332,-61.5957271223901,15.387295675648861,,84.60535456588399,84.60535456588399,3,A
7333,-61.5957271223901,15.387318901618855,,84.39650825498721,84.39650825498721,3,A
7334,-61.5957271223901,15.38734212758885,,89.27314157642283,89.27314157642283,3,A
7335,-61.5957271223901,15.387365353558845,,80.96466479941897,80.96466479941897,3,A
7336,-61.5957271223901,15.387388579528839,,87.01783468353604,87.01783468353604,3,A
7337,-61.5957271223901,15.387411805498834,,80.27198647907953,80.27198647907953,3,A
7338,-61.5957271223901,15.38743503146883,,83.83333987982795,83.83333987982795,3,A
7339,-61.5957271223901,15.387458257438826,,85.16648584377631,85.16648584377631,3,A
7340,-61.5957271223901,15.38748148340882,,84.38132175400888,84.38132175400888,3,A
7341,-61.5957271223901,15.387504709378815,,81.80196415755627,81.80196415755627,3,A
7342,-61.5957271223901,15.38752793534881,,87.30091266682373,87.30091266682373,3,A
7343,-61.5957271223901,15.387551161318804,,84.16164120803141,84.16164120803141,3,A
7344,-61.5957271223901,15.3875743872888,,88.66776127800563,88.66776127800563,3,A
7345,-61.5957271223901,15.387597613258794,,84.86030745466441,84.86030745466441,3,A
7346,-61.5957271223901,15.387620839228791,,81.97157448807457,81.97157448807457,3,A
7347,-61.5957271223901,15.387644065198785,,84.85900055577585,84.85900055577585,3,A
7348,-61.5957271223901,15.38766729116878,,84.84770660318979,84.84770660318979,3,A
7349,-61.5957271223901,15.387690517138775,,84.35677587226812,84.35677587226812,3,A
7350,-61.5957271223901,15.387713743108769,,80.05775596726272,80.05775596726272,3,A
7351,-61.5957271223901,15.387736969078762,,86.0082480901846,86.0082480901846,3,A
7352,-61.5957271223901,15.38776019504876,,82.562027211821,82.562027211821,3,A
7353,-61.59572712239011,15.387783421018755,,86.66389245738625,86.66389245738625,3,A
7354,-61.5957271223901,15.38780664698875,,87.27567189647627,87.27567189647627,3,A
7355,-61.5957271223901,15.387829872958743,,85.06491095318087,85.06491095318087,3,A
7356,-61.5957271223901,15.387853098928737,,82.42916537835475,82.42916537835475,3,A
7357,-61.59572712239011,15.387876324898734,,86.32462770565675,86.32462770565675,3,A
7358,-61.5957271223901,15.387899550868728,,80.06742723048542,80.06742723048542,3,A
7359,-61.5957271223901,15.387922776838725,,85.51488326801608,85.51488326801608,3,A
7360,-61.5957271223901,15.38794600280872,,82.08162367157504,82.08162367157504,3,A
7361,-61.59572712239011,15.387969228778715,,82.72430141180139,82.72430141180139,3,A
7362,-61.5957271223901,15.387992454748709,,89.99700278910039,89.99700278910039,3,A
7363,-61.5957271223901,15.388015680718702,,83.21452025888223,83.21452025888223,3,A
7364,-61.5957271223901,15.3880389066887,,84.75973375031451,84.75973375031451,3,A
7365,-61.59572712239011,15.388062132658694,,82.03660560733911,82.03660560733911,3,A
7366,-61.5957271223901,15.38808535862869,,87.4024372372546,87.4024372372546,3,A
7367,-61.59572712239011,15.388108584598685,,79.62989708932373,79.62989708932373,3,A
7368,-61.5957271223901,15.388131810568678,,84.09084883083267,84.09084883083267,3,A
7369,-61.5957271223901,15.388155036538674,,83.0845312850258,83.0845312850258,3,A
7370,-61.5957271223901,15.388178262508667,,84.85513147535094,84.85513147535094,3,A
7371,-61.59572712239011,15.388201488478664,,83.00572910720433,83.00572910720433,3,A
7372,-61.5957271223901,15.38822471444866,,85.16343252038065,85.16343252038065,3,A
7373,-61.5957271223901,15.388247940418655,,87.417223287279,87.417223287279,3,A
7374,-61.5957271223901,15.38827116638865,,84.07590484398573,84.07590484398573,3,A
7375,-61.59572712239011,15.388294392358643,,87.2958960121807,87.2958960121807,3,A
7376,-61.5957271223901,15.388317618328639,,79.84407479140775,79.84407479140775,3,A
7377,-61.5957271223901,15.388340844298632,,84.29193020223892,84.29193020223892,3,A
7378,-61.5957271223901,15.38836407026863,,90.83961151571506,90.83961151571506,3,A
7379,-61.5957271223901,15.388387296238625,,86.61881946018303,86.61881946018303,3,A
7380,-61.5957271223901,15.38841052220862,,80.91907128878559,80.91907128878559,3,A
7381,-61.5957271223901,15.388433748178613,,84.92703603578661,84.92703603578661,3,A
7382,-61.5957271223901,15.388456974148609,,82.99022603332266,82.99022603332266,3,A
7383,-61.5957271223901,15.388480200118604,,83.83788996157371,83.83788996157371,3,A
7384,-61.5957271223901,15.388503426088597,,85.92461758210139,85.92461758210139,3,A
7385,-61.5957271223901,15.388526652058594,,82.89129580030122,82.89129580030122,3,A
7386,-61.5957271223901,15.38854987802859,,83.42377603498606,83.42377603498606,3,A
7387,-61.5957271223901,15.388573103998585,,85.0403559010053,85.0403559010053,3,A
7388,-61.5957271223901,15.388596329968578,,82.92817634138306,82.92817634138306,3,A
7389,-61.5957271223901,15.388619555938574,,84.66703013698853,84.66703013698853,3,A
7390,-61.5957271223901,15.388642781908569,,84.03577535351718,84.03577535351718,3,A
7391,-61.5957271223901,15.388666007878562,,85.63729640113608,85.63729640113608,3,A
7392,-61.5957271223901,15.38868923384856,,84.37115743484152,84.37115743484152,3,A
7393,-61.5957271223901,15.388712459818553,,84.98796338084968,84.98796338084968,3,A
7394,-61.5957271223901,15.388735685788546,,82.05236664817683,82.05236664817683,3,A
7395,-61.5957271223901,15.388758911758542,,85.27390338331057,85.27390338331057,3,A
7396,-61.5957271223901,15.388782137728537,,85.09440163192595,85.09440163192595,3,A
7397,-61.5957271223901,15.388805363698534,,86.77502189630296,86.77502189630296,3,A
7398,-61.5957271223901,15.388828589668528,,86.39171417837622,86.39171417837622,3,A
7399,-61.5957271223901,15.388851815638525,,86.73475550583471,86.73475550583471,3,A
7400,-61.5957271223901,15.388875041608518,,87.14102737114557,87.14102737114557,3,A
7401,-61.5957271223901,15.388898267578512,,83.98119351794429,83.98119351794429,3,A
7402,-61.5957271223901,15.388921493548507,,89.18783502823588,89.18783502823588,3,A
7403,-61.5957271223901,15.388944719518502,,81.39184034418923,81.39184034418923,3,A
7404,-61.5957271223901,15.388967945488499,,85.62889880262891,85.62889880262891,3,A
7405,-61.5957271223901,15.388991171458493,,78.9459931002386,78.9459931002386,3,A
7406,-61.5957271223901,15.389014397428488,,87.71945898141789,87.71945898141789,3,A
7407,-61.5957271223901,15.389037623398483,,78.58614710469017,78.58614710469017,3,A
7408,-61.5957271223901,15.389060849368477,,86.3152471774936,86.3152471774936,3,A
7409,-61.5957271223901,15.389084075338472,,88.53462413466752,88.53462413466752,3,A
7410,-61.59572712239011,15.389107301308467,,84.01125129808847,84.01125129808847,3,A
7411,-61.5957271223901,15.389130527278464,,84.38528971136168,84.38528971136168,3,A
7412,-61.5957271223901,15.389153753248458,,78.90409682753254,78.90409682753254,3,A
7413,-61.5957271223901,15.389176979218453,,86.64910137133623,86.64910137133623,3,A
7414,-61.59572712239011,15.389200205188448,,84.93704716651297,84.93704716651297,3,A
7415,-61.5957271223901,15.389223431158442,,83.95733545666532,83.95733545666532,3,A
7416,-61.5957271223901,15.389246657128437,,78.00847512321086,78.00847512321086,3,A
7417,-61.5957271223901,15.389269883098432,,87.03523663001837,87.03523663001837,3,A
7418,-61.59572712239011,15.38929310906843,,83.30900699630524,83.30900699630524,3,A
7419,-61.5957271223901,15.389316335038423,,81.56085583778662,81.56085583778662,3,A
7420,-61.5957271223901,15.389339561008416,,89.67179103990003,89.67179103990003,3,A
7421,-61.5957271223901,15.389362786978413,,83.75758772889428,83.75758772889428,3,A
7422,-61.59572712239011,15.389386012948407,,85.27270878654784,85.27270878654784,3,A
7423,-61.5957271223901,15.389409238918402,,82.34544859039207,82.34544859039207,3,A
7424,-61.59572712239011,15.389432464888397,,83.07754849054677,83.07754849054677,3,A
7425,-61.5957271223901,15.389455690858394,,90.54984452094119,90.54984452094119,3,A
7426,-61.5957271223901,15.389478916828388,,83.28272866518328,83.28272866518328,3,A
7427,-61.5957271223901,15.389502142798381,,89.03185202470955,89.03185202470955,3,A
7428,-61.59572712239011,15.389525368768378,,83.97894020671669,83.97894020671669,3,A
7429,-61.5957271223901,15.389548594738372,,83.37910203753272,83.37910203753272,3,A
7430,-61.5957271223901,15.389571820708367,,85.57030561762309,85.57030561762309,3,A
7431,-61.5957271223901,15.389595046678362,,85.81300741767792,85.81300741767792,3,A
7432,-61.5957271223901,15.389618272648358,,85.22638643883006,85.22638643883006,3,A
7433,-61.5957271223901,15.38964149861835,,85.27162734491704,85.27162734491704,3,A
7434,-61.5957271223901,15.389664724588346,,85.92855920406983,85.92855920406983,3,A
7435,-61.5957271223901,15.389687950558342,,81.35979140633545,81.35979140633545,3,A
7436,-61.5957271223901,15.389711176528337,,86.03300420119443,86.03300420119443,3,A
7437,-61.5957271223901,15.38973440249833,,86.77822166349434,86.77822166349434,3,A
7438,-61.5957271223901,15.389757628468328,,86.0970459291813,86.0970459291813,3,A
7439,-61.5957271223901,15.389780854438323,,81.99537217678382,81.99537217678382,3,A
7440,-61.5957271223901,15.389804080408316,,84.24816780688458,84.24816780688458,3,A
7441,-61.5957271223901,15.389827306378312,,83.32886821921706,83.32886821921706,3,A
7442,-61.5957271223901,15.389850532348307,,82.21748727598411,82.21748727598411,3,A
7443,-61.5957271223901,15.389873758318302,,81.43258081035705,81.43258081035705,3,A
7444,-61.5957271223901,15.389896984288296,,80.83344764840378,80.83344764840378,3,A
7445,-61.5957271223901,15.389920210258293,,87.33600075192182,87.33600075192182,3,A
7446,-61.5957271223901,15.389943436228286,,85.14165961901097,85.14165961901097,3,A
7447,-61.5957271223901,15.389966662198281,,82.5296064766863,82.5296064766863,3,A
7448,-61.5957271223901,15.389989888168277,,87.84208767600245,87.84208767600245,3,A
7449,-61.5957271223901,15.390013114138272,,84.05319559796268,84.05319559796268,3,A
7450,-61.5957271223901,15.390036340108267,,86.82230163177633,86.82230163177633,3,A
7451,-61.5957271223901,15.39005956607826,,84.7492405916103,84.7492405916103,3,A
7452,-61.5957271223901,15.390082792048258,,87.76295683084356,87.76295683084356,3,A
7453,-61.5957271223901,15.390106018018251,,87.70415897563012,87.70415897563012,3,A
7454,-61.5957271223901,15.390129243988246,,85.45249106267653,85.45249106267653,3,A
7455,-61.5957271223901,15.390152469958242,,89.27307190521945,89.27307190521945,3,A
7456,-61.5957271223901,15.390175695928235,,85.45044384294863,85.45044384294863,3,A
7457,-61.5957271223901,15.390198921898232,,88.86146699306478,88.86146699306478,3,A
7458,-61.5957271223901,15.390222147868226,,86.26605025432636,86.26605025432636,3,A
7459,-61.5957271223901,15.39024537383822,,84.9111490062942,84.9111490062942,3,A
7460,-61.5957271223901,15.390268599808216,,85.293301469766,85.293301469766,3,A
7461,-61.59572712239011,15.390291825778212,,84.05950073854859,84.05950073854859,3,A
7462,-61.5957271223901,15.390315051748207,,87.64086790855592,87.64086790855592,3,A
7463,-61.5957271223901,15.3903382777182,,85.83173677831351,85.83173677831351,3,A
7464,-61.5957271223901,15.390361503688197,,87.20550165860172,87.20550165860172,3,A
7465,-61.59572712239011,15.390384729658193,,93.05633841022404,93.05633841022404,3,A
7466,-61.5957271223901,15.390407955628184,,83.57981428634575,83.57981428634575,3,A
7467,-61.59572712239011,15.390431181598181,,86.06260043236436,86.06260043236436,3,A
7468,-61.5957271223901,15.390454407568177,,86.92445104303859,86.92445104303859,3,A
7469,-61.5957271223901,15.390477633538172,,87.56115792036243,87.56115792036243,3,A
7470,-61.5957271223901,15.390500859508165,,86.58183861295937,86.58183861295937,3,A
7471,-61.59572712239011,15.390524085478162,,85.03873601634116,85.03873601634116,3,A
7472,-61.5957271223901,15.390547311448156,,87.63244495686675,87.63244495686675,3,A
7473,-61.5957271223901,15.39057053741815,,82.98157829715453,82.98157829715453,3,A
7474,-61.5957271223901,15.390593763388146,,89.02857234275488,89.02857234275488,3,A
7475,-61.59572712239011,15.39061698935814,,84.07341774999605,84.07341774999605,3,A
7476,-61.5957271223901,15.390640215328135,,89.26484561743297,89.26484561743297,3,A
7477,-61.5957271223901,15.39066344129813,,85.01899875145335,85.01899875145335,3,A
7478,-61.5957271223901,15.390686667268128,,81.87917786602074,81.87917786602074,3,A
7479,-61.59572712239011,15.390709893238121,,85.21113980755777,85.21113980755777,3,A
7480,-61.5957271223901,15.390733119208114,,89.33642963020388,89.33642963020388,3,A
7481,-61.5957271223901,15.39075634517811,,87.61696281901995,87.61696281901995,3,A
7482,-61.5957271223901,15.390779571148105,,88.23897745649961,88.23897745649961,3,A
7483,-61.5957271223901,15.3908027971181,,84.98474007238649,84.98474007238649,3,A
7484,-61.5957271223901,15.390826023088096,,84.58417320968641,84.58417320968641,3,A
7485,-61.5957271223901,15.390849249058093,,83.04227444065927,83.04227444065927,3,A
7486,-61.5957271223901,15.390872475028086,,79.72180286622968,79.72180286622968,3,A
7487,-61.5957271223901,15.39089570099808,,86.8900461672472,86.8900461672472,3,A
7488,-61.5957271223901,15.390918926968075,,85.97901331633865,85.97901331633865,3,A
7489,-61.5957271223901,15.39094215293807,,89.28351435030844,89.28351435030844,3,A
7490,-61.5957271223901,15.390965378908067,,83.79068951066992,83.79068951066992,3,A
7491,-61.5957271223901,15.39098860487806,,87.31962062081585,87.31962062081585,3,A
7492,-61.5957271223901,15.391011830848054,,91.04079218199266,91.04079218199266,3,A
7493,-61.5957271223901,15.391035056818051,,85.90203942969094,85.90203942969094,3,A
7494,-61.5957271223901,15.391058282788045,,87.2704326780475,87.2704326780475,3,A
7495,-61.5957271223901,15.39108150875804,,92.88954991027413,92.88954991027413,3,A
7496,-61.5957271223901,15.391104734728035,,88.09347731120963,88.09347731120963,3,A
7497,-61.5957271223901,15.391127960698032,,85.89663292612163,85.89663292612163,3,A
7498,-61.5957271223901,15.391151186668026,,83.756225093058,83.756225093058,3,A
7499,-61.5957271223901,15.39117441263802,,84.75113119453405,84.75113119453405,3,A
7500,-61.5957271223901,15.391197638608016,,86.91670648742775,86.91670648742775,3,A
7501,-61.5957271223901,15.39122086457801,,80.73074820302239,80.73074820302239,3,A
7502,-61.5957271223901,15.391244090548005,,86.13008229858114,86.13008229858114,3,A
7503,-61.5957271223901,15.391267316518,,85.60752929596556,85.60752929596556,3,A
7504,-61.5957271223901,15.391290542487997,,84.7573946309273,84.7573946309273,3,A
7505,-61.5957271223901,15.391313768457989,,87.97458779237058,87.97458779237058,3,A
7506,-61.5957271223901,15.391336994427984,,82.8481605976297,82.8481605976297,3,A
7507,-61.5957271223901,15.391360220397981,,86.06250127432259,86.06250127432259,3,A
7508,-61.5957271223901,15.391383446367975,,87.72674263234585,87.72674263234585,3,A
7509,-61.5957271223901,15.39140667233797,,89.09341422191261,89.09341422191261,3,A
7510,-61.59572712239011,15.391429898307965,,89.05463838932717,89.05463838932717,3,A
7511,-61.5957271223901,15.39145312427796,,83.22628299539679,83.22628299539679,3,A
7512,-61.5957271223901,15.391476350247952,,84.26277926592503,84.26277926592503,3,A
7513,-61.5957271223901,15.39149957621795,,95.05965088535783,95.05965088535783,3,A
7514,-61.59572712239011,15.391522802187945,,88.2324546680754,88.2324546680754,3,A
7515,-61.5957271223901,15.39154602815794,,88.50113492506337,88.50113492506337,3,A
7516,-61.5957271223901,15.391569254127933,,92.84466003783325,92.84466003783325,3,A
7517,-61.5957271223901,15.39159248009793,,87.22701755100336,87.22701755100336,3,A
7518,-61.59572712239011,15.391615706067924,,86.19640365006022,86.19640365006022,3,A
7519,-61.5957271223901,15.391638932037917,,89.73296540646582,89.73296540646582,3,A
7520,-61.5957271223901,15.391662158007914,,89.63312890694111,89.63312890694111,3,A
7521,-61.5957271223901,15.39168538397791,,93.65858050890037,93.65858050890037,3,A
7522,-61.59572712239011,15.391708609947905,,87.37867523820347,87.37867523820347,3,A
7523,-61.5957271223901,15.391731835917899,,89.88783042869349,89.88783042869349,3,A
7524,-61.59572712239011,15.391755061887896,,90.62638566845058,90.62638566845058,3,A
7525,-61.5957271223901,15.391778287857889,,83.80334328384005,83.80334328384005,3,A
7526,-61.5957271223901,15.391801513827883,,87.88566350881628,87.88566350881628,3,A
7527,-61.5957271223901,15.39182473979788,,83.58772562144414,83.58772562144414,3,A
7528,-61.59572712239011,15.391847965767875,,91.23553940670512,91.23553940670512,3,A
7529,-61.5957271223901,15.39187119173787,,85.74826273041674,85.74826273041674,3,A
7530,-61.5957271223901,15.391894417707864,,88.90271699298168,88.90271699298168,3,A
7531,-61.5957271223901,15.391917643677857,,89.6385517280379,89.6385517280379,3,A
7532,-61.59572712239011,15.391940869647854,,85.08962814134753,85.08962814134753,3,A
7533,-61.5957271223901,15.391964095617848,,84.83570268178758,84.83570268178758,3,A
7534,-61.5957271223901,15.391987321587845,,88.53430031197175,88.53430031197175,3,A
7535,-61.5957271223901,15.39201054755784,,86.20419953836416,86.20419953836416,3,A
7536,-61.5957271223901,15.392033773527835,,86.11954609694924,86.11954609694924,3,A
7537,-61.5957271223901,15.392056999497829,,88.562028382178,88.562028382178,3,A
7538,-61.5957271223901,15.392080225467822,,88.42328957469734,88.42328957469734,3,A
7539,-61.5957271223901,15.39210345143782,,91.40547781705895,91.40547781705895,3,A
7540,-61.5957271223901,15.392126677407814,,89.13339787000645,89.13339787000645,3,A
7541,-61.5957271223901,15.39214990337781,,89.05751895402176,89.05751895402176,3,A
7542,-61.5957271223901,15.392173129347805,,86.46449375180042,86.46449375180042,3,A
7543,-61.5957271223901,15.3921963553178,,89.58948944994934,89.58948944994934,3,A
7544,-61.5957271223901,15.392219581287794,,88.22855870659694,88.22855870659694,3,A
7545,-61.5957271223901,15.392242807257787,,89.15796875946602,89.15796875946602,3,A
7546,-61.5957271223901,15.392266033227784,,89.96068039836884,89.96068039836884,3,A
7547,-61.5957271223901,15.39228925919778,,93.49767569135248,93.49767569135248,3,A
7548,-61.5957271223901,15.392312485167775,,85.61452818016716,85.61452818016716,3,A
7549,-61.5957271223901,15.392335711137768,,87.94034155997751,87.94034155997751,3,A
7550,-61.5957271223901,15.392358937107765,,92.69887528741847,92.69887528741847,3,A
7551,-61.5957271223901,15.392382163077757,,87.18020205834938,87.18020205834938,3,A
7552,-61.5957271223901,15.392405389047752,,84.43838716594112,84.43838716594112,3,A
7553,-61.5957271223901,15.39242861501775,,93.60716291045368,93.60716291045368,3,A
7554,-61.5957271223901,15.392451840987743,,90.01820268021382,90.01820268021382,3,A
7555,-61.5957271223901,15.392475066957738,,84.61009443274202,84.61009443274202,3,A
7556,-61.5957271223901,15.392498292927733,,89.70185569678301,89.70185569678301,3,A
7557,-61.5957271223901,15.392521518897727,,81.98349391707289,81.98349391707289,3,A
7558,-61.5957271223901,15.392544744867722,,87.70138374109852,87.70138374109852,3,A
7559,-61.5957271223901,15.392567970837717,,85.24940813413946,85.24940813413946,3,A
7560,-61.5957271223901,15.392591196807714,,87.07486437519886,87.07486437519886,3,A
7561,-61.5957271223901,15.392614422777708,,82.45210049479437,82.45210049479437,3,A
7562,-61.5957271223901,15.392637648747703,,87.37116463930596,87.37116463930596,3,A
7563,-61.5957271223901,15.392660874717699,,90.15339559596846,90.15339559596846,3,A
7564,-61.5957271223901,15.392684100687692,,86.03919523776125,86.03919523776125,3,A
7565,-61.59572712239011,15.392707326657689,,85.42377760842272,85.42377760842272,3,A
7566,-61.5957271223901,15.392730552627683,,87.85192280259322,87.85192280259322,3,A
7567,-61.59572712239011,15.39275377859768,,92.77364396434503,92.77364396434503,3,A
7568,-61.5957271223901,15.392777004567673,,87.84694300468965,87.84694300468965,3,A
7569,-61.5957271223901,15.392800230537668,,90.0837710415523,90.0837710415523,3,A
7570,-61.5957271223901,15.392823456507662,,87.41692847500579,87.41692847500579,3,A
7571,-61.59572712239011,15.392846682477657,,88.36231794157038,88.36231794157038,3,A
7572,-61.5957271223901,15.392869908447654,,87.83423767934171,87.83423767934171,3,A
7573,-61.5957271223901,15.392893134417648,,87.27686419507384,87.27686419507384,3,A
7574,-61.5957271223901,15.392916360387645,,89.51806599093128,89.51806599093128,3,A
7575,-61.59572712239011,15.392939586357638,,89.54103556353304,89.54103556353304,3,A
7576,-61.5957271223901,15.392962812327633,,85.40465679307965,85.40465679307965,3,A
7577,-61.5957271223901,15.392986038297627,,87.61579602939398,87.61579602939398,3,A
7578,-61.5957271223901,15.393009264267622,,85.68531781537695,85.68531781537695,3,A
7579,-61.59572712239011,15.39303249023762,,92.69429410337196,92.69429410337196,3,A
7580,-61.5957271223901,15.393055716207613,,91.80329305904208,91.80329305904208,3,A
7581,-61.5957271223901,15.393078942177608,,91.05450146023772,91.05450146023772,3,A
7582,-61.5957271223901,15.393102168147603,,82.69290054946812,82.69290054946812,3,A
7583,-61.5957271223901,15.393125394117597,,88.38370747459446,88.38370747459446,3,A
7584,-61.5957271223901,15.393148620087592,,84.90284632292719,84.90284632292719,3,A
7585,-61.59572712239011,15.393171846057587,,84.3543147307463,84.3543147307463,3,A
7586,-61.5957271223901,15.393195072027584,,86.34749129192397,86.34749129192397,3,A
7587,-61.5957271223901,15.393218297997578,,89.94716025582288,89.94716025582288,3,A
7588,-61.5957271223901,15.393241523967573,,91.06065116969515,91.06065116969515,3,A
7589,-61.5957271223901,15.393264749937568,,87.98508773835688,87.98508773835688,3,A
7590,-61.5957271223901,15.393287975907562,,85.02986335107731,85.02986335107731,3,A
7591,-61.5957271223901,15.393311201877555,,91.890228988204,91.890228988204,3,A
7592,-61.5957271223901,15.393334427847552,,87.91951738230274,87.91951738230274,3,A
7593,-61.5957271223901,15.393357653817548,,90.79992715377932,90.79992715377932,3,A
7594,-61.5957271223901,15.393380879787543,,90.62250397499233,90.62250397499233,3,A
7595,-61.5957271223901,15.393404105757536,,86.6331694306023,86.6331694306023,3,A
7596,-61.5957271223901,15.393427331727532,,91.48782708660244,91.48782708660244,3,A
7597,-61.5957271223901,15.393450557697527,,86.42520302702097,86.42520302702097,3,A
7598,-61.5957271223901,15.39347378366752,,86.83688723373008,86.83688723373008,3,A
7599,-61.5957271223901,15.393497009637517,,89.9849914627487,89.9849914627487,3,A
7600,-61.5957271223901,15.393520235607513,,92.30532641500635,92.30532641500635,3,A
7601,-61.5957271223901,15.393543461577508,,82.44955197206112,82.44955197206112,3,A
7602,-61.5957271223901,15.393566687547501,,86.91476974049755,86.91476974049755,3,A
7603,-61.5957271223901,15.393589913517497,,84.67045583264188,84.67045583264188,3,A
7604,-61.5957271223901,15.393613139487492,,84.96360567781399,84.96360567781399,3,A
7605,-61.5957271223901,15.393636365457485,,98.07176876220267,98.07176876220267,3,A
7606,-61.5957271223901,15.393659591427483,,89.04648259808349,89.04648259808349,3,A
7607,-61.5957271223901,15.393682817397478,,87.34382580731555,87.34382580731555,3,A
7608,-61.5957271223901,15.393706043367473,,82.24915509818175,82.24915509818175,3,A
7609,-61.5957271223901,15.393729269337467,,89.94051263931901,89.94051263931901,3,A
7610,-61.5957271223901,15.393752495307462,,90.45312680299463,90.45312680299463,3,A
7611,-61.5957271223901,15.393775721277457,,88.22467267766,88.22467267766,3,A
7612,-61.5957271223901,15.39379894724745,,86.27090223874521,86.27090223874521,3,A
7613,-61.5957271223901,15.393822173217448,,92.31856558073724,92.31856558073724,3,A
7614,-61.5957271223901,15.393845399187443,,87.64028146451192,87.64028146451192,3,A
7615,-61.5957271223901,15.393868625157438,,85.9342387253568,85.9342387253568,3,A
7616,-61.5957271223901,15.393891851127432,,90.15631910301818,90.15631910301818,3,A
7617,-61.5957271223901,15.393915077097427,,89.78013614487229,89.78013614487229,3,A
7618,-61.59572712239011,15.393938303067422,,88.41094258716959,88.41094258716959,3,A
7619,-61.5957271223901,15.393961529037416,,83.61482056892666,83.61482056892666,3,A
7620,-61.5957271223901,15.393984755007413,,89.88773040031879,89.88773040031879,3,A
7621,-61.5957271223901,15.394007980977408,,87.10899887910006,87.10899887910006,3,A
7622,-61.59572712239011,15.394031206947401,,89.05068635421624,89.05068635421624,3,A
7623,-61.5957271223901,15.394054432917397,,87.24291892166892,87.24291892166892,3,A
7624,-61.59572712239011,15.394077658887392,,89.90017384923885,89.90017384923885,3,A
7625,-61.5957271223901,15.394100884857387,,92.76838966935753,92.76838966935753,3,A
7626,-61.5957271223901,15.39412411082738,,93.73767557167623,93.73767557167623,3,A
7627,-61.5957271223901,15.394147336797378,,88.09088712142409,88.09088712142409,3,A
7628,-61.59572712239011,15.394170562767371,,90.6590802674522,90.6590802674522,3,A
7629,-61.5957271223901,15.394193788737365,,93.6633260395085,93.6633260395085,3,A
7630,-61.5957271223901,15.39421701470736,,93.05785803582803,93.05785803582803,3,A
7631,-61.5957271223901,15.394240240677355,,90.82953677441361,90.82953677441361,3,A
7632,-61.59572712239011,15.394263466647352,,91.39405635251337,91.39405635251337,3,A
7633,-61.5957271223901,15.394286692617346,,90.98809994255785,90.98809994255785,3,A
7634,-61.5957271223901,15.394309918587341,,87.959562877689,87.959562877689,3,A
7635,-61.5957271223901,15.394333144557336,,94.6263665962725,94.6263665962725,3,A
7636,-61.59572712239011,15.39435637052733,,89.25981002889398,89.25981002889398,3,A
7637,-61.5957271223901,15.394379596497325,,93.78439990822454,93.78439990822454,3,A
7638,-61.5957271223901,15.39440282246732,,84.85611812986494,84.85611812986494,3,A
7639,-61.5957271223901,15.394426048437317,,86.61113266174826,86.61113266174826,3,A
7640,-61.59572712239011,15.394449274407311,,90.11804637935353,90.11804637935353,3,A
7641,-61.5957271223901,15.394472500377306,,91.61781525393445,91.61781525393445,3,A
7642,-61.5957271223901,15.394495726347301,,88.28483746166484,88.28483746166484,3,A
7643,-61.5957271223901,15.394518952317295,,93.40236300887136,93.40236300887136,3,A
7644,-61.5957271223901,15.39454217828729,,89.32480497733465,89.32480497733465,3,A
7645,-61.5957271223901,15.394565404257285,,85.88801362052128,85.88801362052128,3,A
7646,-61.5957271223901,15.394588630227283,,89.55962870036296,89.55962870036296,3,A
7647,-61.5957271223901,15.394611856197276,,87.09322276437032,87.09322276437032,3,A
7648,-61.5957271223901,15.394635082167271,,88.96219725449458,88.96219725449458,3,A
7649,-61.5957271223901,15.394658308137267,,86.69008084434712,86.69008084434712,3,A
7650,-61.5957271223901,15.39468153410726,,91.84367143980083,91.84367143980083,3,A
7651,-61.5957271223901,15.394704760077255,,90.32628824026656,90.32628824026656,3,A
7652,-61.5957271223901,15.39472798604725,,88.99564438149929,88.99564438149929,3,A
7653,-61.5957271223901,15.394751212017248,,88.15920423381493,88.15920423381493,3,A
8201,-61.5957271223901,15.40747904357449,,98.21307166888873,98.21307166888873,3,A
8202,-61.5957271223901,15.407502269544485,,100.49071156591606,100.49071156591606,3,A
8203,-61.59572712239011,15.40752549551448,,96.25377512514083,96.25377512514083,3,A
8204,-61.59572712239011,15.407548721484476,,97.31408883099776,97.31408883099776,3,A
8205,-61.5957271223901,15.40757194745447,,105.7851788518924,105.7851788518924,3,A
8206,-61.5957271223901,15.407595173424465,,103.53716611599238,103.53716611599238,3,A
8207,-61.59572712239011,15.407618399394462,,102.771738641697,102.771738641697,3,A
8208,-61.5957271223901,15.407641625364455,,100.83678325276213,100.83678325276213,3,A
8209,-61.5957271223901,15.40766485133445,,95.57152422033647,95.57152422033647,3,A
8210,-61.5957271223901,15.407688077304444,,101.18123070908237,101.18123070908237,3,A
8211,-61.59572712239011,15.40771130327444,,103.93817913973905,103.93817913973905,3,A
8212,-61.5957271223901,15.407734529244435,,104.12999443039266,104.12999443039266,3,A
8213,-61.5957271223901,15.40775775521443,,98.68734688867028,98.68734688867028,3,A
8214,-61.5957271223901,15.407780981184425,,102.11125203505813,102.11125203505813,3,A
8215,-61.59572712239011,15.40780420715442,,100.62010702792517,100.62010702792517,3,A
8216,-61.5957271223901,15.407827433124414,,97.18446036566834,97.18446036566834,3,A
8217,-61.5957271223901,15.407850659094409,,99.51692682845102,99.51692682845102,3,A
8218,-61.5957271223901,15.407873885064404,,102.1148502259154,102.1148502259154,3,A
8219,-61.5957271223901,15.4078971110344,,100.21166133522743,100.21166133522743,3,A
8220,-61.5957271223901,15.407920337004395,,95.84383581688763,95.84383581688763,3,A
8221,-61.59572712239011,15.40794356297439,,100.50748349567989,100.50748349567989,3,A
8222,-61.5957271223901,15.407966788944385,,96.91181614369329,96.91181614369329,3,A
8223,-61.5957271223901,15.407990014914379,,95.75881417948553,95.75881417948553,3,A
8224,-61.5957271223901,15.408013240884374,,103.8012273554581,103.8012273554581,3,A
8225,-61.59572712239011,15.40803646685437,,105.1970352900746,105.1970352900746,3,A
8226,-61.5957271223901,15.408059692824363,,95.0921816168731,95.0921816168731,3,A
8227,-61.5957271223901,15.40808291879436,,103.31299259472455,103.31299259472455,3,A
8228,-61.5957271223901,15.408106144764355,,104.62537457495633,104.62537457495633,3,A
8229,-61.59572712239011,15.40812937073435,,99.99746035599672,99.99746035599672,3,A
8230,-61.5957271223901,15.408152596704344,,97.61033515358152,97.61033515358152,3,A
8231,-61.5957271223901,15.40817582267434,,95.40368751108018,95.40368751108018,3,A
8232,-61.5957271223901,15.408199048644335,,102.03191104346806,102.03191104346806,3,A
8233,-61.5957271223901,15.408222274614328,,101.3625706147251,101.3625706147251,3,A
8234,-61.5957271223901,15.408245500584325,,100.13168268249365,100.13168268249365,3,A
8235,-61.5957271223901,15.40826872655432,,103.02842607028835,103.02842607028835,3,A
8236,-61.5957271223901,15.408291952524314,,105.57755083828226,105.57755083828226,3,A
8237,-61.5957271223901,15.408315178494309,,100.40221463832356,100.40221463832356,3,A
8238,-61.5957271223901,15.408338404464304,,96.67094592252889,96.67094592252889,3,A
8239,-61.5957271223901,15.4083616304343,,98.65978610324979,98.65978610324979,3,A
8240,-61.5957271223901,15.408384856404295,,98.02010705247959,98.02010705247959,3,A
8241,-61.5957271223901,15.40840808237429,,96.44815449464302,96.44815449464302,3,A
8242,-61.5957271223901,15.408431308344284,,101.4903108400978,101.4903108400978,3,A
8243,-61.5957271223901,15.408454534314279,,102.41288015522481,102.41288015522481,3,A
8244,-61.5957271223901,15.408477760284274,,103.98168391915128,103.98168391915128,3,A
8245,-61.5957271223901,15.40850098625427,,102.20826677246994,102.20826677246994,3,A
8246,-61.5957271223901,15.408524212224265,,100.67438438375365,100.67438438375365,3,A
8247,-61.59572712239011,15.40854743819426,,97.5755861828946,97.5755861828946,3,A
8248,-61.5957271223901,15.408570664164255,,96.26676893601378,96.26676893601378,3,A
8249,-61.5957271223901,15.408593890134249,,105.46166647985845,105.46166647985845,3,A
8250,-61.59572712239011,15.408617116104244,,101.06073312505761,101.06073312505761,3,A
8251,-61.5957271223901,15.408640342074237,,100.30689548489816,100.30689548489816,3,A
8252,-61.5957271223901,15.408663568044233,,97.97496808326659,97.97496808326659,3,A
8253,-61.5957271223901,15.40868679401423,,97.83343025446223,97.83343025446223,3,A
8254,-61.59572712239011,15.408710019984225,,99.00352662976013,99.00352662976013,3,A
8255,-61.5957271223901,15.408733245954217,,102.77832701284406,102.77832701284406,3,A
8256,-61.59572712239011,15.408756471924214,,101.18352720575085,101.18352720575085,3,A
8257,-61.5957271223901,15.408779697894209,,104.31197487519374,104.31197487519374,3,A
8258,-61.5957271223901,15.408802923864203,,95.78584092197738,95.78584092197738,3,A
8259,-61.5957271223901,15.408826149834198,,103.01842118255121,103.01842118255121,3,A
8260,-61.59572712239011,15.408849375804195,,105.35006247946963,105.35006247946963,3,A
8261,-61.5957271223901,15.40887260177419,,97.62112632354754,97.62112632354754,3,A
8262,-61.5957271223901,15.408895827744182,,100.25403882293831,100.25403882293831,3,A
8263,-61.5957271223901,15.408919053714179,,104.67474236635283,104.67474236635283,3,A
8264,-61.59572712239011,15.408942279684174,,103.23800114278704,103.23800114278704,3,A
8265,-61.5957271223901,15.40896550565417,,98.46930782481115,98.46930782481115,3,A
8266,-61.5957271223901,15.408988731624163,,102.0401989948923,102.0401989948923,3,A
8267,-61.5957271223901,15.40901195759416,,97.03716893420962,97.03716893420962,3,A
8268,-61.59572712239011,15.409035183564153,,97.30558803698513,97.30558803698513,3,A
8269,-61.5957271223901,15.409058409534147,,99.65585113948177,99.65585113948177,3,A
8270,-61.5957271223901,15.409081635504142,,98.69252628366618,98.69252628366618,3,A
8271,-61.5957271223901,15.409104861474137,,102.76276176854468,102.76276176854468,3,A
8272,-61.59572712239011,15.409128087444135,,96.5505437454339,96.5505437454339,3,A
8273,-61.5957271223901,15.409151313414128,,99.43307753701183,99.43307753701183,3,A
8274,-61.5957271223901,15.409174539384123,,98.37565473068986,98.37565473068986,3,A
8275,-61.5957271223901,15.409197765354119,,101.59620183616924,101.59620183616924,3,A
8276,-61.5957271223901,15.409220991324112,,102.5384775506011,102.5384775506011,3,A
8277,-61.5957271223901,15.409244217294107,,99.69035797825126,99.69035797825126,3,A
8278,-61.59572712239011,15.409267443264103,,102.86835189697939,102.86835189697939,3,A
8279,-61.5957271223901,15.4092906692341,,95.70863271356106,95.70863271356106,3,A
8280,-61.5957271223901,15.409313895204093,,101.78425784850855,101.78425784850855,3,A
8281,-61.5957271223901,15.409337121174087,,96.74256942563306,96.74256942563306,3,A
8282,-61.59572712239011,15.409360347144084,,98.31749563022925,98.31749563022925,3,A
8283,-61.5957271223901,15.409383573114077,,100.22908501181706,100.22908501181706,3,A
8284,-61.5957271223901,15.409406799084072,,96.82588509585167,96.82588509585167,3,A
8285,-61.5957271223901,15.409430025054068,,99.210534726747,99.210534726747,3,A
8286,-61.59572712239011,15.409453251024065,,100.32885487849398,100.32885487849398,3,A
8287,-61.5957271223901,15.409476476994058,,100.89903403462262,100.89903403462262,3,A
8288,-61.5957271223901,15.409499702964052,,100.3997561577894,100.3997561577894,3,A
8289,-61.5957271223901,15.409522928934049,,97.73750805256142,97.73750805256142,3,A
8290,-61.59572712239011,15.409546154904042,,101.89765069428259,101.89765069428259,3,A
8291,-61.5957271223901,15.409569380874037,,101.791223103587,101.791223103587,3,A
8292,-61.5957271223901,15.409592606844033,,106.72895377684907,106.72895377684907,3,A
8293,-61.5957271223901,15.409615832814028,,99.91654378359402,99.91654378359402,3,A
8294,-61.5957271223901,15.409639058784023,,99.15760918564021,99.15760918564021,3,A
8295,-61.5957271223901,15.409662284754017,,97.34958210767076,97.34958210767076,3,A
8296,-61.5957271223901,15.409685510724012,,97.22648172661403,97.22648172661403,3,A
8297,-61.5957271223901,15.409708736694007,,103.14660524133215,103.14660524133215,3,A
8298,-61.5957271223901,15.409731962664003,,95.9752667335032,95.9752667335032,3,A
8299,-61.5957271223901,15.409755188633998,,102.97463634587095,102.97463634587095,3,A
8300,-61.5957271223901,15.409778414603993,,101.90566143730918,101.90566143730918,3,A
8301,-61.5957271223901,15.409801640573985,,106.02093352734116,106.02093352734116,3,A
8302,-61.5957271223901,15.409824866543982,,103.28185539705335,103.28185539705335,3,A
8303,-61.59572712239011,15.409848092513977,,99.5246663179783,99.5246663179783,3,A
8304,-61.59572712239011,15.409871318483972,,104.3144006572264,104.3144006572264,3,A
8305,-61.5957271223901,15.409894544453968,,101.65318416590117,101.65318416590117,3,A
8306,-61.5957271223901,15.409917770423963,,103.05154938102989,103.05154938102989,3,A
8307,-61.59572712239011,15.409940996393956,,101.69559645829986,101.69559645829986,3,A
8308,-61.5957271223901,15.40996422236395,,104.04592737187303,104.04592737187303,3,A
8309,-61.5957271223901,15.409987448333947,,106.693983296346,106.693983296346,3,A
8310,-61.5957271223901,15.410010674303942,,103.86679493953345,103.86679493953345,3,A
8311,-61.59572712239011,15.410033900273937,,103.5597125651705,103.5597125651705,3,A
8312,-61.5957271223901,15.410057126243931,,98.38124139421659,98.38124139421659,3,A
8313,-61.59572712239011,15.410080352213928,,104.05171561604399,104.05171561604399,3,A
8314,-61.5957271223901,15.410103578183922,,101.64992119851048,101.64992119851048,3,A
8315,-61.5957271223901,15.410126804153915,,99.87546924925277,99.87546924925277,3,A
8316,-61.5957271223901,15.410150030123912,,103.52921315471349,103.52921315471349,3,A
8317,-61.5957271223901,15.410173256093907,,105.18856296172622,105.18856296172622,3,A
8318,-61.5957271223901,15.410196482063903,,98.8184836499139,98.8184836499139,3,A
8319,-61.5957271223901,15.410219708033896,,101.92727289584043,101.92727289584043,3,A
8320,-61.5957271223901,15.410242934003893,,102.48399235838941,102.48399235838941,3,A
8321,-61.59572712239011,15.410266159973887,,103.54498076608978,103.54498076608978,3,A
8322,-61.5957271223901,15.410289385943882,,102.21266833099448,102.21266833099448,3,A
8323,-61.5957271223901,15.410312611913877,,100.16700242699329,100.16700242699329,3,A
8324,-61.5957271223901,15.410335837883872,,102.52369921474686,102.52369921474686,3,A
8325,-61.59572712239011,15.410359063853868,,101.46847455075608,101.46847455075608,3,A
8326,-61.5957271223901,15.410382289823861,,104.80182652437499,104.80182652437499,3,A
8327,-61.5957271223901,15.410405515793855,,103.32336971044533,103.32336971044533,3,A
8328,-61.5957271223901,15.410428741763852,,100.5158587791471,100.5158587791471,3,A
8329,-61.59572712239011,15.410451967733847,,101.5509252037296,101.5509252037296,3,A
8330,-61.5957271223901,15.41047519370384,,98.75650022598433,98.75650022598433,3,A
8331,-61.5957271223901,15.410498419673836,,105.61402385148428,105.61402385148428,3,A
8332,-61.5957271223901,15.410521645643833,,97.8324670978639,97.8324670978639,3,A
8333,-61.5957271223901,15.410544871613826,,104.32153540053712,104.32153540053712,3,A
8334,-61.5957271223901,15.41056809758382,,100.90728653485029,100.90728653485029,3,A
8335,-61.5957271223901,15.410591323553817,,102.57233240314096,102.57233240314096,3,A
8336,-61.5957271223901,15.410614549523812,,103.36713554522026,103.36713554522026,3,A
8337,-61.5957271223901,15.410637775493806,,109.22775822269125,109.22775822269125,3,A
8338,-61.5957271223901,15.4106610014638,,102.66297096847833,102.66297096847833,3,A
8339,-61.59572712239011,15.410684227433798,,106.89913756632086,106.89913756632086,3,A
8340,-61.595727122390095,15.41070745340379,,100.81556141948684,100.81556141948684,3,A
8341,-61.5957271223901,15.410730679373785,,106.23194180522316,106.23194180522316,3,A
8342,-61.5957271223901,15.410753905343782,,102.57581384827944,102.57581384827944,3,A
8343,-61.5957271223901,15.410777131313777,,95.85710934241868,95.85710934241868,3,A
8344,-61.5957271223901,15.41080035728377,,103.78764142136744,103.78764142136744,3,A
8345,-61.5957271223901,15.410823583253766,,99.71770987358225,99.71770987358225,3,A
8346,-61.5957271223901,15.410846809223763,,101.09639377239976,101.09639377239976,3,A
8347,-61.59572712239011,15.410870035193756,,102.90638176899621,102.90638176899621,3,A
8348,-61.5957271223901,15.41089326116375,,106.44636182328966,106.44636182328966,3,A
8349,-61.5957271223901,15.410916487133747,,100.0269168725349,100.0269168725349,3,A
8350,-61.5957271223901,15.41093971310374,,100.44486978184315,100.44486978184315,3,A
8351,-61.5957271223901,15.410962939073736,,97.53334932258464,97.53334932258464,3,A
8352,-61.5957271223901,15.410986165043731,,102.4378061926196,102.4378061926196,3,A
8353,-61.5957271223901,15.411009391013724,,104.40166409950733,104.40166409950733,3,A
8354,-61.5957271223901,15.411032616983722,,98.99172317128001,98.99172317128001,3,A
8355,-61.5957271223901,15.411055842953715,,102.01261144992557,102.01261144992557,3,A
8356,-61.59572712239011,15.41107906892371,,100.89938530765868,100.89938530765868,3,A
8357,-61.5957271223901,15.411102294893706,,101.35983257147672,101.35983257147672,3,A
8358,-61.5957271223901,15.4111255208637,,100.53474577509421,100.53474577509421,3,A
8359,-61.5957271223901,15.411148746833696,,103.8079766883686,103.8079766883686,3,A
8360,-61.59572712239011,15.41117197280369,,105.87158930664891,105.87158930664891,3,A
8361,-61.59572712239011,15.411195198773687,,98.57813483665842,98.57813483665842,3,A
8362,-61.5957271223901,15.41121842474368,,100.01713027616269,100.01713027616269,3,A
8363,-61.5957271223901,15.411241650713675,,111.56669501550479,111.56669501550479,3,A
8364,-61.59572712239011,15.41126487668367,,106.46134644803287,106.46134644803287,3,A
8365,-61.5957271223901,15.411288102653666,,100.30285777541577,100.30285777541577,3,A
8366,-61.5957271223901,15.41131132862366,,100.5824218216033,100.5824218216033,3,A
8367,-61.5957271223901,15.411334554593655,,105.3306823090438,105.3306823090438,3,A
8368,-61.59572712239011,15.411357780563652,,107.48589305566084,107.48589305566084,3,A
8369,-61.5957271223901,15.411381006533645,,102.24903424506444,102.24903424506444,3,A
8370,-61.5957271223901,15.41140423250364,,107.27538519493368,107.27538519493368,3,A
8371,-61.5957271223901,15.411427458473636,,98.16007172799591,98.16007172799591,3,A
8372,-61.59572712239011,15.411450684443633,,103.96809879027828,103.96809879027828,3,A
8373,-61.5957271223901,15.411473910413624,,105.92422562471543,105.92422562471543,3,A
8374,-61.5957271223901,15.41149713638362,,100.35135443355989,100.35135443355989,3,A
8375,-61.5957271223901,15.411520362353615,,103.55279108835518,103.55279108835518,3,A
8376,-61.5957271223901,15.41154358832361,,101.90044826818216,101.90044826818216,3,A
8377,-61.5957271223901,15.411566814293606,,102.48240733936949,102.48240733936949,3,A
8378,-61.59572712239011,15.4115900402636,,104.28977785223768,104.28977785223768,3,A
8379,-61.5957271223901,15.411613266233594,,105.31766100948111,105.31766100948111,3,A
8380,-61.5957271223901,15.41163649220359,,105.81441031658869,105.81441031658869,3,A
8381,-61.5957271223901,15.411659718173585,,100.295919647624,100.295919647624,3,A
8382,-61.59572712239011,15.41168294414358,,102.39072450806225,102.39072450806225,3,A
8383,-61.5957271223901,15.411706170113575,,101.28562255671831,101.28562255671831,3,A
8384,-61.5957271223901,15.41172939608357,,96.21001877347472,96.21001877347472,3,A
8385,-61.5957271223901,15.411752622053566,,105.73151482289745,105.73151482289745,3,A
8386,-61.59572712239011,15.41177584802356,,100.41129617262335,100.41129617262335,3,A
8387,-61.5957271223901,15.411799073993555,,104.99062238598096,104.99062238598096,3,A
8388,-61.5957271223901,15.41182229996355,,99.40388273511988,99.40388273511988,3,A
8389,-61.5957271223901,15.411845525933545,,103.42118588005782,103.42118588005782,3,A
8390,-61.5957271223901,15.411868751903539,,100.84653279611783,100.84653279611783,3,A
8391,-61.5957271223901,15.411891977873534,,104.99477554146573,104.99477554146573,3,A
8392,-61.5957271223901,15.41191520384353,,103.31405535077614,103.31405535077614,3,A
8393,-61.5957271223901,15.411938429813524,,101.62985920397601,101.62985920397601,3,A
8394,-61.5957271223901,15.411961655783518,,103.72826605041038,103.72826605041038,3,A
8395,-61.5957271223901,15.411984881753515,,100.98367625399594,100.98367625399594,3,A
8396,-61.5957271223901,15.41200810772351,,106.37743573169722,106.37743573169722,3,A
8397,-61.5957271223901,15.412031333693506,,105.69214986833849,105.69214986833849,3,A
8398,-61.5957271223901,15.412054559663499,,107.08693159326616,107.08693159326616,3,A
8399,-61.5957271223901,15.412077785633494,,97.08947093844222,97.08947093844222,3,A
8400,-61.5957271223901,15.41210101160349,,104.58638288573714,104.58638288573714,3,A
8401,-61.595727122390095,15.412124237573483,,101.3916132729273,101.3916132729273,3,A
8402,-61.5957271223901,15.41214746354348,,103.0207530805942,103.0207530805942,3,A
8403,-61.5957271223901,15.412170689513475,,104.36426127205009,104.36426127205009,3,A
8404,-61.59572712239011,15.41219391548347,,102.15043445872362,102.15043445872362,3,A
8405,-61.5957271223901,15.412217141453464,,102.62289250997216,102.62289250997216,3,A
8406,-61.5957271223901,15.41224036742346,,101.3932299070531,101.3932299070531,3,A
8407,-61.5957271223901,15.412263593393455,,104.35909170877389,104.35909170877389,3,A
8408,-61.5957271223901,15.412286819363448,,103.29799146590753,103.29799146590753,3,A
8409,-61.5957271223901,15.412310045333443,,105.4907696954297,105.4907696954297,3,A
8410,-61.5957271223901,15.412333271303439,,103.63289559140516,103.63289559140516,3,A
8411,-61.59572712239011,15.412356497273436,,102.42365956148105,102.42365956148105,3,A
8412,-61.5957271223901,15.412379723243427,,102.96409127096202,102.96409127096202,3,A
8413,-61.59572712239011,15.412402949213423,,101.33155019413672,101.33155019413672,3,A
8414,-61.5957271223901,15.41242617518342,,105.18359623167967,105.18359623167967,3,A
8415,-61.5957271223901,15.412449401153413,,103.07729206460957,103.07729206460957,3,A
8416,-61.5957271223901,15.412472627123408,,95.64211936186547,95.64211936186547,3,A
8417,-61.59572712239011,15.412495853093404,,103.04480473820031,103.04480473820031,3,A
8418,-61.5957271223901,15.412519079063399,,100.67710230141874,100.67710230141874,3,A
8419,-61.5957271223901,15.412542305033393,,102.89948003002137,102.89948003002137,3,A
8420,-61.5957271223901,15.412565531003388,,106.33078434635574,106.33078434635574,3,A
8421,-61.59572712239011,15.412588756973385,,105.02893027556046,105.02893027556046,3,A
8422,-61.5957271223901,15.41261198294338,,102.37763430262811,102.37763430262811,3,A
8423,-61.5957271223901,15.412635208913374,,109.89284494469007,109.89284494469007,3,A
8424,-61.5957271223901,15.412658434883369,,105.05200820698144,105.05200820698144,3,A
8425,-61.59572712239011,15.412681660853364,,105.84119964721121,105.84119964721121,3,A
8426,-61.5957271223901,15.412704886823358,,99.76383015097775,99.76383015097775,3,A
8427,-61.5957271223901,15.412728112793353,,105.16963909353791,105.16963909353791,3,A
8428,-61.5957271223901,15.41275133876335,,107.52029208100858,107.52029208100858,3,A
8429,-61.59572712239011,15.412774564733345,,101.63180399148631,101.63180399148631,3,A
8430,-61.5957271223901,15.412797790703339,,105.85291252563508,105.85291252563508,3,A
8431,-61.5957271223901,15.412821016673332,,105.33211658644309,105.33211658644309,3,A
8432,-61.5957271223901,15.412844242643327,,104.53162235392765,104.53162235392765,3,A
8433,-61.5957271223901,15.412867468613323,,102.36005467615419,102.36005467615419,3,A
8434,-61.5957271223901,15.412890694583318,,106.05136450850284,106.05136450850284,3,A
8435,-61.5957271223901,15.412913920553313,,108.52083960709885,108.52083960709885,3,A
8436,-61.5957271223901,15.41293714652331,,105.66906010973986,105.66906010973986,3,A
8437,-61.5957271223901,15.412960372493304,,105.11060157990667,105.11060157990667,3,A
8438,-61.5957271223901,15.412983598463297,,106.36919326464074,106.36919326464074,3,A
8439,-61.59572712239011,15.413006824433293,,104.44558032491014,104.44558032491014,3,A
8440,-61.5957271223901,15.413030050403288,,104.38520784411804,104.38520784411804,3,A
8441,-61.5957271223901,15.413053276373283,,104.85168651322418,104.85168651322418,3,A
8442,-61.5957271223901,15.413076502343278,,104.27767352974124,104.27767352974124,3,A
8443,-61.59572712239011,15.413099728313274,,102.17817622091779,102.17817622091779,3,A
8444,-61.5957271223901,15.413122954283269,,97.74021607876047,97.74021607876047,3,A
8445,-61.5957271223901,15.413146180253262,,103.44060606820986,103.44060606820986,3,A
8446,-61.5957271223901,15.413169406223258,,102.94748679955411,102.94748679955411,3,A
8447,-61.59572712239011,15.413192632193255,,101.78304544829452,101.78304544829452,3,A
8448,-61.5957271223901,15.413215858163248,,102.50081643244448,102.50081643244448,3,A
8449,-61.5957271223901,15.413239084133243,,106.34378168691312,106.34378168691312,3,A
8450,-61.5957271223901,15.413262310103239,,106.86060842731386,106.86060842731386,3,A
8451,-61.5957271223901,15.413285536073232,,110.1852023443349,110.1852023443349,3,A
8452,-61.5957271223901,15.413308762043227,,101.96779747487095,101.96779747487095,3,A
8453,-61.5957271223901,15.413331988013223,,100.37353377427031,100.37353377427031,3,A
8454,-61.5957271223901,15.41335521398322,,108.78619434048338,108.78619434048338,3,A
8455,-61.5957271223901,15.413378439953213,,104.7505774160098,104.7505774160098,3,A
8456,-61.5957271223901,15.413401665923208,,104.29235977810197,104.29235977810197,3,A
8457,-61.5957271223901,15.413424891893202,,100.5415732366286,100.5415732366286,3,A
8458,-61.5957271223901,15.413448117863197,,102.99530514526944,102.99530514526944,3,A
8459,-61.5957271223901,15.413471343833193,,100.67226230135176,100.67226230135176,3,A
8460,-61.59572712239011,15.413494569803188,,104.91756098393647,104.91756098393647,3,A
8461,-61.59572712239011,15.413517795773185,,105.49851506792395,105.49851506792395,3,A
8462,-61.5957271223901,15.413541021743178,,101.25448257574415,101.25448257574415,3,A
8463,-61.5957271223901,15.413564247713174,,104.27642455917676,104.27642455917676,3,A
8464,-61.59572712239011,15.413587473683167,,99.35676932861658,99.35676932861658,3,A
8465,-61.5957271223901,15.413610699653162,,100.28399885166158,100.28399885166158,3,A
8466,-61.5957271223901,15.413633925623158,,103.65992300040396,103.65992300040396,3,A
8467,-61.5957271223901,15.413657151593153,,110.83532847509082,110.83532847509082,3,A
8468,-61.59572712239011,15.413680377563148,,105.51247683556575,105.51247683556575,3,A
8469,-61.5957271223901,15.413703603533143,,106.366146352202,106.366146352202,3,A
8470,-61.59572712239011,15.413726829503139,,105.18438486217526,105.18438486217526,3,A
8471,-61.5957271223901,15.413750055473132,,104.77732032338395,104.77732032338395,3,A
8472,-61.59572712239011,15.413773281443127,,105.62028936656111,105.62028936656111,3,A
8473,-61.5957271223901,15.413796507413121,,98.64808242985062,98.64808242985062,3,A
8474,-61.5957271223901,15.413819733383118,,105.1265346083958,105.1265346083958,3,A
8475,-61.5957271223901,15.413842959353113,,105.65012739702242,105.65012739702242,3,A
8476,-61.5957271223901,15.413866185323107,,103.44182419922177,103.44182419922177,3,A
8477,-61.5957271223901,15.413889411293102,,103.72402392389155,103.72402392389155,3,A
8478,-61.59572712239011,15.413912637263097,,104.31249078035103,104.31249078035103,3,A
8479,-61.5957271223901,15.413935863233093,,108.52490203444421,108.52490203444421,3,A
8480,-61.5957271223901,15.413959089203086,,104.72916801870754,104.72916801870754,3,A
8481,-61.5957271223901,15.413982315173083,,101.28164562612668,101.28164562612668,3,A
8482,-61.59572712239011,15.414005541143078,,105.89751670889353,105.89751670889353,3,A
8483,-61.5957271223901,15.414028767113072,,103.84428793105708,103.84428793105708,3,A
8484,-61.5957271223901,15.414051993083067,,103.84787487981274,103.84787487981274,3,A
8485,-61.5957271223901,15.414075219053062,,103.20664873952445,103.20664873952445,3,A
8486,-61.59572712239011,15.414098445023058,,99.68168111126869,99.68168111126869,3,A
8487,-61.5957271223901,15.414121670993051,,108.92285765263647,108.92285765263647,3,A
8488,-61.5957271223901,15.414144896963048,,101.33568496420179,101.33568496420179,3,A
8489,-61.5957271223901,15.414168122933043,,105.62244582793632,105.62244582793632,3,A
8490,-61.5957271223901,15.414191348903035,,99.001288472165,99.001288472165,3,A
8491,-61.5957271223901,15.41421457487303,,107.78941012612347,107.78941012612347,3,A
8492,-61.5957271223901,15.414237800843026,,106.59739914910222,106.59739914910222,3,A
8493,-61.5957271223901,15.414261026813023,,101.97978941318922,101.97978941318922,3,A
8494,-61.5957271223901,15.414284252783016,,102.01054554563605,102.01054554563605,3,A
8495,-61.5957271223901,15.414307478753013,,101.59332381811396,101.59332381811396,3,A
8496,-61.59572712239011,15.414330704723008,,106.64199957109497,106.64199957109497,3,A
8497,-61.5957271223901,15.414353930693002,,107.93211051232963,107.93211051232963,3,A
8498,-61.5957271223901,15.414377156662995,,108.01124277687391,108.01124277687391,3,A
8499,-61.5957271223901,15.41440038263299,,104.18532453014848,104.18532453014848,3,A
8500,-61.5957271223901,15.414423608602988,,109.05126680797568,109.05126680797568,3,A
8501,-61.595727122390095,15.414446834572981,,104.69450077588543,104.69450077588543,3,A
8502,-61.5957271223901,15.414470060542978,,103.37834854761624,103.37834854761624,3,A
8503,-61.5957271223901,15.414493286512972,,107.14799575121518,107.14799575121518,3,A
8504,-61.59572712239011,15.414516512482967,,102.557139183852,102.557139183852,3,A
8505,-61.5957271223901,15.41453973845296,,102.22148498973318,102.22148498973318,3,A
8506,-61.5957271223901,15.414562964422956,,104.09802615606581,104.09802615606581,3,A
8507,-61.5957271223901,15.414586190392953,,106.71074247562856,106.71074247562856,3,A
8508,-61.5957271223901,15.414609416362946,,106.22177781749173,106.22177781749173,3,A
8509,-61.5957271223901,15.414632642332942,,107.42629838087267,107.42629838087267,3,A
8510,-61.5957271223901,15.414655868302935,,103.78152119478423,103.78152119478423,3,A
8511,-61.5957271223901,15.414679094272932,,103.70780272551676,103.70780272551676,3,A
8512,-61.5957271223901,15.414702320242926,,103.72012498913331,103.72012498913331,3,A
8513,-61.59572712239011,15.414725546212921,,101.24679642917404,101.24679642917404,3,A
8514,-61.5957271223901,15.414748772182918,,105.81062834236548,105.81062834236548,3,A
8515,-61.5957271223901,15.414771998152911,,105.49357851881331,105.49357851881331,3,A
8516,-61.5957271223901,15.414795224122905,,106.65102804496848,106.65102804496848,3,A
8517,-61.59572712239011,15.4148184500929,,103.98362311901258,103.98362311901258,3,A
8518,-61.5957271223901,15.414841676062895,,101.29271612310465,101.29271612310465,3,A
8519,-61.5957271223901,15.41486490203289,,106.51434790418494,106.51434790418494,3,A
8520,-61.5957271223901,15.414888128002886,,104.98354420907565,104.98354420907565,3,A
8521,-61.59572712239011,15.414911353972883,,107.28527509996134,107.28527509996134,3,A
8522,-61.59572712239011,15.414934579942878,,102.96598097601675,102.96598097601675,3,A
8523,-61.5957271223901,15.41495780591287,,102.98798618076438,102.98798618076438,3,A
8524,-61.5957271223901,15.414981031882865,,104.66797855550888,104.66797855550888,3,A
8525,-61.59572712239011,15.41500425785286,,107.31426817098671,107.31426817098671,3,A
8526,-61.5957271223901,15.415027483822856,,108.58717660905687,108.58717660905687,3,A
8527,-61.5957271223901,15.415050709792851,,106.24223952103871,106.24223952103871,3,A
8528,-61.5957271223901,15.415073935762846,,103.30232438965238,103.30232438965238,3,A
8529,-61.59572712239011,15.415097161732842,,100.76338733308837,100.76338733308837,3,A
8530,-61.5957271223901,15.415120387702835,,107.16598164804428,107.16598164804428,3,A
8531,-61.5957271223901,15.41514361367283,,106.03905119074538,106.03905119074538,3,A
8532,-61.5957271223901,15.415166839642826,,108.9424801053488,108.9424801053488,3,A
8533,-61.5957271223901,15.41519006561282,,103.4452176799166,103.4452176799166,3,A
8534,-61.5957271223901,15.415213291582816,,107.9376266431838,107.9376266431838,3,A
8535,-61.5957271223901,15.415236517552811,,104.70008851371338,104.70008851371338,3,A
8536,-61.5957271223901,15.415259743522807,,104.02975834497244,104.02975834497244,3,A
8537,-61.5957271223901,15.4152829694928,,102.50630970855195,102.50630970855195,3,A
8538,-61.5957271223901,15.415306195462795,,103.27217709711577,103.27217709711577,3,A
8539,-61.59572712239011,15.41532942143279,,100.14244750012769,100.14244750012769,3,A
8540,-61.5957271223901,15.415352647402784,,110.13828889059653,110.13828889059653,3,A
8541,-61.5957271223901,15.415375873372781,,104.77696601457362,104.77696601457362,3,A
8542,-61.5957271223901,15.415399099342775,,108.06632060088405,108.06632060088405,3,A
8543,-61.59572712239011,15.41542232531277,,107.02566247946444,107.02566247946444,3,A
8544,-61.5957271223901,15.415445551282765,,104.10268875436407,104.10268875436407,3,A
8545,-61.5957271223901,15.41546877725276,,99.50163876292383,99.50163876292383,3,A
8546,-61.5957271223901,15.415492003222756,,105.44403024260492,105.44403024260492,3,A
8547,-61.59572712239011,15.415515229192751,,101.55187521181523,101.55187521181523,3,A
8548,-61.5957271223901,15.415538455162746,,100.80663132507958,100.80663132507958,3,A
8549,-61.5957271223901,15.41556168113274,,110.2707218820084,110.2707218820084,3,A
8550,-61.5957271223901,15.415584907102735,,106.20342748306008,106.20342748306008,3,A
8551,-61.5957271223901,15.415608133072729,,107.09361682825468,107.09361682825468,3,A
8552,-61.5957271223901,15.415631359042726,,105.78179585734632,105.78179585734632,3,A
8553,-61.5957271223901,15.415654585012721,,105.7885928419573,105.7885928419573,3,A
8554,-61.5957271223901,15.415677810982716,,108.93803729682196,108.93803729682196,3,A
8555,-61.5957271223901,15.415701036952708,,109.83400792537961,109.83400792537961,3,A
8556,-61.5957271223901,15.415724262922705,,104.719058332901,104.719058332901,3,A
8557,-61.5957271223901,15.4157474888927,,101.34359039390436,101.34359039390436,3,A
8558,-61.595727122390095,15.415770714862694,,106.59029149318243,106.59029149318243,3,A
8559,-61.5957271223901,15.415793940832689,,105.52571493268641,105.52571493268641,3,A
8560,-61.5957271223901,15.415817166802686,,112.22510837097752,112.22510837097752,3,A
8561,-61.59572712239011,15.415840392772681,,107.54698659802303,107.54698659802303,3,A
8562,-61.5957271223901,15.415863618742673,,104.28118979233827,104.28118979233827,3,A
8563,-61.5957271223901,15.41588684471267,,104.89835391398739,104.89835391398739,3,A
8564,-61.5957271223901,15.415910070682665,,107.54387328173685,107.54387328173685,3,A
8565,-61.5957271223901,15.415933296652659,,108.89948877787289,108.89948877787289,3,A
8566,-61.5957271223901,15.415956522622654,,105.94425799080996,105.94425799080996,3,A
8567,-61.5957271223901,15.415979748592651,,107.43993247208698,107.43993247208698,3,A
8568,-61.59572712239011,15.416002974562645,,106.97449002015527,106.97449002015527,3,A
8569,-61.5957271223901,15.416026200532638,,103.79866821414653,103.79866821414653,3,A
8570,-61.59572712239011,15.416049426502635,,106.19884544265786,106.19884544265786,3,A
8571,-61.5957271223901,15.41607265247263,,106.61303182810565,106.61303182810565,3,A
8572,-61.59572712239011,15.416095878442626,,107.0122435325133,107.0122435325133,3,A
8573,-61.5957271223901,15.41611910441262,,107.97661138093393,107.97661138093393,3,A
8574,-61.59572712239011,15.416142330382616,,102.813211229175,102.813211229175,3,A
8575,-61.5957271223901,15.41616555635261,,107.14622431763708,107.14622431763708,3,A
8576,-61.5957271223901,15.416188782322603,,108.54888641024881,108.54888641024881,3,A
8577,-61.5957271223901,15.4162120082926,,102.766003098237,102.766003098237,3,A
8578,-61.59572712239011,15.416235234262595,,109.20144515487705,109.20144515487705,3,A
8579,-61.5957271223901,15.41625846023259,,102.95634787004585,102.95634787004585,3,A
8580,-61.5957271223901,15.416281686202584,,104.31057875782281,104.31057875782281,3,A
8581,-61.5957271223901,15.416304912172578,,111.80643446970018,111.80643446970018,3,A
8582,-61.59572712239011,15.416328138142575,,101.75044536316152,101.75044536316152,3,A
8583,-61.5957271223901,15.416351364112568,,105.6441405829749,105.6441405829749,3,A
8584,-61.5957271223901,15.416374590082564,,100.9622566885289,100.9622566885289,3,A
8585,-61.5957271223901,15.416397816052559,,104.01189539959658,104.01189539959658,3,A
8586,-61.59572712239011,15.416421042022556,,104.1144139318621,104.1144139318621,3,A
8587,-61.5957271223901,15.41644426799255,,105.77513204326544,105.77513204326544,3,A
8588,-61.5957271223901,15.416467493962543,,102.69778917458416,102.69778917458416,3,A
8589,-61.5957271223901,15.41649071993254,,110.03609954894708,110.03609954894708,3,A
8590,-61.5957271223901,15.416513945902533,,106.91730509643226,106.91730509643226,3,A
8591,-61.5957271223901,15.416537171872529,,108.89396188622779,108.89396188622779,3,A
8592,-61.5957271223901,15.416560397842524,,105.97006282658806,105.97006282658806,3,A
8593,-61.5957271223901,15.416583623812521,,104.77630718356473,104.77630718356473,3,A
8594,-61.5957271223901,15.416606849782514,,104.29252147727779,104.29252147727779,3,A
8595,-61.5957271223901,15.416630075752508,,103.38009178094833,103.38009178094833,3,A
8596,-61.59572712239011,15.416653301722505,,106.04733142672039,106.04733142672039,3,A
8597,-61.5957271223901,15.4166765276925,,102.64964164881593,102.64964164881593,3,A
8598,-61.5957271223901,15.416699753662494,,107.57522770838598,107.57522770838598,3,A
8599,-61.5957271223901,15.416722979632489,,110.46259707730968,110.46259707730968,3,A
8600,-61.59572712239011,15.416746205602486,,106.80383317063826,106.80383317063826,3,A
8601,-61.5957271223901,15.416769431572478,,106.90857418408305,106.90857418408305,3,A
8602,-61.5957271223901,15.416792657542473,,107.17273006026987,107.17273006026987,3,A
8603,-61.5957271223901,15.41681588351247,,115.88970985846771,115.88970985846771,3,A
8604,-61.59572712239011,15.416839109482465,,106.87007437877192,106.87007437877192,3,A
8605,-61.5957271223901,15.416862335452459,,102.8558698390697,102.8558698390697,3,A
8606,-61.5957271223901,15.416885561422454,,111.3294636858932,111.3294636858932,3,A
8607,-61.5957271223901,15.416908787392448,,104.19559704427874,104.19559704427874,3,A
8608,-61.5957271223901,15.416932013362441,,101.60039509132699,101.60039509132699,3,A
8609,-61.5957271223901,15.416955239332438,,106.21046801017503,106.21046801017503,3,A
8610,-61.5957271223901,15.416978465302433,,102.87258830726726,102.87258830726726,3,A
8611,-61.5957271223901,15.417001691272429,,105.3297237388751,105.3297237388751,3,A
8612,-61.5957271223901,15.417024917242424,,107.73106333736416,107.73106333736416,3,A
8613,-61.5957271223901,15.41704814321242,,108.67257397495703,108.67257397495703,3,A
8614,-61.5957271223901,15.417071369182413,,110.11488104117966,110.11488104117966,3,A
8615,-61.595727122390095,15.417094595152406,,109.17004425436414,109.17004425436414,3,A
8616,-61.5957271223901,15.417117821122403,,104.55336367506027,104.55336367506027,3,A
8617,-61.5957271223901,15.417141047092398,,105.49333415491898,105.49333415491898,3,A
8618,-61.5957271223901,15.417164273062394,,103.78757748237254,103.78757748237254,3,A
8619,-61.5957271223901,15.417187499032389,,107.19973633021566,107.19973633021566,3,A
8620,-61.5957271223901,15.417210725002384,,103.05024907739947,103.05024907739947,3,A
8621,-61.59572712239011,15.417233950972378,,103.86519987402481,103.86519987402481,3,A
8622,-61.59572712239011,15.417257176942375,,102.77189096964031,102.77189096964031,3,A
8623,-61.5957271223901,15.417280402912368,,107.5546225303762,107.5546225303762,3,A
8624,-61.5957271223901,15.417303628882363,,104.19746833326148,104.19746833326148,3,A
8625,-61.59572712239011,15.417326854852359,,108.1917792267551,108.1917792267551,3,A
8626,-61.5957271223901,15.417350080822352,,105.87135826798163,105.87135826798163,3,A
8627,-61.59572712239011,15.417373306792348,,106.80103291152508,106.80103291152508,3,A
8628,-61.5957271223901,15.417396532762343,,108.32737055552839,108.32737055552839,3,A
8629,-61.59572712239011,15.417419758732338,,105.65358176665819,105.65358176665819,3,A
8630,-61.5957271223901,15.417442984702333,,105.818743303324,105.818743303324,3,A
8631,-61.5957271223901,15.417466210672329,,112.30513597089646,112.30513597089646,3,A
8632,-61.5957271223901,15.417489436642324,,106.77888182259365,106.77888182259365,3,A
8633,-61.5957271223901,15.417512662612317,,108.32797995220827,108.32797995220827,3,A
8634,-61.5957271223901,15.41753588858231,,105.62256872106308,105.62256872106308,3,A
8635,-61.5957271223901,15.417559114552308,,103.1976113986663,103.1976113986663,3,A
8636,-61.5957271223901,15.417582340522303,,101.93555530813572,101.93555530813572,3,A
8637,-61.5957271223901,15.417605566492298,,105.64895640126548,105.64895640126548,3,A
8638,-61.5957271223901,15.417628792462294,,112.70137406589451,112.70137406589451,3,A
8639,-61.59572712239011,15.417652018432289,,109.8221312105593,109.8221312105593,3,A
8640,-61.5957271223901,15.41767524440228,,112.45202756531566,112.45202756531566,3,A
8641,-61.5957271223901,15.417698470372276,,104.11367402765907,104.11367402765907,3,A
8642,-61.5957271223901,15.417721696342273,,109.04980850920725,109.04980850920725,3,A
8643,-61.59572712239011,15.417744922312268,,103.75031255326962,103.75031255326962,3,A
8644,-61.5957271223901,15.417768148282263,,102.72377968019322,102.72377968019322,3,A
8645,-61.5957271223901,15.417791374252257,,102.66481367968497,102.66481367968497,3,A
8646,-61.5957271223901,15.417814600222254,,100.8388087631148,100.8388087631148,3,A
8647,-61.59572712239011,15.417837826192248,,105.2837661925599,105.2837661925599,3,A
8648,-61.5957271223901,15.417861052162241,,112.44047170876175,112.44047170876175,3,A
8649,-61.5957271223901,15.417884278132238,,102.55733850575608,102.55733850575608,3,A
8650,-61.5957271223901,15.417907504102233,,104.24591195139493,104.24591195139493,3,A
8651,-61.5957271223901,15.417930730072227,,109.2477552632458,109.2477552632458,3,A
8652,-61.5957271223901,15.417953956042222,,107.72403579033194,107.72403579033194,3,A
8653,-61.59572712239011,15.417977182012217,,103.62037898213308,103.62037898213308,3,A
8654,-61.5957271223901,15.418000407982213,,105.4012323382566,105.4012323382566,3,A
8655,-61.5957271223901,15.418023633952206,,111.56776975435619,111.56776975435619,3,A
8656,-61.5957271223901,15.418046859922203,,103.14463581026308,103.14463581026308,3,A
8657,-61.5957271223901,15.418070085892198,,100.88040025650697,100.88040025650697,3,A
8658,-61.595727122390095,15.418093311862192,,108.59449447407185,108.59449447407185,3,A
8659,-61.5957271223901,15.418116537832187,,103.28110765571131,103.28110765571131,3,A
8660,-61.5957271223901,15.41813976380218,,106.00950945636035,106.00950945636035,3,A
8661,-61.59572712239011,15.418162989772178,,107.38676279102786,107.38676279102786,3,A
8662,-61.5957271223901,15.418186215742171,,107.67382838712143,107.67382838712143,3,A
8663,-61.5957271223901,15.418209441712168,,106.99390040511297,106.99390040511297,3,A
8664,-61.5957271223901,15.418232667682163,,105.67070099443276,105.67070099443276,3,A
8665,-61.5957271223901,15.418255893652157,,105.77076111665077,105.77076111665077,3,A
8666,-61.5957271223901,15.41827911962215,,108.71218387690331,108.71218387690331,3,A
8667,-61.5957271223901,15.418302345592146,,110.36519612848052,110.36519612848052,3,A
8668,-61.5957271223901,15.418325571562143,,108.96882841522559,108.96882841522559,3,A
8669,-61.5957271223901,15.418348797532136,,103.08167885946904,103.08167885946904,3,A
8670,-61.5957271223901,15.418372023502132,,107.2846897811703,107.2846897811703,3,A
8671,-61.5957271223901,15.418395249472127,,106.91578762677663,106.91578762677663,3,A
8672,-61.5957271223901,15.418418475442124,,108.8901564797008,108.8901564797008,3,A
8673,-61.5957271223901,15.418441701412116,,106.36919086773877,106.36919086773877,3,A
8674,-61.59572712239011,15.41846492738211,,107.85813706482796,107.85813706482796,3,A
8675,-61.5957271223901,15.418488153352108,,109.48627193386513,109.48627193386513,3,A
8676,-61.5957271223901,15.418511379322101,,104.54573499568323,104.54573499568323,3,A
8677,-61.5957271223901,15.418534605292097,,107.33290670420003,107.33290670420003,3,A
8678,-61.59572712239011,15.418557831262092,,104.91444668047562,104.91444668047562,3,A
8679,-61.59572712239011,15.418581057232087,,110.76885733723876,110.76885733723876,3,A
8680,-61.5957271223901,15.41860428320208,,102.39628376968138,102.39628376968138,3,A
8681,-61.5957271223901,15.418627509172076,,107.45396236732576,107.45396236732576,3,A
8682,-61.59572712239011,15.418650735142073,,106.33234035655619,106.33234035655619,3,A
8683,-61.5957271223901,15.418673961112066,,109.52053487715105,109.52053487715105,3,A
8684,-61.5957271223901,15.418697187082062,,108.95183286912389,108.95183286912389,3,A
8685,-61.5957271223901,15.418720413052057,,101.45471917895404,101.45471917895404,3,A
8686,-61.59572712239011,15.41874363902205,,110.19669503191295,110.19669503191295,3,A
8687,-61.5957271223901,15.418766864992046,,111.36795737204682,111.36795737204682,3,A
8688,-61.5957271223901,15.418790090962041,,106.20082097008216,106.20082097008216,3,A
8689,-61.5957271223901,15.418813316932036,,103.34952333818006,103.34952333818006,3,A
8690,-61.5957271223901,15.418836542902032,,109.16218390776241,109.16218390776241,3,A
8691,-61.5957271223901,15.418859768872027,,102.79447207412896,102.79447207412896,3,A
8692,-61.5957271223901,15.41888299484202,,108.96186943830584,108.96186943830584,3,A
8693,-61.5957271223901,15.418906220812016,,105.87439174415957,105.87439174415957,3,A
8694,-61.5957271223901,15.41892944678201,,104.00231752362627,104.00231752362627,3,A
8695,-61.5957271223901,15.418952672752006,,106.76217994592135,106.76217994592135,3,A
8696,-61.59572712239011,15.418975898722001,,103.25081719584941,103.25081719584941,3,A
8697,-61.5957271223901,15.418999124691997,,105.09612962531095,105.09612962531095,3,A
8698,-61.5957271223901,15.419022350661992,,104.11936215578,104.11936215578,3,A
8699,-61.5957271223901,15.419045576631985,,106.66849834789126,106.66849834789126,3,A
8700,-61.59572712239011,15.41906880260198,,107.79392566277659,107.79392566277659,3,A
8701,-61.5957271223901,15.419092028571974,,107.88338267719902,107.88338267719902,3,A
8702,-61.5957271223901,15.419115254541971,,106.46789133642238,106.46789133642238,3,A
8703,-61.5957271223901,15.419138480511966,,104.6203698085934,104.6203698085934,3,A
8704,-61.59572712239011,15.419161706481962,,110.14948398553928,110.14948398553928,3,A
8705,-61.5957271223901,15.419184932451955,,104.00066348783952,104.00066348783952,3,A
8706,-61.5957271223901,15.41920815842195,,103.41424937461325,103.41424937461325,3,A
8707,-61.5957271223901,15.419231384391946,,108.08608038182777,108.08608038182777,3,A
8708,-61.5957271223901,15.41925461036194,,110.63534549335219,110.63534549335219,3,A
8709,-61.5957271223901,15.419277836331936,,105.80185675628623,105.80185675628623,3,A
8710,-61.5957271223901,15.419301062301932,,102.81937104021087,102.81937104021087,3,A
8711,-61.5957271223901,15.419324288271927,,104.40175170945214,104.40175170945214,3,A
8712,-61.5957271223901,15.41934751424192,,108.98449198751662,108.98449198751662,3,A
8713,-61.5957271223901,15.419370740211916,,112.73867848918513,112.73867848918513,3,A
8714,-61.5957271223901,15.41939396618191,,112.28028257413703,112.28028257413703,3,A
8715,-61.595727122390095,15.419417192151904,,109.56714585178922,109.56714585178922,3,A
8716,-61.5957271223901,15.419440418121901,,105.17287061426133,105.17287061426133,3,A
8717,-61.5957271223901,15.419463644091897,,105.42867509435862,105.42867509435862,3,A
8718,-61.5957271223901,15.41948687006189,,105.21774216488797,105.21774216488797,3,A
8719,-61.5957271223901,15.419510096031885,,106.97630724578843,106.97630724578843,3,A
8720,-61.5957271223901,15.41953332200188,,105.75780274200346,105.75780274200346,3,A
8721,-61.5957271223901,15.419556547971876,,110.4434489802035,110.4434489802035,3,A
8722,-61.59572712239011,15.419579773941871,,109.45507114065421,109.45507114065421,3,A
8723,-61.5957271223901,15.419602999911866,,102.7614505430953,102.7614505430953,3,A
8724,-61.5957271223901,15.419626225881862,,102.30318025113598,102.30318025113598,3,A
8725,-61.59572712239011,15.419649451851855,,112.9095108961197,112.9095108961197,3,A
8726,-61.5957271223901,15.419672677821849,,110.8705427480697,110.8705427480697,3,A
8727,-61.59572712239011,15.419695903791844,,106.85645667181112,106.85645667181112,3,A
8728,-61.5957271223901,15.419719129761841,,106.18639159925434,106.18639159925434,3,A
8729,-61.59572712239011,15.419742355731836,,104.59334076266711,104.59334076266711,3,A
8730,-61.5957271223901,15.41976558170183,,107.61514749066966,107.61514749066966,3,A
8731,-61.59572712239011,15.419788807671825,,106.42111887246395,106.42111887246395,3,A
8732,-61.5957271223901,15.41981203364182,,108.01875136018255,108.01875136018255,3,A
8733,-61.5957271223901,15.419835259611814,,103.91014809011592,103.91014809011592,3,A
8734,-61.5957271223901,15.419858485581809,,109.00855118052763,109.00855118052763,3,A
8735,-61.59572712239011,15.419881711551806,,105.83463864744364,105.83463864744364,3,A
8736,-61.5957271223901,15.419904937521801,,110.99123594223092,110.99123594223092,3,A
8737,-61.5957271223901,15.419928163491795,,115.92263674197787,115.92263674197787,3,A
8738,-61.5957271223901,15.41995138946179,,105.24273078578436,105.24273078578436,3,A
8739,-61.59572712239011,15.419974615431785,,106.99725901178712,106.99725901178712,3,A
8740,-61.5957271223901,15.419997841401779,,108.79799028570845,108.79799028570845,3,A
8741,-61.5957271223901,15.420021067371774,,107.80247252515966,107.80247252515966,3,A
8742,-61.5957271223901,15.420044293341771,,107.95740837737505,107.95740837737505,3,A
8743,-61.59572712239011,15.420067519311766,,109.84796918727947,109.84796918727947,3,A
8744,-61.5957271223901,15.42009074528176,,102.80405365429772,102.80405365429772,3,A
8745,-61.5957271223901,15.420113971251753,,109.222664807324,109.222664807324,3,A
8746,-61.5957271223901,15.420137197221749,,104.6536399980734,104.6536399980734,3,A
8747,-61.59572712239011,15.420160423191746,,104.17622615058241,104.17622615058241,3,A
8748,-61.5957271223901,15.42018364916174,,107.92605737368282,107.92605737368282,3,A
8749,-61.5957271223901,15.420206875131734,,108.84369843100076,108.84369843100076,3,A
8750,-61.5957271223901,15.42023010110173,,107.87537107427029,107.87537107427029,3,A
8751,-61.5957271223901,15.420253327071723,,108.74410439482047,108.74410439482047,3,A
8752,-61.5957271223901,15.420276553041719,,111.30748288795384,111.30748288795384,3,A
8753,-61.59572712239011,15.420299779011714,,103.63386286737463,103.63386286737463,3,A
8754,-61.5957271223901,15.42032300498171,,111.76601832191432,111.76601832191432,3,A
8755,-61.5957271223901,15.420346230951704,,108.01081020459189,108.01081020459189,3,A
8756,-61.5957271223901,15.4203694569217,,102.53537247540929,102.53537247540929,3,A
8757,-61.59572712239011,15.420392682891695,,106.31793843509976,106.31793843509976,3,A
8758,-61.5957271223901,15.420415908861688,,106.9442168261513,106.9442168261513,3,A
8759,-61.5957271223901,15.420439134831684,,103.72403444273007,103.72403444273007,3,A
8760,-61.5957271223901,15.420462360801679,,114.82061767823026,114.82061767823026,3,A
8761,-61.59572712239011,15.420485586771676,,109.75026119617914,109.75026119617914,3,A
8762,-61.5957271223901,15.42050881274167,,114.02674344470195,114.02674344470195,3,A
8763,-61.5957271223901,15.420532038711665,,111.04567886939287,111.04567886939287,3,A
8764,-61.5957271223901,15.420555264681658,,107.5219076790151,107.5219076790151,3,A
8765,-61.5957271223901,15.420578490651653,,111.47000155077089,111.47000155077089,3,A
8766,-61.5957271223901,15.420601716621649,,114.69321237297358,114.69321237297358,3,A
8767,-61.5957271223901,15.420624942591644,,107.81147687437837,107.81147687437837,3,A
8768,-61.5957271223901,15.42064816856164,,112.11211311516992,112.11211311516992,3,A
8769,-61.5957271223901,15.420671394531634,,111.85875919572919,111.85875919572919,3,A
8770,-61.5957271223901,15.42069462050163,,105.03808446578675,105.03808446578675,3,A
8771,-61.5957271223901,15.420717846471623,,110.76012198492423,110.76012198492423,3,A
8772,-61.5957271223901,15.420741072441619,,106.24712750285005,106.24712750285005,3,A
8773,-61.5957271223901,15.420764298411614,,106.63205488201794,106.63205488201794,3,A
8774,-61.5957271223901,15.420787524381609,,114.3021448947112,114.3021448947112,3,A
8775,-61.5957271223901,15.420810750351604,,110.2446540460576,110.2446540460576,3,A
8776,-61.5957271223901,15.4208339763216,,105.06567916838651,105.06567916838651,3,A
8777,-61.5957271223901,15.420857202291593,,109.18272299603649,109.18272299603649,3,A
8778,-61.59572712239011,15.420880428261588,,109.86524650592767,109.86524650592767,3,A
8779,-61.59572712239011,15.420903654231584,,108.15336707194062,108.15336707194062,3,A
8780,-61.5957271223901,15.420926880201579,,103.94764791820782,103.94764791820782,3,A
8781,-61.5957271223901,15.420950106171574,,108.13898923489715,108.13898923489715,3,A
8782,-61.59572712239011,15.42097333214157,,109.3288309127177,109.3288309127177,3,A
8783,-61.5957271223901,15.420996558111565,,107.73817940758671,107.73817940758671,3,A
8784,-61.5957271223901,15.421019784081558,,112.25451998639457,112.25451998639457,3,A
8785,-61.5957271223901,15.421043010051553,,107.09821992114959,107.09821992114959,3,A
8786,-61.59572712239011,15.421066236021549,,109.66594153882085,109.66594153882085,3,A
8787,-61.5957271223901,15.421089461991542,,111.80449034573388,111.80449034573388,3,A
8788,-61.59572712239011,15.42111268796154,,108.67625117344403,108.67625117344403,3,A
8789,-61.5957271223901,15.421135913931534,,109.57794343538976,109.57794343538976,3,A
8790,-61.5957271223901,15.421159139901526,,109.61079372113221,109.61079372113221,3,A
8791,-61.5957271223901,15.421182365871523,,107.59628929513997,107.59628929513997,3,A
8792,-61.5957271223901,15.421205591841519,,105.73712017351413,105.73712017351413,3,A
8793,-61.5957271223901,15.421228817811514,,109.15910224646461,109.15910224646461,3,A
8794,-61.5957271223901,15.421252043781507,,110.92428861933406,110.92428861933406,3,A
8795,-61.5957271223901,15.421275269751504,,107.03143058074205,107.03143058074205,3,A
8796,-61.59572712239011,15.4212984957215,,109.4429645478258,109.4429645478258,3,A
8797,-61.5957271223901,15.421321721691493,,113.10288546139006,113.10288546139006,3,A
8798,-61.5957271223901,15.421344947661488,,107.99655974162842,107.99655974162842,3,A
8799,-61.5957271223901,15.421368173631484,,102.90489433439517,102.90489433439517,3,A
8800,-61.59572712239011,15.421391399601479,,113.73012231993607,113.73012231993607,3,A
8801,-61.5957271223901,15.421414625571472,,108.4688345162499,108.4688345162499,3,A
8802,-61.5957271223901,15.42143785154147,,102.54041217022012,102.54041217022012,3,A
8803,-61.5957271223901,15.421461077511463,,106.68962970037366,106.68962970037366,3,A
8804,-61.59572712239011,15.421484303481458,,112.50799119014792,112.50799119014792,3,A
8805,-61.5957271223901,15.421507529451452,,107.76293355436162,107.76293355436162,3,A
8806,-61.5957271223901,15.421530755421447,,113.43154154203212,113.43154154203212,3,A
8807,-61.5957271223901,15.421553981391444,,103.79241222826462,103.79241222826462,3,A
8808,-61.5957271223901,15.421577207361437,,109.16740489410003,109.16740489410003,3,A
8809,-61.5957271223901,15.421600433331433,,110.3855809608694,110.3855809608694,3,A
8810,-61.59572712239011,15.421623659301428,,107.87423760179924,107.87423760179924,3,A
8811,-61.5957271223901,15.421646885271423,,106.11723951709152,106.11723951709152,3,A
8812,-61.5957271223901,15.421670111241417,,111.09586988163754,111.09586988163754,3,A
8813,-61.5957271223901,15.421693337211412,,109.9767209419002,109.9767209419002,3,A
8814,-61.59572712239011,15.421716563181409,,109.75732251264226,109.75732251264226,3,A
8815,-61.595727122390095,15.421739789151403,,109.28151507422277,109.28151507422277,3,A
8816,-61.5957271223901,15.421763015121396,,109.58232425365115,109.58232425365115,3,A
8817,-61.5957271223901,15.421786241091393,,110.61908227337273,110.61908227337273,3,A
8818,-61.5957271223901,15.421809467061388,,112.26957838903724,112.26957838903724,3,A
8819,-61.5957271223901,15.421832693031382,,104.7928217838681,104.7928217838681,3,A
8820,-61.5957271223901,15.421855919001377,,108.37197140596612,108.37197140596612,3,A
8821,-61.5957271223901,15.421879144971374,,106.86967261629897,106.86967261629897,3,A
8822,-61.59572712239011,15.42190237094137,,108.90506969439853,108.90506969439853,3,A
8823,-61.5957271223901,15.421925596911361,,107.04575986018854,107.04575986018854,3,A
8824,-61.5957271223901,15.421948822881356,,112.41195282931857,112.41195282931857,3,A
8825,-61.5957271223901,15.421972048851352,,106.6696901230747,106.6696901230747,3,A
8826,-61.5957271223901,15.421995274821347,,111.65894565082945,111.65894565082945,3,A
8827,-61.5957271223901,15.422018500791342,,111.49311430235957,111.49311430235957,3,A
8828,-61.5957271223901,15.42204172676134,,112.80713483316273,112.80713483316273,3,A
8829,-61.5957271223901,15.422064952731333,,108.49094901551764,108.49094901551764,3,A
8830,-61.5957271223901,15.422088178701326,,109.78461663204654,109.78461663204654,3,A
8831,-61.59572712239011,15.422111404671321,,110.27233265767629,110.27233265767629,3,A
8832,-61.5957271223901,15.422134630641317,,108.58559374365676,108.58559374365676,3,A
8833,-61.5957271223901,15.422157856611312,,112.38840986151152,112.38840986151152,3,A
8834,-61.5957271223901,15.422181082581307,,111.28770090197334,111.28770090197334,3,A
8835,-61.59572712239011,15.422204308551304,,110.65731470469466,110.65731470469466,3,A
8836,-61.59572712239011,15.422227534521298,,101.43354092102042,101.43354092102042,3,A
8837,-61.5957271223901,15.422250760491291,,107.36597542981575,107.36597542981575,3,A
8838,-61.5957271223901,15.422273986461287,,111.65878502105964,111.65878502105964,3,A
8839,-61.59572712239011,15.422297212431282,,109.43335853125905,109.43335853125905,3,A
8840,-61.5957271223901,15.422320438401277,,106.83354539067047,106.83354539067047,3,A
8841,-61.5957271223901,15.422343664371272,,108.33627357127037,108.33627357127037,3,A
8842,-61.5957271223901,15.422366890341266,,108.98605582108578,108.98605582108578,3,A
8843,-61.59572712239011,15.422390116311263,,112.56569822248562,112.56569822248562,3,A
8844,-61.5957271223901,15.422413342281256,,107.22116051314994,107.22116051314994,3,A
8845,-61.5957271223901,15.422436568251252,,106.57429062123474,106.57429062123474,3,A
8846,-61.5957271223901,15.422459794221247,,115.76395135018308,115.76395135018308,3,A
8847,-61.59572712239011,15.422483020191244,,107.44693150785733,107.44693150785733,3,A
8848,-61.5957271223901,15.422506246161237,,107.75980440599733,107.75980440599733,3,A
8849,-61.5957271223901,15.422529472131231,,113.33073563522355,113.33073563522355,3,A
8850,-61.5957271223901,15.422552698101226,,112.80468194623123,112.80468194623123,3,A
8851,-61.5957271223901,15.422575924071221,,111.82991296480338,111.82991296480338,3,A
8852,-61.5957271223901,15.422599150041217,,109.66548448088811,109.66548448088811,3,A
8853,-61.59572712239011,15.422622376011212,,110.07516418016147,110.07516418016147,3,A
8854,-61.5957271223901,15.422645601981209,,106.35716420073739,106.35716420073739,3,A
8855,-61.5957271223901,15.4226688279512,,104.30097513309423,104.30097513309423,3,A
8856,-61.5957271223901,15.422692053921196,,109.44281766485236,109.44281766485236,3,A
8857,-61.59572712239011,15.422715279891191,,112.35555671564858,112.35555671564858,3,A
8858,-61.5957271223901,15.422738505861187,,112.15397476122057,112.15397476122057,3,A
8859,-61.5957271223901,15.422761731831182,,112.07476068703167,112.07476068703167,3,A
8860,-61.5957271223901,15.422784957801177,,108.56776458302222,108.56776458302222,3,A
8861,-61.59572712239011,15.422808183771174,,111.92209143518363,111.92209143518363,3,A
8862,-61.5957271223901,15.422831409741166,,104.20249425339844,104.20249425339844,3,A
8863,-61.5957271223901,15.422854635711161,,112.43812203298131,112.43812203298131,3,A
8864,-61.5957271223901,15.422877861681156,,106.84525823013301,106.84525823013301,3,A
8865,-61.5957271223901,15.42290108765115,,111.13132380057104,111.13132380057104,3,A
8866,-61.5957271223901,15.422924313621145,,115.51151593132828,115.51151593132828,3,A
8867,-61.5957271223901,15.422947539591142,,108.78745276846811,108.78745276846811,3,A
8868,-61.5957271223901,15.422970765561136,,108.21657869135981,108.21657869135981,3,A
8869,-61.5957271223901,15.42299399153113,,113.13284465519322,113.13284465519322,3,A
8870,-61.5957271223901,15.423017217501126,,112.22348500215796,112.22348500215796,3,A
8871,-61.5957271223901,15.423040443471121,,107.44374337859277,107.44374337859277,3,A
8872,-61.5957271223901,15.423063669441117,,107.2637687665485,107.2637687665485,3,A
8873,-61.5957271223901,15.42308689541111,,109.47391106941377,109.47391106941377,3,A
8874,-61.5957271223901,15.423110121381107,,110.23501998446079,110.23501998446079,3,A
8875,-61.5957271223901,15.4231333473511,,107.5267916676693,107.5267916676693,3,A
8876,-61.595727122390095,15.423156573321094,,113.9664652463518,113.9664652463518,3,A
8877,-61.5957271223901,15.423179799291091,,110.63095014403038,110.63095014403038,3,A
8878,-61.5957271223901,15.423203025261087,,113.93581939253188,113.93581939253188,3,A
8879,-61.59572712239011,15.423226251231082,,109.66654681117993,109.66654681117993,3,A
8880,-61.5957271223901,15.423249477201075,,107.95521862197216,107.95521862197216,3,A
8881,-61.5957271223901,15.423272703171072,,110.14432619053622,110.14432619053622,3,A
8882,-61.5957271223901,15.423295929141066,,111.38726630642796,111.38726630642796,3,A
8883,-61.5957271223901,15.42331915511106,,115.36604642595957,115.36604642595957,3,A
8884,-61.5957271223901,15.423342381081055,,110.86366383111258,110.86366383111258,3,A
8885,-61.5957271223901,15.423365607051052,,105.55962584772388,105.55962584772388,3,A
8886,-61.59572712239011,15.423388833021047,,109.6108731577685,109.6108731577685,3,A
8887,-61.5957271223901,15.42341205899104,,104.59905730747492,104.59905730747492,3,A
8888,-61.59572712239011,15.423435284961034,,110.15339226205411,110.15339226205411,3,A
8889,-61.5957271223901,15.423458510931031,,107.34125002064964,107.34125002064964,3,A
8890,-61.5957271223901,15.423481736901024,,107.84817427206917,107.84817427206917,3,A
8891,-61.5957271223901,15.42350496287102,,110.72437742302417,110.72437742302417,3,A
8892,-61.59572712239011,15.423528188841015,,105.52567282457156,105.52567282457156,3,A
8893,-61.5957271223901,15.423551414811012,,111.77900343412145,111.77900343412145,3,A
8894,-61.5957271223901,15.423574640781005,,114.0221631950101,114.0221631950101,3,A
8895,-61.5957271223901,15.423597866750999,,109.11277702249724,109.11277702249724,3,A
8896,-61.59572712239011,15.423621092720996,,113.50338694193118,113.50338694193118,3,A
8897,-61.5957271223901,15.423644318690991,,107.02583876189138,107.02583876189138,3,A
8898,-61.5957271223901,15.423667544660985,,109.73306813688501,109.73306813688501,3,A
8899,-61.5957271223901,15.42369077063098,,113.99136241607492,113.99136241607492,3,A
8900,-61.59572712239011,15.423713996600977,,104.84894276743947,104.84894276743947,3,A
8901,-61.5957271223901,15.423737222570969,,112.65294450581152,112.65294450581152,3,A
8902,-61.5957271223901,15.423760448540964,,107.12861794000841,107.12861794000841,3,A
8903,-61.5957271223901,15.423783674510961,,114.06490980099149,114.06490980099149,3,A
8904,-61.59572712239011,15.423806900480956,,112.63181547292872,112.63181547292872,3,A
8905,-61.5957271223901,15.42383012645095,,112.352864762117,112.352864762117,3,A
8906,-61.5957271223901,15.423853352420945,,110.15539705305184,110.15539705305184,3,A
8907,-61.5957271223901,15.423876578390942,,106.47212851536068,106.47212851536068,3,A
8908,-61.5957271223901,15.423899804360934,,111.43280926206576,111.43280926206576,3,A
8909,-61.5957271223901,15.42392303033093,,112.26626333464569,112.26626333464569,3,A
8910,-61.59572712239011,15.423946256300926,,105.38570765958477,105.38570765958477,3,A
8911,-61.5957271223901,15.423969482270921,,115.12068737466106,115.12068737466106,3,A
8912,-61.5957271223901,15.423992708240915,,112.59739691186611,112.59739691186611,3,A
8913,-61.5957271223901,15.42401593421091,,110.35365941081159,110.35365941081159,3,A
8914,-61.59572712239011,15.424039160180904,,109.2817570050027,109.2817570050027,3,A
8915,-61.5957271223901,15.424062386150899,,105.75059681684013,105.75059681684013,3,A
8916,-61.5957271223901,15.424085612120894,,108.09564454806687,108.09564454806687,3,A
8917,-61.5957271223901,15.42410883809089,,108.93711664013348,108.93711664013348,3,A
8918,-61.59572712239011,15.424132064060885,,109.89203556228794,109.89203556228794,3,A
8919,-61.5957271223901,15.42415529003088,,111.4996018820172,111.4996018820172,3,A
8920,-61.5957271223901,15.424178516000875,,112.01643258540767,112.01643258540767,3,A
8921,-61.5957271223901,15.424201741970869,,114.7580413232501,114.7580413232501,3,A
8922,-61.59572712239011,15.424224967940866,,111.10817350990824,111.10817350990824,3,A
8923,-61.5957271223901,15.42424819391086,,113.09331141454095,113.09331141454095,3,A
8924,-61.5957271223901,15.424271419880855,,108.3103200567233,108.3103200567233,3,A
8925,-61.5957271223901,15.42429464585085,,106.95106882756616,106.95106882756616,3,A
8926,-61.5957271223901,15.424317871820843,,112.68837396387737,112.68837396387737,3,A
8927,-61.5957271223901,15.424341097790839,,115.69418110388004,115.69418110388004,3,A
8928,-61.5957271223901,15.424364323760834,,115.0800768388295,115.0800768388295,3,A
8929,-61.5957271223901,15.424387549730831,,107.32424269786702,107.32424269786702,3,A
8930,-61.5957271223901,15.424410775700824,,110.30442904336562,110.30442904336562,3,A
8931,-61.5957271223901,15.42443400167082,,107.60913235435424,107.60913235435424,3,A
8932,-61.5957271223901,15.424457227640815,,112.41725739665793,112.41725739665793,3,A
8933,-61.5957271223901,15.424480453610808,,115.87498511936931,115.87498511936931,3,A
8934,-61.5957271223901,15.424503679580804,,116.44438566541115,116.44438566541115,3,A
8935,-61.5957271223901,15.424526905550799,,109.4477118651556,109.4477118651556,3,A
8936,-61.59572712239011,15.424550131520796,,108.92055316170675,108.92055316170675,3,A
8937,-61.5957271223901,15.42457335749079,,108.75688412487597,108.75688412487597,3,A
8938,-61.5957271223901,15.424596583460785,,103.04176003626796,103.04176003626796,3,A
8939,-61.59572712239011,15.42461980943078,,109.2054952287363,109.2054952287363,3,A
8940,-61.5957271223901,15.424643035400774,,110.17473378503966,110.17473378503966,3,A
8941,-61.5957271223901,15.424666261370769,,111.41831728076126,111.41831728076126,3,A
8942,-61.5957271223901,15.424689487340764,,116.00708437233395,116.00708437233395,3,A
8943,-61.59572712239011,15.42471271331076,,115.97133841342301,115.97133841342301,3,A
8944,-61.5957271223901,15.424735939280755,,106.52775543148759,106.52775543148759,3,A
8945,-61.59572712239011,15.42475916525075,,108.02271964504732,108.02271964504732,3,A
8946,-61.5957271223901,15.424782391220745,,113.52236248810075,113.52236248810075,3,A
8947,-61.59572712239011,15.424805617190739,,115.00110678893849,115.00110678893849,3,A
8948,-61.5957271223901,15.424828843160732,,112.29961340557765,112.29961340557765,3,A
8949,-61.5957271223901,15.42485206913073,,107.94540292834107,107.94540292834107,3,A
8950,-61.5957271223901,15.424875295100724,,111.236331568998,111.236331568998,3,A
8951,-61.5957271223901,15.424898521070718,,111.94501521149834,111.94501521149834,3,A
8952,-61.5957271223901,15.424921747040715,,111.16135234100135,111.16135234100135,3,A
8953,-61.59572712239011,15.424944973010708,,112.6577259252289,112.6577259252289,3,A
8954,-61.5957271223901,15.424968198980704,,115.16022345379223,115.16022345379223,3,A
8955,-61.5957271223901,15.424991424950697,,109.73909787829135,109.73909787829135,3,A
8956,-61.5957271223901,15.425014650920694,,117.08797430675318,117.08797430675318,3,A
8957,-61.59572712239011,15.42503787689069,,114.07452798948611,114.07452798948611,3,A
8958,-61.5957271223901,15.425061102860683,,113.43199347989751,113.43199347989751,3,A
8959,-61.5957271223901,15.425084328830678,,107.16484757848147,107.16484757848147,3,A
8960,-61.5957271223901,15.425107554800674,,112.14089850125713,112.14089850125713,3,A
8961,-61.59572712239011,15.425130780770669,,114.51133917792858,114.51133917792858,3,A
8962,-61.5957271223901,15.425154006740662,,107.60895345441709,107.60895345441709,3,A
8963,-61.5957271223901,15.42517723271066,,108.92910184445373,108.92910184445373,3,A
8964,-61.5957271223901,15.425200458680655,,109.41560143337907,109.41560143337907,3,A
8965,-61.5957271223901,15.425223684650648,,106.24088521784961,106.24088521784961,3,A
8966,-61.5957271223901,15.425246910620642,,113.24287068579837,113.24287068579837,3,A
8967,-61.5957271223901,15.425270136590637,,107.212402023367,107.212402023367,3,A
8968,-61.5957271223901,15.425293362560634,,112.08209066727547,112.08209066727547,3,A
8969,-61.5957271223901,15.425316588530627,,111.05158827659068,111.05158827659068,3,A
8970,-61.5957271223901,15.425339814500624,,114.02740452546979,114.02740452546979,3,A
8971,-61.59572712239011,15.42536304047062,,111.7808209357602,111.7808209357602,3,A
8972,-61.5957271223901,15.425386266440615,,114.39145623424069,114.39145623424069,3,A
8973,-61.5957271223901,15.425409492410607,,111.13342053626424,111.13342053626424,3,A
8974,-61.5957271223901,15.425432718380602,,113.5517706272826,113.5517706272826,3,A
8975,-61.5957271223901,15.425455944350599,,112.58358275522981,112.58358275522981,3,A
8976,-61.595727122390095,15.425479170320592,,106.62109522109294,106.62109522109294,3,A
8977,-61.5957271223901,15.42550239629059,,106.86725564285562,106.86725564285562,3,A
8978,-61.5957271223901,15.425525622260585,,112.08613571460656,112.08613571460656,3,A
8979,-61.59572712239011,15.425548848230578,,113.96613995338255,113.96613995338255,3,A
8980,-61.5957271223901,15.425572074200572,,111.02924622068855,111.02924622068855,3,A
8981,-61.5957271223901,15.425595300170567,,112.86517071937644,112.86517071937644,3,A
8982,-61.5957271223901,15.425618526140564,,113.07480891602344,113.07480891602344,3,A
8983,-61.5957271223901,15.425641752110558,,111.78879051417191,111.78879051417191,3,A
8984,-61.5957271223901,15.425664978080553,,112.88752733907685,112.88752733907685,3,A
8985,-61.5957271223901,15.425688204050548,,105.78556754243654,105.78556754243654,3,A
8986,-61.5957271223901,15.425711430020543,,110.21728461953074,110.21728461953074,3,A
8987,-61.5957271223901,15.425734655990537,,111.91205671648258,111.91205671648258,3,A
8988,-61.59572712239011,15.425757881960532,,111.65738686651048,111.65738686651048,3,A
8989,-61.5957271223901,15.42578110793053,,108.3045989148051,108.3045989148051,3,A
8990,-61.5957271223901,15.425804333900523,,107.69320607691347,107.69320607691347,3,A
8991,-61.5957271223901,15.425827559870518,,112.16162299477485,112.16162299477485,3,A
8992,-61.59572712239011,15.425850785840511,,110.56592019810527,110.56592019810527,3,A
8993,-61.5957271223901,15.425874011810507,,107.58686170256432,107.58686170256432,3,A
8994,-61.5957271223901,15.425897237780502,,111.77291048249249,111.77291048249249,3,A
8995,-61.5957271223901,15.425920463750497,,107.09780462772197,107.09780462772197,3,A
8996,-61.59572712239011,15.425943689720494,,113.44449316337939,113.44449316337939,3,A
8997,-61.59572712239011,15.42596691569049,,111.1437306557699,111.1437306557699,3,A
8998,-61.5957271223901,15.425990141660483,,114.06693355646956,114.06693355646956,3,A
8999,-61.5957271223901,15.426013367630476,,108.8057147579552,108.8057147579552,3,A
9000,-61.59572712239011,15.426036593600472,,113.1334474840496,113.1334474840496,3,A
9001,-61.5957271223901,15.426059819570467,,111.58468351588073,111.58468351588073,3,A
9002,-61.5957271223901,15.426083045540462,,109.60176147795805,109.60176147795805,3,A
9003,-61.5957271223901,15.426106271510458,,113.92663607123195,113.92663607123195,3,A
9004,-61.59572712239011,15.426129497480453,,109.57079752267231,109.57079752267231,3,A
9005,-61.5957271223901,15.426152723450448,,106.49629360669526,106.49629360669526,3,A
9006,-61.5957271223901,15.426175949420442,,114.21727803575227,114.21727803575227,3,A
9007,-61.5957271223901,15.426199175390437,,111.85762781600211,111.85762781600211,3,A
9008,-61.5957271223901,15.42622240136043,,107.59595812831864,107.59595812831864,3,A
9009,-61.5957271223901,15.426245627330427,,111.75243357585764,111.75243357585764,3,A
9010,-61.59572712239011,15.426268853300423,,112.17061589510202,112.17061589510202,3,A
9011,-61.5957271223901,15.426292079270418,,115.19461855576532,115.19461855576532,3,A
9012,-61.5957271223901,15.426315305240411,,110.80462071720997,110.80462071720997,3,A
9013,-61.5957271223901,15.426338531210407,,114.92064863480446,114.92064863480446,3,A
9014,-61.59572712239011,15.426361757180402,,114.12240875563613,114.12240875563613,3,A
9015,-61.5957271223901,15.426384983150395,,113.77948944411327,113.77948944411327,3,A
9016,-61.5957271223901,15.426408209120392,,114.67727708918132,114.67727708918132,3,A
9017,-61.5957271223901,15.426431435090388,,109.27976497482378,109.27976497482378,3,A
9018,-61.59572712239011,15.426454661060383,,113.96016663082013,113.96016663082013,3,A
9019,-61.5957271223901,15.426477887030376,,115.84701775420426,115.84701775420426,3,A
9020,-61.5957271223901,15.426501113000372,,110.81452161778893,110.81452161778893,3,A
9021,-61.5957271223901,15.426524338970367,,112.19264494755559,112.19264494755559,3,A
9022,-61.59572712239011,15.426547564940362,,113.71074089657367,113.71074089657367,3,A
9023,-61.5957271223901,15.426570790910358,,115.2909458301707,115.2909458301707,3,A
9024,-61.5957271223901,15.426594016880353,,111.52305796172172,111.52305796172172,3,A
9025,-61.5957271223901,15.426617242850346,,111.9849740234201,111.9849740234201,3,A
9026,-61.5957271223901,15.42664046882034,,105.58668659039442,105.58668659039442,3,A
9027,-61.5957271223901,15.426663694790337,,118.08967701702821,118.08967701702821,3,A
9028,-61.5957271223901,15.426686920760332,,109.59062968083003,109.59062968083003,3,A
9029,-61.5957271223901,15.426710146730327,,112.82262192457307,112.82262192457307,3,A
9030,-61.5957271223901,15.426733372700323,,114.16137829762324,114.16137829762324,3,A
9031,-61.5957271223901,15.426756598670318,,109.44313827103974,109.44313827103974,3,A
9032,-61.5957271223901,15.426779824640311,,112.14916782619602,112.14916782619602,3,A
9033,-61.595727122390095,15.426803050610305,,114.29966768387047,114.29966768387047,3,A
9034,-61.5957271223901,15.4268262765803,,111.63507845457552,111.63507845457552,3,A
9035,-61.5957271223901,15.426849502550297,,112.8061321468468,112.8061321468468,3,A
9036,-61.59572712239011,15.426872728520292,,114.23830229398293,114.23830229398293,3,A
9037,-61.5957271223901,15.426895954490288,,116.82935785495995,116.82935785495995,3,A
9038,-61.5957271223901,15.426919180460281,,111.72443408257956,111.72443408257956,3,A
9039,-61.5957271223901,15.426942406430276,,113.34333517156477,113.34333517156477,3,A
9040,-61.5957271223901,15.42696563240027,,110.0856569969281,110.0856569969281,3,A
9041,-61.5957271223901,15.426988858370265,,110.52837853723514,110.52837853723514,3,A
9042,-61.5957271223901,15.427012084340262,,114.75240602764252,114.75240602764252,3,A
9043,-61.59572712239011,15.427035310310258,,111.48559083584954,111.48559083584954,3,A
9044,-61.5957271223901,15.427058536280251,,115.00484501904761,115.00484501904761,3,A
9045,-61.59572712239011,15.427081762250246,,118.2316150485892,118.2316150485892,3,A
9046,-61.5957271223901,15.427104988220242,,112.81966484689298,112.81966484689298,3,A
9047,-61.59572712239011,15.427128214190237,,111.53057320102575,111.53057320102575,3,A
9048,-61.5957271223901,15.42715144016023,,114.7539758187199,114.7539758187199,3,A
9049,-61.59572712239011,15.427174666130227,,111.28146536685318,111.28146536685318,3,A
9050,-61.5957271223901,15.427197892100223,,111.14423764776981,111.14423764776981,3,A
9051,-61.5957271223901,15.427221118070214,,109.23349670245345,109.23349670245345,3,A
9052,-61.5957271223901,15.427244344040211,,113.35810130503361,113.35810130503361,3,A
9053,-61.59572712239011,15.427267570010207,,110.94812588555983,110.94812588555983,3,A
9054,-61.5957271223901,15.427290795980202,,114.11528209936401,114.11528209936401,3,A
9055,-61.5957271223901,15.427314021950195,,112.15494768754672,112.15494768754672,3,A
9056,-61.5957271223901,15.427337247920192,,108.30287266084781,108.30287266084781,3,A
9057,-61.59572712239011,15.427360473890188,,118.55814473659186,118.55814473659186,3,A
9058,-61.5957271223901,15.42738369986018,,110.94395753724008,110.94395753724008,3,A
9059,-61.5957271223901,15.427406925830175,,107.47536109163048,107.47536109163048,3,A
9060,-61.5957271223901,15.42743015180017,,111.68018221532036,111.68018221532036,3,A
9061,-61.59572712239011,15.427453377770167,,114.5526162007883,114.5526162007883,3,A
9062,-61.5957271223901,15.42747660374016,,111.3717940112712,111.3717940112712,3,A
9063,-61.5957271223901,15.427499829710156,,112.45698324927083,112.45698324927083,3,A
9064,-61.5957271223901,15.427523055680151,,116.48068396995444,116.48068396995444,3,A
9065,-61.5957271223901,15.427546281650145,,115.17770067136479,115.17770067136479,3,A
9066,-61.5957271223901,15.42756950762014,,115.74464986592719,115.74464986592719,3,A
9067,-61.5957271223901,15.427592733590135,,113.70207347868217,113.70207347868217,3,A
9068,-61.5957271223901,15.427615959560132,,114.91455847947174,114.91455847947174,3,A
9069,-61.5957271223901,15.427639185530126,,115.7928555944367,115.7928555944367,3,A
9070,-61.5957271223901,15.42766241150012,,115.1525771538825,115.1525771538825,3,A
9071,-61.59572712239011,15.427685637470116,,116.17408997562738,116.17408997562738,3,A
9072,-61.5957271223901,15.427708863440111,,108.96834715239031,108.96834715239031,3,A
9073,-61.5957271223901,15.427732089410105,,114.05624519351734,114.05624519351734,3,A
9074,-61.5957271223901,15.4277553153801,,109.89553443142316,109.89553443142316,3,A
9075,-61.59572712239011,15.427778541350097,,115.92474443714349,115.92474443714349,3,A
9076,-61.5957271223901,15.42780176732009,,111.13925624184728,111.13925624184728,3,A
9077,-61.5957271223901,15.427824993290084,,116.86314103238014,116.86314103238014,3,A
9078,-61.5957271223901,15.427848219260081,,114.80417768752389,114.80417768752389,3,A
9079,-61.59572712239011,15.427871445230076,,113.5174422253792,113.5174422253792,3,A
9080,-61.5957271223901,15.42789467120007,,114.06905027076716,114.06905027076716,3,A
9081,-61.5957271223901,15.427917897170065,,112.51193898203479,112.51193898203479,3,A
9082,-61.5957271223901,15.42794112314006,,116.47040555012381,116.47040555012381,3,A
9083,-61.5957271223901,15.427964349110056,,110.50195051653196,110.50195051653196,3,A
9084,-61.5957271223901,15.42798757508005,,115.2373157541189,115.2373157541189,3,A
9085,-61.5957271223901,15.428010801050045,,107.64050326237594,107.64050326237594,3,A
9086,-61.5957271223901,15.42803402702004,,120.46842049971683,120.46842049971683,3,A
9087,-61.5957271223901,15.428057252990035,,107.85348251209618,107.85348251209618,3,A
9088,-61.5957271223901,15.42808047896003,,113.98913528658845,113.98913528658845,3,A
9089,-61.5957271223901,15.428103704930026,,118.22526266461978,118.22526266461978,3,A
9090,-61.595727122390095,15.428126930900017,,113.10631996024006,113.10631996024006,3,A
9091,-61.5957271223901,15.428150156870014,,113.85100910147634,113.85100910147634,3,A
9092,-61.5957271223901,15.42817338284001,,117.8417182843667,117.8417182843667,3,A
9093,-61.59572712239011,15.428196608810005,,116.18029151953371,116.18029151953371,3,A
9094,-61.5957271223901,15.42821983478,,109.57627726487321,109.57627726487321,3,A
9095,-61.5957271223901,15.428243060749995,,112.97338313628296,112.97338313628296,3,A
9096,-61.59572712239011,15.42826628671999,,113.15846765314684,113.15846765314684,3,A
9097,-61.59572712239011,15.428289512689986,,114.64826173975712,114.64826173975712,3,A
9098,-61.5957271223901,15.42831273865998,,111.23083608929637,111.23083608929637,3,A
9099,-61.5957271223901,15.428335964629975,,109.96625060640642,109.96625060640642,3,A
9100,-61.59572712239011,15.42835919059997,,116.7295718099118,116.7295718099118,3,A
9101,-61.5957271223901,15.428382416569963,,112.40812660104103,112.40812660104103,3,A
9102,-61.59572712239011,15.42840564253996,,112.31060714293011,112.31060714293011,3,A
9103,-61.5957271223901,15.428428868509954,,114.89765660296158,114.89765660296158,3,A
9104,-61.59572712239011,15.42845209447995,,112.28508463972048,112.28508463972048,3,A
9105,-61.5957271223901,15.428475320449945,,116.98616547466843,116.98616547466843,3,A
9106,-61.5957271223901,15.42849854641994,,113.0818100938151,113.0818100938151,3,A
9107,-61.5957271223901,15.428521772389935,,109.6048853881129,109.6048853881129,3,A
9108,-61.5957271223901,15.428544998359929,,112.53212071445711,112.53212071445711,3,A
9109,-61.5957271223901,15.428568224329926,,117.12769173922752,117.12769173922752,3,A
9110,-61.59572712239011,15.428591450299919,,109.47218288510106,109.47218288510106,3,A
9111,-61.5957271223901,15.428614676269914,,110.17071864666987,110.17071864666987,3,A
9112,-61.5957271223901,15.42863790223991,,116.00807542117973,116.00807542117973,3,A
9113,-61.5957271223901,15.428661128209905,,110.91883209064106,110.91883209064106,3,A
9114,-61.59572712239011,15.4286843541799,,113.3551325017401,113.3551325017401,3,A
9115,-61.5957271223901,15.428707580149894,,113.88056974060288,113.88056974060288,3,A
9116,-61.5957271223901,15.428730806119887,,115.68863064491856,115.68863064491856,3,A
9117,-61.5957271223901,15.428754032089884,,116.68967805563962,116.68967805563962,3,A
9118,-61.59572712239011,15.42877725805988,,116.29849082735392,116.29849082735392,3,A
9119,-61.5957271223901,15.428800484029873,,119.56867891598453,119.56867891598453,3,A
9120,-61.5957271223901,15.428823709999868,,109.22573207144734,109.22573207144734,3,A
9121,-61.5957271223901,15.428846935969865,,111.99349183359733,111.99349183359733,3,A
9122,-61.59572712239011,15.42887016193986,,111.44551795718937,111.44551795718937,3,A
9123,-61.5957271223901,15.428893387909852,,110.29661759031256,110.29661759031256,3,A
9124,-61.5957271223901,15.42891661387985,,110.68118362029988,110.68118362029988,3,A
9125,-61.5957271223901,15.428939839849845,,116.69983163268307,116.69983163268307,3,A
9126,-61.5957271223901,15.428963065819838,,108.62014745014571,108.62014745014571,3,A
9127,-61.5957271223901,15.428986291789833,,116.03074824293554,116.03074824293554,3,A
9128,-61.59572712239011,15.42900951775983,,114.46466602158475,114.46466602158475,3,A
9129,-61.5957271223901,15.429032743729824,,110.40022301120767,110.40022301120767,3,A
9130,-61.5957271223901,15.429055969699817,,115.20217210001807,115.20217210001807,3,A
9131,-61.5957271223901,15.429079195669814,,113.5235483941411,113.5235483941411,3,A
9132,-61.5957271223901,15.42910242163981,,111.95237421236679,111.95237421236679,3,A
9133,-61.595727122390095,15.429125647609803,,109.93091045058303,109.93091045058303,3,A
9134,-61.5957271223901,15.429148873579798,,111.1515435683145,111.1515435683145,3,A
9135,-61.5957271223901,15.429172099549795,,115.32033587676149,115.32033587676149,3,A
9136,-61.59572712239011,15.429195325519789,,115.37273247598576,115.37273247598576,3,A
9137,-61.5957271223901,15.429218551489782,,115.86215337682789,115.86215337682789,3,A
9138,-61.5957271223901,15.42924177745978,,118.88307619449186,118.88307619449186,3,A
9139,-61.5957271223901,15.429265003429775,,106.76838370085562,106.76838370085562,3,A
9140,-61.5957271223901,15.429288229399768,,113.43374355128181,113.43374355128181,3,A
9141,-61.5957271223901,15.429311455369763,,111.72309177623981,111.72309177623981,3,A
9142,-61.5957271223901,15.429334681339757,,109.52801745924305,109.52801745924305,3,A
9143,-61.5957271223901,15.429357907309754,,112.23312167490596,112.23312167490596,3,A
9144,-61.5957271223901,15.429381133279747,,109.44574359115367,109.44574359115367,3,A
9145,-61.5957271223901,15.429404359249743,,110.7982919215784,110.7982919215784,3,A
9146,-61.5957271223901,15.429427585219738,,110.48341964010167,110.48341964010167,3,A
9147,-61.5957271223901,15.429450811189735,,115.01103260815822,115.01103260815822,3,A
9148,-61.5957271223901,15.429474037159729,,117.60795598230897,117.60795598230897,3,A
9149,-61.59572712239011,15.429497263129722,,114.04332586821596,114.04332586821596,3,A
9150,-61.5957271223901,15.429520489099719,,111.19265343618868,111.19265343618868,3,A
9151,-61.5957271223901,15.429543715069713,,115.01180910860381,115.01180910860381,3,A
9152,-61.5957271223901,15.429566941039708,,109.64917244065907,109.64917244065907,3,A
9153,-61.59572712239011,15.429590167009703,,115.632691755273,115.632691755273,3,A
9154,-61.59572712239011,15.4296133929797,,115.38806208975481,115.38806208975481,3,A
9155,-61.5957271223901,15.429636618949694,,117.71795899673961,117.71795899673961,3,A
9156,-61.5957271223901,15.429659844919687,,116.48600957538892,116.48600957538892,3,A
9157,-61.59572712239011,15.429683070889684,,118.9337209199041,118.9337209199041,3,A
9158,-61.5957271223901,15.429706296859678,,115.72913756921045,115.72913756921045,3,A
9159,-61.5957271223901,15.429729522829673,,105.31853530457181,105.31853530457181,3,A
9160,-61.5957271223901,15.429752748799668,,108.63533945575564,108.63533945575564,3,A
9161,-61.59572712239011,15.429775974769665,,117.65427033703158,117.65427033703158,3,A
9162,-61.5957271223901,15.429799200739657,,115.26518225177868,115.26518225177868,3,A
9163,-61.5957271223901,15.429822426709652,,114.85402603236847,114.85402603236847,3,A
9164,-61.5957271223901,15.429845652679647,,112.53960503342536,112.53960503342536,3,A
9165,-61.5957271223901,15.429868878649643,,117.31273808005795,117.31273808005795,3,A
9166,-61.5957271223901,15.429892104619638,,118.09792727333037,118.09792727333037,3,A
9167,-61.5957271223901,15.429915330589633,,113.85554320999447,113.85554320999447,3,A
9168,-61.5957271223901,15.429938556559627,,117.31981308044193,117.31981308044193,3,A
9169,-61.5957271223901,15.429961782529622,,108.59014076473557,108.59014076473557,3,A
9170,-61.5957271223901,15.429985008499617,,116.17719929602677,116.17719929602677,3,A
9171,-61.59572712239011,15.430008234469613,,118.03775259353995,118.03775259353995,3,A
9172,-61.5957271223901,15.430031460439608,,113.98437922376439,113.98437922376439,3,A
9173,-61.5957271223901,15.430054686409603,,117.37010915402445,117.37010915402445,3,A
9174,-61.5957271223901,15.430077912379598,,114.72909660091915,114.72909660091915,3,A
9175,-61.59572712239011,15.430101138349592,,115.51433574966882,115.51433574966882,3,A
9176,-61.5957271223901,15.430124364319585,,115.16899698031689,115.16899698031689,3,A
9177,-61.5957271223901,15.430147590289582,,116.11418631681178,116.11418631681178,3,A
9178,-61.5957271223901,15.430170816259578,,116.21689951791379,116.21689951791379,3,A
9179,-61.59572712239011,15.430194042229573,,111.31478668956353,111.31478668956353,3,A
9180,-61.5957271223901,15.430217268199566,,116.87981622373198,116.87981622373198,3,A
9181,-61.5957271223901,15.430240494169563,,110.79518871145407,110.79518871145407,3,A
9182,-61.5957271223901,15.430263720139557,,113.82995004261089,113.82995004261089,3,A
9183,-61.5957271223901,15.43028694610955,,114.65081860342588,114.65081860342588,3,A
9184,-61.5957271223901,15.430310172079547,,114.35467258202473,114.35467258202473,3,A
9185,-61.5957271223901,15.430333398049543,,110.66776216124778,110.66776216124778,3,A
9186,-61.5957271223901,15.430356624019538,,113.7114816405166,113.7114816405166,3,A
9187,-61.5957271223901,15.430379849989531,,117.61266281690575,117.61266281690575,3,A
9188,-61.5957271223901,15.430403075959527,,116.05455221002626,116.05455221002626,3,A
9189,-61.5957271223901,15.430426301929522,,111.40660351245256,111.40660351245256,3,A
9190,-61.595727122390095,15.430449527899516,,117.03907904559617,117.03907904559617,3,A
9191,-61.5957271223901,15.430472753869513,,113.99430781255394,113.99430781255394,3,A
9192,-61.5957271223901,15.430495979839508,,110.34698562914632,110.34698562914632,3,A
9193,-61.59572712239011,15.430519205809503,,115.77969077189663,115.77969077189663,3,A
9194,-61.5957271223901,15.430542431779497,,111.63448022563443,111.63448022563443,3,A
9195,-61.5957271223901,15.430565657749492,,116.15410973744692,116.15410973744692,3,A
9196,-61.5957271223901,15.430588883719487,,115.01335453912321,115.01335453912321,3,A
9197,-61.59572712239011,15.430612109689482,,115.0873790393425,115.0873790393425,3,A
9198,-61.5957271223901,15.430635335659478,,113.91618162011821,113.91618162011821,3,A
9199,-61.5957271223901,15.430658561629471,,118.70637541923932,118.70637541923932,3,A
9200,-61.59572712239011,15.430681787599468,,115.98123002398573,115.98123002398573,3,A
9201,-61.5957271223901,15.43070501356946,,119.10079871211273,119.10079871211273,3,A
9202,-61.59572712239011,15.430728239539455,,115.39063010139547,115.39063010139547,3,A
9203,-61.5957271223901,15.430751465509452,,114.37425191961715,114.37425191961715,3,A
9204,-61.59572712239011,15.430774691479447,,114.11629300941753,114.11629300941753,3,A
9205,-61.5957271223901,15.430797917449441,,113.39459972101986,113.39459972101986,3,A
9206,-61.59572712239011,15.430821143419436,,116.18888831544965,116.18888831544965,3,A
9207,-61.5957271223901,15.430844369389433,,118.30786575608435,118.30786575608435,3,A
9208,-61.5957271223901,15.430867595359425,,112.93179653289467,112.93179653289467,3,A
9209,-61.5957271223901,15.43089082132942,,112.28191526716284,112.28191526716284,3,A
9210,-61.59572712239011,15.430914047299417,,112.74919789374778,112.74919789374778,3,A
9211,-61.5957271223901,15.430937273269413,,117.26435965661399,117.26435965661399,3,A
9212,-61.5957271223901,15.430960499239406,,113.9691609929621,113.9691609929621,3,A
9213,-61.5957271223901,15.430983725209401,,115.55239299620331,115.55239299620331,3,A
9214,-61.59572712239011,15.431006951179397,,120.8831159861505,120.8831159861505,3,A
9215,-61.5957271223901,15.43103017714939,,115.901141280683,115.901141280683,3,A
9216,-61.5957271223901,15.431053403119385,,113.34484137879072,113.34484137879072,3,A
9217,-61.5957271223901,15.431076629089382,,112.25433005154044,112.25433005154044,3,A
9218,-61.59572712239011,15.431099855059378,,113.80350479476563,113.80350479476563,3,A
9219,-61.5957271223901,15.431123081029371,,112.58225522865524,112.58225522865524,3,A
9220,-61.5957271223901,15.431146306999366,,116.35718643930177,116.35718643930177,3,A
9221,-61.5957271223901,15.43116953296936,,113.52847774791448,113.52847774791448,3,A
9222,-61.59572712239011,15.431192758939357,,119.07074150988122,119.07074150988122,3,A
9223,-61.5957271223901,15.43121598490935,,112.94560060078314,112.94560060078314,3,A
9224,-61.5957271223901,15.431239210879346,,115.41264483532898,115.41264483532898,3,A
9225,-61.5957271223901,15.431262436849341,,112.80508738635194,112.80508738635194,3,A
9226,-61.5957271223901,15.431285662819336,,109.9784434610805,109.9784434610805,3,A
9227,-61.5957271223901,15.43130888878933,,118.77017993159478,118.77017993159478,3,A
9228,-61.59572712239011,15.431332114759325,,114.67660984584639,114.67660984584639,3,A
9229,-61.5957271223901,15.431355340729322,,112.73360755708084,112.73360755708084,3,A
9230,-61.5957271223901,15.431378566699316,,119.03726407765836,119.03726407765836,3,A
9231,-61.5957271223901,15.43140179266931,,109.74406596231617,109.74406596231617,3,A
9232,-61.59572712239011,15.431425018639306,,113.636327419829,113.636327419829,3,A
9233,-61.5957271223901,15.431448244609301,,115.51535576039367,115.51535576039367,3,A
9234,-61.5957271223901,15.431471470579295,,117.85480074814019,117.85480074814019,3,A
9235,-61.5957271223901,15.43149469654929,,107.50195867834888,107.50195867834888,3,A
9236,-61.59572712239011,15.431517922519287,,119.37003730612237,119.37003730612237,3,A
9237,-61.5957271223901,15.43154114848928,,112.80521132952622,112.80521132952622,3,A
9238,-61.5957271223901,15.431564374459276,,110.8989505801367,110.8989505801367,3,A
9239,-61.5957271223901,15.431587600429271,,120.12501336295217,120.12501336295217,3,A
9240,-61.5957271223901,15.431610826399265,,111.55113491717432,111.55113491717432,3,A
9241,-61.5957271223901,15.43163405236926,,119.96348764391519,119.96348764391519,3,A
9242,-61.5957271223901,15.431657278339255,,117.42304569837245,117.42304569837245,3,A
9243,-61.5957271223901,15.431680504309252,,119.23316616993417,119.23316616993417,3,A
9244,-61.5957271223901,15.431703730279246,,114.10743679699087,114.10743679699087,3,A
9245,-61.5957271223901,15.431726956249241,,113.01410417423541,113.01410417423541,3,A
9246,-61.5957271223901,15.431750182219236,,117.44758971077695,117.44758971077695,3,A
9247,-61.5957271223901,15.43177340818923,,116.6889006274355,116.6889006274355,3,A
9248,-61.5957271223901,15.431796634159225,,108.62535911354308,108.62535911354308,3,A
9249,-61.5957271223901,15.43181986012922,,116.18089950587648,116.18089950587648,3,A
9250,-61.5957271223901,15.431843086099216,,116.67424680144822,116.67424680144822,3,A
9251,-61.5957271223901,15.43186631206921,,117.61658507961151,117.61658507961151,3,A
9252,-61.5957271223901,15.431889538039206,,116.31849243783499,116.31849243783499,3,A
9253,-61.59572712239011,15.4319127640092,,113.4063830820205,113.4063830820205,3,A
9254,-61.59572712239011,15.431935989979195,,118.78332865683676,118.78332865683676,3,A
9255,-61.5957271223901,15.43195921594919,,121.0951000991871,121.0951000991871,3,A
9256,-61.5957271223901,15.431982441919185,,119.90190171839409,119.90190171839409,3,A
9257,-61.59572712239011,15.43200566788918,,118.1969388232021,118.1969388232021,3,A
9258,-61.5957271223901,15.432028893859174,,113.19474728684085,113.19474728684085,3,A
9259,-61.5957271223901,15.43205211982917,,111.87393025813127,111.87393025813127,3,A
9260,-61.5957271223901,15.432075345799165,,115.66009826658282,115.66009826658282,3,A
9261,-61.59572712239011,15.43209857176916,,112.51421521947213,112.51421521947213,3,A
9262,-61.5957271223901,15.432121797739153,,121.20632363265435,121.20632363265435,3,A
9263,-61.59572712239011,15.43214502370915,,114.93888865764565,114.93888865764565,3,A
9264,-61.5957271223901,15.432168249679146,,116.09775839188943,116.09775839188943,3,A
9265,-61.5957271223901,15.43219147564914,,115.31705867553855,115.31705867553855,3,A
9266,-61.5957271223901,15.432214701619134,,115.94793410399481,115.94793410399481,3,A
9267,-61.5957271223901,15.43223792758913,,117.51958465152546,117.51958465152546,3,A
9268,-61.5957271223901,15.432261153559125,,109.33600235357916,109.33600235357916,3,A
9269,-61.5957271223901,15.432284379529118,,115.13496104693608,115.13496104693608,3,A
9270,-61.5957271223901,15.432307605499116,,114.99412100744587,114.99412100744587,3,A
9271,-61.59572712239011,15.43233083146911,,111.6718247212627,111.6718247212627,3,A
9272,-61.5957271223901,15.432354057439106,,119.429740527228,119.429740527228,3,A
9273,-61.5957271223901,15.4323772834091,,110.21713816591624,110.21713816591624,3,A
9274,-61.5957271223901,15.432400509379095,,115.429666758716,115.429666758716,3,A
9275,-61.59572712239011,15.43242373534909,,110.99015929306414,110.99015929306414,3,A
9276,-61.5957271223901,15.432446961319084,,112.02898539698906,112.02898539698906,3,A
9277,-61.5957271223901,15.43247018728908,,110.54276612219577,110.54276612219577,3,A
9278,-61.5957271223901,15.432493413259076,,115.72687097813784,115.72687097813784,3,A
9279,-61.59572712239011,15.43251663922907,,116.73351181397864,116.73351181397864,3,A
9280,-61.5957271223901,15.432539865199063,,118.7860242190653,118.7860242190653,3,A
9281,-61.5957271223901,15.432563091169058,,116.70233366945818,116.70233366945818,3,A
9282,-61.5957271223901,15.432586317139055,,112.88983475354114,112.88983475354114,3,A
9283,-61.5957271223901,15.432609543109049,,116.17752990359908,116.17752990359908,3,A
9284,-61.5957271223901,15.432632769079044,,113.16554113051275,113.16554113051275,3,A
9285,-61.59572712239011,15.432655995049041,,112.1764578059469,112.1764578059469,3,A
9286,-61.5957271223901,15.432679221019034,,118.15310575446901,118.15310575446901,3,A
9287,-61.5957271223901,15.432702446989028,,120.81616382607213,120.81616382607213,3,A
9288,-61.5957271223901,15.432725672959023,,120.04381113088651,120.04381113088651,3,A
9289,-61.59572712239011,15.43274889892902,,114.88051477684776,114.88051477684776,3,A
9290,-61.5957271223901,15.432772124899014,,113.87881745540423,113.87881745540423,3,A
9291,-61.5957271223901,15.432795350869009,,111.27025761769,111.27025761769,3,A
9292,-61.5957271223901,15.432818576839004,,111.31875049749087,111.31875049749087,3,A
9293,-61.59572712239011,15.432841802809,,123.26322400370222,123.26322400370222,3,A
9294,-61.5957271223901,15.432865028778993,,114.99385344270384,114.99385344270384,3,A
9295,-61.5957271223901,15.432888254748988,,118.10547203401958,118.10547203401958,3,A
9296,-61.5957271223901,15.432911480718985,,123.77129848485893,123.77129848485893,3,A
9297,-61.59572712239011,15.43293470668898,,116.07132284020257,116.07132284020257,3,A
9298,-61.5957271223901,15.432957932658974,,121.42360892302665,121.42360892302665,3,A
9299,-61.5957271223901,15.432981158628968,,118.35752613694365,118.35752613694365,3,A
9300,-61.5957271223901,15.433004384598963,,112.71956332690269,112.71956332690269,3,A
9301,-61.5957271223901,15.433027610568958,,118.59372549132213,118.59372549132213,3,A
9302,-61.5957271223901,15.433050836538953,,116.93203194443744,116.93203194443744,3,A
9303,-61.5957271223901,15.43307406250895,,116.77843862566718,116.77843862566718,3,A
9304,-61.5957271223901,15.433097288478946,,120.79145334989101,120.79145334989101,3,A
9305,-61.5957271223901,15.43312051444894,,118.79994048549925,118.79994048549925,3,A
9306,-61.59572712239011,15.433143740418933,,116.23154240924043,116.23154240924043,3,A
9307,-61.5957271223901,15.433166966388928,,119.03443759288912,119.03443759288912,3,A
9308,-61.5957271223901,15.433190192358923,,118.83097243893573,118.83097243893573,3,A
9309,-61.5957271223901,15.433213418328918,,113.07277873124004,113.07277873124004,3,A
9310,-61.59572712239011,15.433236644298916,,116.00941839177054,116.00941839177054,3,A
9311,-61.59572712239011,15.43325987026891,,119.48242594959262,119.48242594959262,3,A
9312,-61.5957271223901,15.433283096238902,,116.14058391498811,116.14058391498811,3,A
9313,-61.5957271223901,15.433306322208898,,111.66103498595555,111.66103498595555,3,A
9314,-61.59572712239011,15.433329548178893,,114.41000169998256,114.41000169998256,3,A
9315,-61.5957271223901,15.433352774148888,,116.29334083039446,116.29334083039446,3,A
9316,-61.5957271223901,15.433376000118884,,114.02264736606928,114.02264736606928,3,A
9317,-61.5957271223901,15.433399226088879,,115.46605195040125,115.46605195040125,3,A
9318,-61.59572712239011,15.433422452058874,,114.1914184477362,114.1914184477362,3,A
9319,-61.5957271223901,15.433445678028868,,119.10625999572804,119.10625999572804,3,A
9320,-61.5957271223901,15.433468903998863,,116.00967306224172,116.00967306224172,3,A
9321,-61.5957271223901,15.433492129968858,,118.45849734497897,118.45849734497897,3,A
9322,-61.59572712239011,15.433515355938855,,113.99026064861198,113.99026064861198,3,A
9323,-61.5957271223901,15.433538581908849,,113.37002724163433,113.37002724163433,3,A
9324,-61.5957271223901,15.433561807878844,,111.20041795394094,111.20041795394094,3,A
9325,-61.5957271223901,15.433585033848837,,116.37394764221426,116.37394764221426,3,A
9326,-61.5957271223901,15.433608259818833,,113.06005690583989,113.06005690583989,3,A
9327,-61.5957271223901,15.433631485788828,,118.7544156562872,118.7544156562872,3,A
9328,-61.59572712239011,15.433654711758823,,117.23813260839127,117.23813260839127,3,A
9329,-61.5957271223901,15.43367793772882,,112.7668317239163,112.7668317239163,3,A
9330,-61.5957271223901,15.433701163698814,,110.90460638997904,110.90460638997904,3,A
9331,-61.5957271223901,15.433724389668809,,113.90943540355414,113.90943540355414,3,A
9332,-61.59572712239011,15.433747615638802,,118.44466331828953,118.44466331828953,3,A
9333,-61.5957271223901,15.433770841608798,,113.36903429160212,113.36903429160212,3,A
9334,-61.5957271223901,15.433794067578793,,119.36228448877299,119.36228448877299,3,A
9335,-61.5957271223901,15.433817293548788,,114.26349320994524,114.26349320994524,3,A
9336,-61.59572712239011,15.433840519518785,,117.17300224912304,117.17300224912304,3,A
9337,-61.5957271223901,15.433863745488779,,121.38248441397774,121.38248441397774,3,A
9338,-61.5957271223901,15.433886971458772,,116.07633895469678,116.07633895469678,3,A
9339,-61.5957271223901,15.433910197428768,,110.99517587774764,110.99517587774764,3,A
9340,-61.5957271223901,15.433933423398761,,119.96510059859536,119.96510059859536,3,A
9341,-61.5957271223901,15.433956649368756,,117.4014198008034,117.4014198008034,3,A
9342,-61.5957271223901,15.433979875338753,,112.3704725326874,112.3704725326874,3,A
9343,-61.5957271223901,15.434003101308749,,116.3006665749791,116.3006665749791,3,A
9344,-61.5957271223901,15.434026327278744,,113.39092299830438,113.39092299830438,3,A
9345,-61.5957271223901,15.434049553248737,,115.94704104730437,115.94704104730437,3,A
9346,-61.5957271223901,15.434072779218733,,119.944429270935,119.944429270935,3,A
9347,-61.5957271223901,15.434096005188728,,114.36863067219281,114.36863067219281,3,A
9348,-61.5957271223901,15.434119231158721,,115.175671711899,115.175671711899,3,A
9349,-61.5957271223901,15.434142457128718,,112.97427799861362,112.97427799861362,3,A
9350,-61.5957271223901,15.434165683098714,,117.6991350713736,117.6991350713736,3,A
9351,-61.5957271223901,15.434188909068705,,115.63108508040254,115.63108508040254,3,A
9352,-61.5957271223901,15.434212135038702,,118.92458423764332,118.92458423764332,3,A
9353,-61.5957271223901,15.434235361008698,,118.11557119651728,118.11557119651728,3,A
9354,-61.59572712239011,15.434258586978693,,116.90297813986417,116.90297813986417,3,A
9355,-61.5957271223901,15.434281812948687,,112.89170181003297,112.89170181003297,3,A
9356,-61.5957271223901,15.434305038918684,,116.89144126420356,116.89144126420356,3,A
9357,-61.5957271223901,15.434328264888679,,120.5159108588955,120.5159108588955,3,A
9358,-61.5957271223901,15.43435149085867,,117.34390723571124,117.34390723571124,3,A
9359,-61.5957271223901,15.434374716828666,,114.34569943375608,114.34569943375608,3,A
9360,-61.5957271223901,15.434397942798663,,117.86106348919408,117.86106348919408,3,A
9361,-61.59572712239011,15.434421168768658,,122.13264320182647,122.13264320182647,3,A
9362,-61.5957271223901,15.434444394738652,,112.05416578275474,112.05416578275474,3,A
9363,-61.59572712239011,15.434467620708649,,114.7627922904128,114.7627922904128,3,A
9364,-61.5957271223901,15.434490846678642,,117.93703477650772,117.93703477650772,3,A
9365,-61.5957271223901,15.434514072648636,,110.8003489261643,110.8003489261643,3,A
9366,-61.5957271223901,15.43453729861863,,117.21439040071988,117.21439040071988,3,A
9367,-61.59572712239011,15.434560524588626,,114.38820609188423,114.38820609188423,3,A
9368,-61.59572712239011,15.434583750558623,,118.53556240928528,118.53556240928528,3,A
9369,-61.5957271223901,15.434606976528617,,116.14001291347473,116.14001291347473,3,A
9370,-61.5957271223901,15.434630202498614,,116.62088549676535,116.62088549676535,3,A
9371,-61.59572712239011,15.434653428468607,,122.8817040518771,122.8817040518771,3,A
9372,-61.5957271223901,15.434676654438602,,116.16850633519148,116.16850633519148,3,A
9373,-61.5957271223901,15.434699880408596,,119.06113122413406,119.06113122413406,3,A
9374,-61.5957271223901,15.434723106378591,,118.14957003033781,118.14957003033781,3,A
9375,-61.59572712239011,15.434746332348588,,111.77641037143842,111.77641037143842,3,A
9376,-61.5957271223901,15.434769558318582,,114.25771720865275,114.25771720865275,3,A
9377,-61.5957271223901,15.434792784288575,,117.18874524661756,117.18874524661756,3,A
9378,-61.5957271223901,15.434816010258572,,114.10440460293945,114.10440460293945,3,A
9379,-61.59572712239011,15.434839236228568,,112.11331755458407,112.11331755458407,3,A
9380,-61.5957271223901,15.434862462198561,,121.7117247430841,121.7117247430841,3,A
9381,-61.5957271223901,15.434885688168556,,114.24579028928147,114.24579028928147,3,A
9382,-61.5957271223901,15.434908914138553,,115.28165005377697,115.28165005377697,3,A
9383,-61.5957271223901,15.434932140108547,,114.11954269096546,114.11954269096546,3,A
9384,-61.5957271223901,15.43495536607854,,115.13250272289905,115.13250272289905,3,A
9385,-61.59572712239011,15.434978592048537,,115.05014457630554,115.05014457630554,3,A
9386,-61.5957271223901,15.435001818018533,,114.73878510105568,114.73878510105568,3,A
9387,-61.5957271223901,15.435025043988526,,117.08529953665105,117.08529953665105,3,A
9388,-61.5957271223901,15.435048269958521,,118.39002040208936,118.39002040208936,3,A
9389,-61.59572712239011,15.435071495928518,,115.14148163933038,115.14148163933038,3,A
9390,-61.5957271223901,15.43509472189851,,116.91709203777917,116.91709203777917,3,A
9391,-61.5957271223901,15.435117947868505,,117.77985428633907,117.77985428633907,3,A
9392,-61.5957271223901,15.4351411738385,,116.0109499543661,116.0109499543661,3,A
9393,-61.59572712239011,15.435164399808498,,120.12271491054675,120.12271491054675,3,A
9394,-61.5957271223901,15.435187625778491,,113.66633569127573,113.66633569127573,3,A
9395,-61.5957271223901,15.435210851748487,,109.98332950930552,109.98332950930552,3,A
9396,-61.5957271223901,15.435234077718482,,119.08882197893111,119.08882197893111,3,A
9397,-61.59572712239011,15.435257303688477,,120.33227358365984,120.33227358365984,3,A
9398,-61.5957271223901,15.43528052965847,,120.45136995129182,120.45136995129182,3,A
9399,-61.5957271223901,15.435303755628466,,119.81950870725807,119.81950870725807,3,A
9400,-61.5957271223901,15.435326981598461,,114.4712666689044,114.4712666689044,3,A
9401,-61.5957271223901,15.435350207568456,,115.24005817677961,115.24005817677961,3,A
9402,-61.5957271223901,15.435373433538452,,118.27626051565592,118.27626051565592,3,A
9403,-61.5957271223901,15.435396659508445,,116.38195162436148,116.38195162436148,3,A
9404,-61.5957271223901,15.435419885478442,,115.9931144995263,115.9931144995263,3,A
9405,-61.5957271223901,15.435443111448436,,116.58315905691276,116.58315905691276,3,A
9406,-61.5957271223901,15.43546633741843,,113.74627222664427,113.74627222664427,3,A
9407,-61.5957271223901,15.435489563388426,,117.7578460042103,117.7578460042103,3,A
9408,-61.595727122390095,15.43551278935842,,113.06585347996854,113.06585347996854,3,A
9409,-61.5957271223901,15.435536015328417,,120.38174982077305,120.38174982077305,3,A
9410,-61.5957271223901,15.43555924129841,,122.10482123251785,122.10482123251785,3,A
9411,-61.59572712239011,15.435582467268405,,110.85834612221973,110.85834612221973,3,A
9412,-61.5957271223901,15.4356056932384,,118.88896545100842,118.88896545100842,3,A
9413,-61.5957271223901,15.435628919208396,,109.46840241564463,109.46840241564463,3,A
9414,-61.59572712239011,15.435652145178391,,116.09917574358437,116.09917574358437,3,A
9415,-61.5957271223901,15.435675371148385,,119.78172530128083,119.78172530128083,3,A
9416,-61.5957271223901,15.43569859711838,,119.40904408557365,119.40904408557365,3,A
9417,-61.5957271223901,15.435721823088375,,115.8863248410637,115.8863248410637,3,A
9418,-61.59572712239011,15.43574504905837,,115.5181500594907,115.5181500594907,3,A
9419,-61.5957271223901,15.435768275028366,,113.14886388085046,113.14886388085046,3,A
9420,-61.59572712239011,15.435791500998361,,123.1161935800971,123.1161935800971,3,A
9421,-61.5957271223901,15.435814726968356,,115.9138952232727,115.9138952232727,3,A
9422,-61.59572712239011,15.435837952938352,,116.65156476675722,116.65156476675722,3,A
9423,-61.5957271223901,15.435861178908343,,114.68330076535456,114.68330076535456,3,A
9424,-61.59572712239011,15.43588440487834,,118.11535492181993,118.11535492181993,3,A
9425,-61.5957271223901,15.435907630848336,,120.24892032771334,120.24892032771334,3,A
9426,-61.5957271223901,15.43593085681833,,116.93091677130656,116.93091677130656,3,A
9427,-61.5957271223901,15.435954082788326,,117.25347020115314,117.25347020115314,3,A
9428,-61.59572712239011,15.435977308758321,,118.96488207859815,118.96488207859815,3,A
9429,-61.5957271223901,15.436000534728315,,116.82988958087576,116.82988958087576,3,A
9430,-61.5957271223901,15.436023760698308,,111.52375850444187,111.52375850444187,3,A
9431,-61.5957271223901,15.436046986668305,,114.1775787016041,114.1775787016041,3,A
9432,-61.59572712239011,15.4360702126383,,113.63775995458278,113.63775995458278,3,A
9433,-61.5957271223901,15.436093438608294,,114.57613058351498,114.57613058351498,3,A
9434,-61.5957271223901,15.43611666457829,,118.62590633099174,118.62590633099174,3,A
9435,-61.5957271223901,15.436139890548287,,115.14753658745809,115.14753658745809,3,A
9436,-61.59572712239011,15.43616311651828,,117.17076573333703,117.17076573333703,3,A
9437,-61.5957271223901,15.436186342488273,,114.32443670712323,114.32443670712323,3,A
9438,-61.5957271223901,15.43620956845827,,123.25558725452787,123.25558725452787,3,A
9439,-61.5957271223901,15.436232794428266,,114.7578837161294,114.7578837161294,3,A
9440,-61.5957271223901,15.43625602039826,,119.30417663096829,119.30417663096829,3,A
9441,-61.5957271223901,15.436279246368255,,112.2542403493561,112.2542403493561,3,A
9442,-61.5957271223901,15.436302472338252,,121.14452589711048,121.14452589711048,3,A
9443,-61.5957271223901,15.436325698308245,,114.79857776834523,114.79857776834523,3,A
9444,-61.5957271223901,15.436348924278239,,119.30332088276847,119.30332088276847,3,A
9445,-61.5957271223901,15.436372150248236,,116.61802793479269,116.61802793479269,3,A
9446,-61.59572712239011,15.43639537621823,,119.08502188748557,119.08502188748557,3,A
9447,-61.5957271223901,15.436418602188226,,121.67900313382378,121.67900313382378,3,A
9448,-61.5957271223901,15.43644182815822,,117.1097813537639,117.1097813537639,3,A
9449,-61.5957271223901,15.436465054128213,,121.97467847387809,121.97467847387809,3,A
9450,-61.59572712239011,15.43648828009821,,115.35176495852886,115.35176495852886,3,A
9451,-61.5957271223901,15.436511506068204,,113.32678536766456,113.32678536766456,3,A
9452,-61.5957271223901,15.436534732038199,,120.23161821655678,120.23161821655678,3,A
9453,-61.5957271223901,15.436557958008196,,113.4135813771549,113.4135813771549,3,A
9454,-61.59572712239011,15.436581183978191,,114.77535731068316,114.77535731068316,3,A
9455,-61.5957271223901,15.436604409948185,,116.75126091435577,116.75126091435577,3,A
9456,-61.5957271223901,15.436627635918178,,115.11246909983673,115.11246909983673,3,A
9457,-61.5957271223901,15.436650861888175,,114.1530675280821,114.1530675280821,3,A
9458,-61.5957271223901,15.436674087858169,,119.87860939035104,119.87860939035104,3,A
9459,-61.5957271223901,15.436697313828164,,120.02828741792356,120.02828741792356,3,A
9460,-61.5957271223901,15.43672053979816,,114.69372274902454,114.69372274902454,3,A
9461,-61.5957271223901,15.436743765768156,,121.26056941281679,121.26056941281679,3,A
9462,-61.5957271223901,15.436766991738148,,114.35713282176823,114.35713282176823,3,A
9463,-61.59572712239011,15.436790217708143,,114.94716111499996,114.94716111499996,3,A
9464,-61.5957271223901,15.43681344367814,,114.83878372370569,114.83878372370569,3,A
9465,-61.5957271223901,15.436836669648134,,118.00324611699801,118.00324611699801,3,A
9466,-61.5957271223901,15.436859895618129,,112.56344886253576,112.56344886253576,3,A
9467,-61.59572712239011,15.436883121588124,,118.9779615541053,118.9779615541053,3,A
9468,-61.59572712239011,15.436906347558121,,119.56175800154179,119.56175800154179,3,A
9469,-61.5957271223901,15.436929573528113,,118.95065017436093,118.95065017436093,3,A
9470,-61.5957271223901,15.436952799498108,,116.07712157024201,116.07712157024201,3,A
9471,-61.59572712239011,15.436976025468104,,118.72994574959458,118.72994574959458,3,A
9472,-61.59572712239011,15.4369992514381,,115.40319123666497,115.40319123666497,3,A
9473,-61.5957271223901,15.437022477408094,,115.91361983392477,115.91361983392477,3,A
9474,-61.5957271223901,15.43704570337809,,116.92229810321771,116.92229810321771,3,A
9475,-61.59572712239011,15.437068929348083,,116.01985731907709,116.01985731907709,3,A
9476,-61.5957271223901,15.437092155318078,,111.92117778403824,111.92117778403824,3,A
9477,-61.5957271223901,15.437115381288073,,119.66660208789911,119.66660208789911,3,A
9478,-61.5957271223901,15.437138607258069,,118.34100196352819,118.34100196352819,3,A
9479,-61.59572712239011,15.437161833228066,,117.19741118749253,117.19741118749253,3,A
9480,-61.5957271223901,15.43718505919806,,122.68895540581107,122.68895540581107,3,A
9481,-61.59572712239011,15.437208285168055,,120.08217066453896,120.08217066453896,3,A
9482,-61.5957271223901,15.437231511138048,,114.59799045506139,114.59799045506139,3,A
9483,-61.5957271223901,15.437254737108043,,116.78416540693661,116.78416540693661,3,A
9484,-61.5957271223901,15.437277963078039,,117.53008611588969,117.53008611588969,3,A
9485,-61.59572712239011,15.437301189048034,,116.09383746627917,116.09383746627917,3,A
9486,-61.5957271223901,15.437324415018029,,119.01244622219923,119.01244622219923,3,A
9487,-61.5957271223901,15.437347640988024,,113.96285232608702,113.96285232608702,3,A
9488,-61.5957271223901,15.437370866958018,,112.70662158619746,112.70662158619746,3,A
9489,-61.59572712239011,15.437394092928013,,119.00200399740248,119.00200399740248,3,A
9490,-61.5957271223901,15.437417318898007,,118.81713045812285,118.81713045812285,3,A
9491,-61.5957271223901,15.437440544868004,,118.50267148011729,118.50267148011729,3,A
9492,-61.5957271223901,15.437463770837999,,117.4936243031996,117.4936243031996,3,A
9493,-61.59572712239011,15.437486996807994,,117.51626430415178,117.51626430415178,3,A
9494,-61.5957271223901,15.437510222777988,,117.48549511803105,117.48549511803105,3,A
9495,-61.5957271223901,15.437533448747983,,118.41808276744385,118.41808276744385,3,A
9496,-61.5957271223901,15.437556674717978,,115.71439794907394,115.71439794907394,3,A
9497,-61.59572712239011,15.437579900687973,,116.92164178916016,116.92164178916016,3,A
9498,-61.5957271223901,15.437603126657969,,112.40599918146046,112.40599918146046,3,A
9499,-61.5957271223901,15.437626352627964,,119.39151158618819,119.39151158618819,3,A
9500,-61.5957271223901,15.43764957859796,,120.43044305485773,120.43044305485773,3,A
9501,-61.5957271223901,15.437672804567951,,116.51928743497652,116.51928743497652,3,A
9502,-61.5957271223901,15.437696030537948,,124.14314220871914,124.14314220871914,3,A
9503,-61.59572712239011,15.437719256507943,,119.4283008015243,119.4283008015243,3,A
9504,-61.5957271223901,15.437742482477939,,118.64048560440379,118.64048560440379,3,A
9505,-61.5957271223901,15.437765708447934,,118.99835886062301,118.99835886062301,3,A
9506,-61.5957271223901,15.437788934417929,,115.78563406436415,115.78563406436415,3,A
9507,-61.59572712239011,15.437812160387924,,118.79107937669482,118.79107937669482,3,A
9508,-61.595727122390095,15.437835386357916,,115.62142350393995,115.62142350393995,3,A
9509,-61.5957271223901,15.437858612327913,,111.66909647571447,111.66909647571447,3,A
9510,-61.5957271223901,15.437881838297908,,122.54732580344954,122.54732580344954,3,A
9511,-61.59572712239011,15.437905064267904,,115.14427630384915,115.14427630384915,3,A
9512,-61.5957271223901,15.437928290237897,,118.39346839647592,118.39346839647592,3,A
9513,-61.5957271223901,15.437951516207894,,117.91939542998146,117.91939542998146,3,A
9514,-61.5957271223901,15.437974742177888,,119.73905031453856,119.73905031453856,3,A
9515,-61.5957271223901,15.437997968147881,,116.14023485254859,116.14023485254859,3,A
9516,-61.59572712239011,15.438021194117876,,111.5774264191138,111.5774264191138,3,A
9517,-61.5957271223901,15.438044420087873,,118.4031733257197,118.4031733257197,3,A
9518,-61.59572712239011,15.438067646057869,,118.60201650781822,118.60201650781822,3,A
9519,-61.5957271223901,15.438090872027862,,120.2251666690937,120.2251666690937,3,A
9520,-61.59572712239011,15.438114097997857,,122.73588195179882,122.73588195179882,3,A
9521,-61.5957271223901,15.438137323967853,,117.37293240896307,117.37293240896307,3,A
9522,-61.59572712239011,15.438160549937848,,113.5386496269841,113.5386496269841,3,A
9523,-61.5957271223901,15.438183775907842,,117.67741108328401,117.67741108328401,3,A
9524,-61.59572712239011,15.438207001877839,,122.26397788098305,122.26397788098305,3,A
9525,-61.5957271223901,15.438230227847834,,127.20611964329218,127.20611964329218,3,A
9526,-61.5957271223901,15.438253453817827,,112.93805672314296,112.93805672314296,3,A
9527,-61.5957271223901,15.43827667978782,,122.58832412061659,122.58832412061659,3,A
9528,-61.59572712239011,15.438299905757818,,122.74467467901285,122.74467467901285,3,A
9529,-61.59572712239011,15.438323131727813,,115.9558227061631,115.9558227061631,3,A
9530,-61.5957271223901,15.438346357697807,,116.46792192545823,116.46792192545823,3,A
9531,-61.5957271223901,15.438369583667802,,119.62486124770841,119.62486124770841,3,A
9532,-61.59572712239011,15.438392809637799,,116.72685226801288,116.72685226801288,3,A
9533,-61.5957271223901,15.438416035607792,,115.47618200063673,115.47618200063673,3,A
9534,-61.5957271223901,15.438439261577786,,121.12656955279827,121.12656955279827,3,A
9535,-61.5957271223901,15.438462487547781,,120.83131971330216,120.83131971330216,3,A
9536,-61.59572712239011,15.438485713517778,,117.59623286910409,117.59623286910409,3,A
9537,-61.5957271223901,15.438508939487772,,124.51733391991785,124.51733391991785,3,A
9538,-61.5957271223901,15.438532165457767,,122.8162905094839,122.8162905094839,3,A
9539,-61.5957271223901,15.438555391427764,,119.8954238689275,119.8954238689275,3,A
9540,-61.5957271223901,15.438578617397756,,119.01316718806044,119.01316718806044,3,A
9541,-61.5957271223901,15.438601843367751,,117.54782954741829,117.54782954741829,3,A
9542,-61.59572712239011,15.438625069337746,,120.01853193751417,120.01853193751417,3,A
9543,-61.5957271223901,15.438648295307743,,119.1705431634068,119.1705431634068,3,A
9544,-61.5957271223901,15.438671521277737,,116.63356120993146,116.63356120993146,3,A
9545,-61.5957271223901,15.438694747247732,,113.06177642204048,113.06177642204048,3,A
9546,-61.59572712239011,15.438717973217727,,117.70051989318846,117.70051989318846,3,A
9547,-61.5957271223901,15.438741199187723,,119.98463976287599,119.98463976287599,3,A
9548,-61.5957271223901,15.438764425157716,,113.8381807606091,113.8381807606091,3,A
9549,-61.5957271223901,15.438787651127711,,116.23181301849877,116.23181301849877,3,A
9550,-61.59572712239011,15.438810877097708,,120.27312418622986,120.27312418622986,3,A
9551,-61.5957271223901,15.438834103067702,,123.00631783058965,123.00631783058965,3,A
9552,-61.5957271223901,15.438857329037697,,115.68207039066992,115.68207039066992,3,A
9553,-61.5957271223901,15.43888055500769,,120.86819359784175,120.86819359784175,3,A
9554,-61.59572712239011,15.438903780977688,,116.7628512672283,116.7628512672283,3,A
9555,-61.5957271223901,15.438927006947681,,119.4874395337806,119.4874395337806,3,A
9556,-61.5957271223901,15.438950232917676,,118.82444566268406,118.82444566268406,3,A
9557,-61.5957271223901,15.438973458887672,,119.48570455567486,119.48570455567486,3,A
9558,-61.5957271223901,15.438996684857667,,120.50057061982687,120.50057061982687,3,A
9559,-61.5957271223901,15.439019910827662,,117.36522322297088,117.36522322297088,3,A
9560,-61.5957271223901,15.439043136797656,,122.55688120457998,122.55688120457998,3,A
9561,-61.5957271223901,15.439066362767651,,116.25133374679223,116.25133374679223,3,A
9562,-61.5957271223901,15.439089588737646,,113.6296450155682,113.6296450155682,3,A
9563,-61.5957271223901,15.439112814707642,,118.98465176171473,118.98465176171473,3,A
9564,-61.5957271223901,15.439136040677637,,117.61272311301892,117.61272311301892,3,A
9565,-61.595727122390095,15.439159266647632,,116.57791863242582,116.57791863242582,3,A
9566,-61.5957271223901,15.439182492617627,,116.72310498335058,116.72310498335058,3,A
9567,-61.5957271223901,15.43920571858762,,119.98013027700387,119.98013027700387,3,A
9568,-61.59572712239011,15.439228944557616,,122.47192870690968,122.47192870690968,3,A
9569,-61.5957271223901,15.43925217052761,,120.08684201090898,120.08684201090898,3,A
9570,-61.5957271223901,15.439275396497607,,117.13704563442847,117.13704563442847,3,A
9571,-61.59572712239011,15.439298622467602,,115.54933422147563,115.54933422147563,3,A
9572,-61.59572712239011,15.439321848437597,,117.89011380795843,117.89011380795843,3,A
9573,-61.5957271223901,15.43934507440759,,117.75779266424738,117.75779266424738,3,A
9574,-61.5957271223901,15.439368300377586,,119.09106477536885,119.09106477536885,3,A
9575,-61.59572712239011,15.439391526347581,,123.06774486973394,123.06774486973394,3,A
9576,-61.5957271223901,15.439414752317575,,116.56032386106325,116.56032386106325,3,A
9577,-61.5957271223901,15.439437978287572,,119.17821759587538,119.17821759587538,3,A
9578,-61.5957271223901,15.439461204257567,,122.26387840940603,122.26387840940603,3,A
9579,-61.59572712239011,15.43948443022756,,119.17563146427916,119.17563146427916,3,A
9580,-61.5957271223901,15.439507656197556,,118.29104567193863,118.29104567193863,3,A
9581,-61.59572712239011,15.439530882167551,,118.17850948457826,118.17850948457826,3,A
9582,-61.5957271223901,15.439554108137546,,119.01980703035139,119.01980703035139,3,A
9583,-61.5957271223901,15.43957733410754,,122.33551424397307,122.33551424397307,3,A
9584,-61.5957271223901,15.439600560077537,,122.86913171620915,122.86913171620915,3,A
9585,-61.59572712239011,15.439623786047532,,118.97789293817895,118.97789293817895,3,A
9586,-61.5957271223901,15.439647012017526,,114.74913392084883,114.74913392084883,3,A
9587,-61.5957271223901,15.43967023798752,,114.24777037209695,114.24777037209695,3,A
9588,-61.5957271223901,15.439693463957516,,115.76880893231191,115.76880893231191,3,A
9589,-61.59572712239011,15.439716689927511,,113.22037400239365,113.22037400239365,3,A
9590,-61.5957271223901,15.439739915897505,,121.52999636635212,121.52999636635212,3,A
9591,-61.5957271223901,15.439763141867502,,122.39212737843991,122.39212737843991,3,A
9592,-61.5957271223901,15.439786367837497,,119.72077762237005,119.72077762237005,3,A
9593,-61.59572712239011,15.43980959380749,,118.05449595934266,118.05449595934266,3,A
9594,-61.5957271223901,15.439832819777484,,118.98768784917682,118.98768784917682,3,A
9595,-61.5957271223901,15.439856045747481,,120.27496536059866,120.27496536059866,3,A
9596,-61.5957271223901,15.439879271717476,,119.10425777531653,119.10425777531653,3,A
9597,-61.59572712239011,15.439902497687472,,116.8656402744501,116.8656402744501,3,A
9598,-61.5957271223901,15.439925723657465,,122.8783022988721,122.8783022988721,3,A
9599,-61.59572712239011,15.43994894962746,,125.8740374288557,125.8740374288557,3,A
9600,-61.5957271223901,15.439972175597456,,120.97162927808952,120.97162927808952,3,A
9601,-61.5957271223901,15.43999540156745,,119.3340524704206,119.3340524704206,3,A
9602,-61.5957271223901,15.440018627537444,,119.0711846120872,119.0711846120872,3,A
9603,-61.59572712239011,15.440041853507442,,118.74043501316201,118.74043501316201,3,A
9604,-61.5957271223901,15.440065079477437,,119.4972240478911,119.4972240478911,3,A
9605,-61.5957271223901,15.44008830544743,,111.18052737665576,111.18052737665576,3,A
9606,-61.5957271223901,15.440111531417426,,122.69987710114658,122.69987710114658,3,A
9607,-61.59572712239011,15.44013475738742,,120.99661634341072,120.99661634341072,3,A
9608,-61.5957271223901,15.440157983357414,,118.91961364559658,118.91961364559658,3,A
9609,-61.5957271223901,15.44018120932741,,118.84893327576474,118.84893327576474,3,A
9610,-61.5957271223901,15.440204435297407,,119.07040785790912,119.07040785790912,3,A
9611,-61.59572712239011,15.440227661267402,,116.9454673445485,116.9454673445485,3,A
9612,-61.5957271223901,15.440250887237394,,121.69010886018606,121.69010886018606,3,A
9613,-61.5957271223901,15.440274113207389,,120.51724237552276,120.51724237552276,3,A
9614,-61.5957271223901,15.440297339177386,,118.32319333405455,118.32319333405455,3,A
9615,-61.5957271223901,15.44032056514738,,120.26870921091785,120.26870921091785,3,A
9616,-61.5957271223901,15.440343791117375,,116.28801739999443,116.28801739999443,3,A
9617,-61.5957271223901,15.440367017087372,,118.05715325579618,118.05715325579618,3,A
9618,-61.5957271223901,15.440390243057367,,113.49343812630114,113.49343812630114,3,A
9619,-61.5957271223901,15.440413469027359,,122.0100413707809,122.0100413707809,3,A
9620,-61.5957271223901,15.440436694997354,,122.05776540533694,122.05776540533694,3,A
9621,-61.5957271223901,15.44045992096735,,116.5484819209587,116.5484819209587,3,A
9622,-61.5957271223901,15.440483146937346,,121.12719422377506,121.12719422377506,3,A
9623,-61.5957271223901,15.44050637290734,,118.68501596674263,118.68501596674263,3,A
9624,-61.59572712239011,15.440529598877335,,117.24372062651884,117.24372062651884,3,A
9625,-61.59572712239011,15.44055282484733,,115.96973746395035,115.96973746395035,3,A
9626,-61.5957271223901,15.440576050817324,,117.32132361290283,117.32132361290283,3,A
9627,-61.5957271223901,15.440599276787319,,117.36315344141751,117.36315344141751,3,A
9628,-61.59572712239011,15.440622502757314,,118.47670867712648,118.47670867712648,3,A
9629,-61.59572712239011,15.440645728727311,,114.05258522715101,114.05258522715101,3,A
9630,-61.5957271223901,15.440668954697305,,117.15717644647117,117.15717644647117,3,A
9631,-61.5957271223901,15.4406921806673,,119.56200281365064,119.56200281365064,3,A
9632,-61.59572712239011,15.440715406637295,,123.00593722474723,123.00593722474723,3,A
9633,-61.5957271223901,15.440738632607289,,120.28747265233787,120.28747265233787,3,A
9634,-61.5957271223901,15.440761858577284,,121.1862705963946,121.1862705963946,3,A
9635,-61.5957271223901,15.44078508454728,,123.0170283469117,123.0170283469117,3,A
9636,-61.59572712239011,15.440808310517276,,117.96823530214004,117.96823530214004,3,A
9637,-61.5957271223901,15.44083153648727,,115.9457122301706,115.9457122301706,3,A
9638,-61.59572712239011,15.440854762457263,,111.24345811451175,111.24345811451175,3,A
9639,-61.5957271223901,15.440877988427259,,116.12225003073235,116.12225003073235,3,A
9640,-61.5957271223901,15.440901214397254,,117.47468544887877,117.47468544887877,3,A
9641,-61.5957271223901,15.44092444036725,,113.26437759409637,113.26437759409637,3,A
9642,-61.59572712239011,15.440947666337244,,120.5488935380185,120.5488935380185,3,A
9643,-61.5957271223901,15.44097089230724,,126.07050813510452,126.07050813510452,3,A
9644,-61.5957271223901,15.440994118277235,,117.36811629219663,117.36811629219663,3,A
9645,-61.5957271223901,15.441017344247228,,121.82640325643509,121.82640325643509,3,A
9646,-61.59572712239011,15.441040570217224,,116.74247324117587,116.74247324117587,3,A
9647,-61.5957271223901,15.441063796187219,,116.24627719051344,116.24627719051344,3,A
9648,-61.5957271223901,15.441087022157214,,121.02031945594406,121.02031945594406,3,A
9649,-61.5957271223901,15.44111024812721,,120.66437568716835,120.66437568716835,3,A
9650,-61.59572712239011,15.441133474097205,,119.73440384914235,119.73440384914235,3,A
9651,-61.5957271223901,15.441156700067197,,120.63356844098729,120.63356844098729,3,A
9652,-61.5957271223901,15.441179926037194,,116.55617286790726,116.55617286790726,3,A
9653,-61.5957271223901,15.441203152007189,,119.9184849566714,119.9184849566714,3,A
9654,-61.59572712239011,15.441226377977184,,121.08929465038466,121.08929465038466,3,A
9655,-61.5957271223901,15.44124960394718,,121.60950651275691,121.60950651275691,3,A
9656,-61.5957271223901,15.441272829917175,,122.19291046494875,122.19291046494875,3,A
9657,-61.5957271223901,15.44129605588717,,119.50198315628552,119.50198315628552,3,A
9658,-61.5957271223901,15.441319281857162,,119.4927460461688,119.4927460461688,3,A
9659,-61.5957271223901,15.441342507827159,,112.48459799989232,112.48459799989232,3,A
9660,-61.5957271223901,15.441365733797154,,118.48930653095582,118.48930653095582,3,A
9661,-61.5957271223901,15.44138895976715,,119.18310918494316,119.18310918494316,3,A
9662,-61.5957271223901,15.441412185737143,,120.47272040812773,120.47272040812773,3,A
9663,-61.5957271223901,15.44143541170714,,120.48205886680996,120.48205886680996,3,A
9664,-61.59572712239011,15.441458637677133,,118.66456204230182,118.66456204230182,3,A
9665,-61.595727122390095,15.441481863647127,,118.17197593200197,118.17197593200197,3,A
9666,-61.5957271223901,15.441505089617124,,124.71267595046172,124.71267595046172,3,A
9667,-61.5957271223901,15.441528315587119,,115.9209782017804,115.9209782017804,3,A
9668,-61.59572712239011,15.441551541557114,,110.81978324509384,110.81978324509384,3,A
9669,-61.595727122390095,15.441574767527108,,123.83803507658854,123.83803507658854,3,A
9670,-61.5957271223901,15.441597993497105,,123.22263310450022,123.22263310450022,3,A
9671,-61.5957271223901,15.441621219467098,,118.27472716947034,118.27472716947034,3,A
9672,-61.5957271223901,15.441644445437092,,117.11773001604111,117.11773001604111,3,A
9673,-61.5957271223901,15.441667671407087,,116.86459607479986,116.86459607479986,3,A
9674,-61.5957271223901,15.441690897377084,,123.03558406355212,123.03558406355212,3,A
9675,-61.5957271223901,15.44171412334708,,114.31299185133146,114.31299185133146,3,A
9676,-61.5957271223901,15.441737349317073,,116.23140932544584,116.23140932544584,3,A
9677,-61.59572712239011,15.441760575287066,,120.91359884985391,120.91359884985391,3,A
9678,-61.5957271223901,15.441783801257063,,123.39341173150909,123.39341173150909,3,A
9679,-61.59572712239011,15.441807027227059,,121.41855609512228,121.41855609512228,3,A
9680,-61.5957271223901,15.441830253197052,,121.19852255803853,121.19852255803853,3,A
9681,-61.59572712239011,15.441853479167047,,123.48124235657419,123.48124235657419,3,A
9682,-61.5957271223901,15.441876705137044,,118.76765306401325,118.76765306401325,3,A
9683,-61.5957271223901,15.441899931107038,,117.08451496754356,117.08451496754356,3,A
9684,-61.5957271223901,15.441923157077031,,117.95222284847003,117.95222284847003,3,A
9685,-61.59572712239011,15.441946383047028,,120.21023232270312,120.21023232270312,3,A
9686,-61.5957271223901,15.441969609017024,,117.62297500858523,117.62297500858523,3,A
9687,-61.5957271223901,15.441992834987017,,113.19262871051583,113.19262871051583,3,A
9688,-61.5957271223901,15.442016060957013,,120.96908149176055,120.96908149176055,3,A
9689,-61.59572712239011,15.44203928692701,,115.93996383296117,115.93996383296117,3,A
9690,-61.5957271223901,15.442062512897003,,119.67659800611307,119.67659800611307,3,A
9691,-61.5957271223901,15.442085738866997,,118.82282503547522,118.82282503547522,3,A
9692,-61.5957271223901,15.442108964836994,,118.5710552082287,118.5710552082287,3,A
9693,-61.59572712239011,15.442132190806989,,118.93205004479272,118.93205004479272,3,A
9694,-61.5957271223901,15.442155416776982,,122.02856730791626,122.02856730791626,3,A
9695,-61.5957271223901,15.442178642746978,,123.08970630797927,123.08970630797927,3,A
9696,-61.5957271223901,15.442201868716975,,121.13231900017973,121.13231900017973,3,A
9697,-61.5957271223901,15.442225094686966,,118.39718564756855,118.39718564756855,3,A
9698,-61.5957271223901,15.442248320656962,,118.98703479597037,118.98703479597037,3,A
9699,-61.59572712239011,15.442271546626957,,125.42953893232732,125.42953893232732,3,A
9700,-61.5957271223901,15.442294772596954,,120.28512568339944,120.28512568339944,3,A
9701,-61.5957271223901,15.442317998566947,,121.9606138676574,121.9606138676574,3,A
9702,-61.5957271223901,15.442341224536943,,116.63238769737228,116.63238769737228,3,A
9703,-61.59572712239011,15.442364450506936,,124.07743603725764,124.07743603725764,3,A
9704,-61.5957271223901,15.442387676476933,,124.38446293095875,124.38446293095875,3,A
9705,-61.5957271223901,15.442410902446927,,118.34243466451579,118.34243466451579,3,A
9706,-61.5957271223901,15.442434128416922,,120.61462558657004,120.61462558657004,3,A
9707,-61.59572712239011,15.442457354386917,,121.57227506422183,121.57227506422183,3,A
9708,-61.5957271223901,15.442480580356913,,116.45878460806982,116.45878460806982,3,A
9709,-61.5957271223901,15.442503806326908,,122.54706346242703,122.54706346242703,3,A
9710,-61.5957271223901,15.442527032296901,,118.21166380727459,118.21166380727459,3,A
9711,-61.59572712239011,15.442550258266898,,115.59740092242974,115.59740092242974,3,A
9712,-61.5957271223901,15.442573484236892,,125.60149467900142,125.60149467900142,3,A
9713,-61.5957271223901,15.442596710206887,,119.53768863671718,119.53768863671718,3,A
9714,-61.5957271223901,15.442619936176882,,117.43084579196504,117.43084579196504,3,A
9715,-61.5957271223901,15.442643162146878,,121.75649211489635,121.75649211489635,3,A
9716,-61.5957271223901,15.442666388116873,,120.17541394331113,120.17541394331113,3,A
9717,-61.5957271223901,15.442689614086866,,117.07934650469943,117.07934650469943,3,A
9718,-61.5957271223901,15.442712840056862,,119.89608009209363,119.89608009209363,3,A
9719,-61.5957271223901,15.442736066026857,,120.60652635432595,120.60652635432595,3,A
9720,-61.5957271223901,15.442759291996852,,118.59249636910383,118.59249636910383,3,A
9721,-61.5957271223901,15.442782517966847,,116.14145110707352,116.14145110707352,3,A
9722,-61.595727122390095,15.442805743936841,,117.60495614027403,117.60495614027403,3,A
9723,-61.5957271223901,15.442828969906836,,120.38908872290918,120.38908872290918,3,A
9724,-61.5957271223901,15.442852195876831,,122.71240819838572,122.71240819838572,3,A
9725,-61.59572712239011,15.442875421846827,,118.20545283852204,118.20545283852204,3,A
9726,-61.5957271223901,15.442898647816822,,115.4648632311525,115.4648632311525,3,A
9727,-61.5957271223901,15.442921873786817,,121.58335604690217,121.58335604690217,3,A
9728,-61.59572712239011,15.442945099756813,,119.68725668609724,119.68725668609724,3,A
9729,-61.59572712239011,15.442968325726806,,112.90837666026626,112.90837666026626,3,A
9730,-61.5957271223901,15.442991551696801,,116.25602011413093,116.25602011413093,3,A
9731,-61.5957271223901,15.443014777666797,,120.12135721819658,120.12135721819658,3,A
9732,-61.59572712239011,15.443038003636792,,121.87062771845018,121.87062771845018,3,A
9733,-61.5957271223901,15.443061229606787,,120.66568344950947,120.66568344950947,3,A
9734,-61.5957271223901,15.443084455576782,,125.18321510547882,125.18321510547882,3,A
9735,-61.5957271223901,15.443107681546778,,116.93151748845428,116.93151748845428,3,A
9736,-61.59572712239011,15.443130907516771,,117.01780391722795,117.01780391722795,3,A
9737,-61.5957271223901,15.443154133486765,,124.31585564298322,124.31585564298322,3,A
9738,-61.59572712239011,15.443177359456762,,127.98507312092647,127.98507312092647,3,A
9739,-61.5957271223901,15.443200585426757,,121.7189782964613,121.7189782964613,3,A
9740,-61.5957271223901,15.44322381139675,,118.59644775019835,118.59644775019835,3,A
9741,-61.5957271223901,15.443247037366747,,124.35195437480195,124.35195437480195,3,A
9742,-61.59572712239011,15.443270263336743,,119.7115983215663,119.7115983215663,3,A
9743,-61.5957271223901,15.443293489306736,,116.51722181885513,116.51722181885513,3,A
9744,-61.5957271223901,15.44331671527673,,117.8042596926082,117.8042596926082,3,A
9745,-61.5957271223901,15.443339941246727,,125.52344667840877,125.52344667840877,3,A
9746,-61.59572712239011,15.443363167216722,,117.33766155990519,117.33766155990519,3,A
9747,-61.5957271223901,15.443386393186715,,115.65044313958388,115.65044313958388,3,A
9748,-61.5957271223901,15.44340961915671,,113.7783104317839,113.7783104317839,3,A
9749,-61.5957271223901,15.443432845126706,,118.00137681509699,118.00137681509699,3,A
9750,-61.59572712239011,15.443456071096701,,123.48054422789747,123.48054422789747,3,A
9751,-61.5957271223901,15.443479297066695,,116.97539706582197,116.97539706582197,3,A
9752,-61.5957271223901,15.443502523036692,,120.18353392599622,120.18353392599622,3,A
9753,-61.5957271223901,15.443525749006687,,118.87002122026881,118.87002122026881,3,A
9754,-61.59572712239011,15.443548974976682,,121.62980559728227,121.62980559728227,3,A
9755,-61.5957271223901,15.443572200946676,,121.72456368778003,121.72456368778003,3,A
9756,-61.5957271223901,15.443595426916671,,126.81112923767478,126.81112923767478,3,A
9757,-61.5957271223901,15.443618652886666,,123.32583656591171,123.32583656591171,3,A
9758,-61.5957271223901,15.44364187885666,,123.25795080755063,123.25795080755063,3,A
9759,-61.5957271223901,15.443665104826655,,117.08107523360215,117.08107523360215,3,A
9760,-61.5957271223901,15.443688330796652,,121.9502323195053,121.9502323195053,3,A
9761,-61.5957271223901,15.443711556766647,,117.0207096094959,117.0207096094959,3,A
9762,-61.5957271223901,15.44373478273664,,120.28754319910064,120.28754319910064,3,A
9763,-61.5957271223901,15.443758008706634,,120.61946580827068,120.61946580827068,3,A
9764,-61.59572712239011,15.443781234676631,,123.52373293425924,123.52373293425924,3,A
9765,-61.595727122390095,15.443804460646625,,113.22757479911289,113.22757479911289,3,A
9766,-61.5957271223901,15.44382768661662,,119.52428299210241,119.52428299210241,3,A
9767,-61.5957271223901,15.443850912586615,,116.11342771793416,116.11342771793416,3,A
9768,-61.59572712239011,15.443874138556613,,121.92487807860243,121.92487807860243,3,A
9769,-61.5957271223901,15.443897364526604,,115.82218072865702,115.82218072865702,3,A
9770,-61.5957271223901,15.4439205904966,,124.73677156306401,124.73677156306401,3,A
9771,-61.5957271223901,15.443943816466597,,122.14304999515676,122.14304999515676,3,A
9772,-61.5957271223901,15.44396704243659,,116.68495241240045,116.68495241240045,3,A
9773,-61.5957271223901,15.443990268406585,,121.33550836837557,121.33550836837557,3,A
9774,-61.5957271223901,15.44401349437658,,117.22300222130795,117.22300222130795,3,A
9775,-61.5957271223901,15.444036720346576,,124.00618803516147,124.00618803516147,3,A
9776,-61.5957271223901,15.44405994631657,,117.55880466714964,117.55880466714964,3,A
9777,-61.5957271223901,15.444083172286565,,117.849130880964,117.849130880964,3,A
9778,-61.5957271223901,15.444106398256562,,120.45819981679534,120.45819981679534,3,A
9779,-61.5957271223901,15.444129624226557,,119.33088701474463,119.33088701474463,3,A
9780,-61.5957271223901,15.44415285019655,,118.98839748871296,118.98839748871296,3,A
9781,-61.59572712239011,15.444176076166546,,118.74955788084701,118.74955788084701,3,A
9782,-61.59572712239011,15.444199302136541,,122.10338883299424,122.10338883299424,3,A
9783,-61.5957271223901,15.444222528106534,,120.48136895798986,120.48136895798986,3,A
9784,-61.5957271223901,15.44424575407653,,118.35753975684904,118.35753975684904,3,A
9785,-61.59572712239011,15.444268980046525,,124.55869110326387,124.55869110326387,3,A
9786,-61.59572712239011,15.444292206016522,,120.38791373158661,120.38791373158661,3,A
9787,-61.5957271223901,15.444315431986515,,116.92260913481161,116.92260913481161,3,A
9788,-61.5957271223901,15.444338657956509,,121.67682319320488,121.67682319320488,3,A
9789,-61.59572712239011,15.444361883926504,,121.32116452115879,121.32116452115879,3,A
9790,-61.5957271223901,15.4443851098965,,120.5162234493212,120.5162234493212,3,A
9791,-61.5957271223901,15.444408335866495,,121.59273378614341,121.59273378614341,3,A
9792,-61.5957271223901,15.44443156183649,,124.21973479298408,124.21973479298408,3,A
9793,-61.59572712239011,15.444454787806485,,122.75478099380904,122.75478099380904,3,A
9794,-61.5957271223901,15.44447801377648,,119.85534206921302,119.85534206921302,3,A
9795,-61.59572712239011,15.444501239746474,,115.61829148532736,115.61829148532736,3,A
9796,-61.5957271223901,15.44452446571647,,120.6805160905461,120.6805160905461,3,A
9797,-61.5957271223901,15.444547691686463,,127.389166932116,127.389166932116,3,A
9798,-61.5957271223901,15.44457091765646,,127.38913811315322,127.38913811315322,3,A
9799,-61.59572712239011,15.444594143626455,,117.97251392542218,117.97251392542218,3,A
9800,-61.5957271223901,15.44461736959645,,122.52527005729927,122.52527005729927,3,A
9801,-61.5957271223901,15.444640595566444,,120.08832085459993,120.08832085459993,3,A
9802,-61.5957271223901,15.44466382153644,,117.98391806017813,117.98391806017813,3,A
9803,-61.59572712239011,15.444687047506434,,124.55464417304003,124.55464417304003,3,A
9804,-61.5957271223901,15.444710273476431,,119.74018839506842,119.74018839506842,3,A
9805,-61.5957271223901,15.444733499446425,,114.32866309485235,114.32866309485235,3,A
9806,-61.5957271223901,15.44475672541642,,118.51575237788703,118.51575237788703,3,A
9807,-61.59572712239011,15.444779951386415,,123.06512460178602,123.06512460178602,3,A
9808,-61.5957271223901,15.444803177356409,,119.01814735356075,119.01814735356075,3,A
9809,-61.5957271223901,15.444826403326404,,120.21782297172555,120.21782297172555,3,A
9810,-61.5957271223901,15.4448496292964,,118.22425546956033,118.22425546956033,3,A
9811,-61.59572712239011,15.444872855266395,,124.81364588352275,124.81364588352275,3,A
9812,-61.5957271223901,15.44489608123639,,120.1006762695798,120.1006762695798,3,A
9813,-61.5957271223901,15.444919307206385,,126.97945873260915,126.97945873260915,3,A
9814,-61.5957271223901,15.444942533176379,,121.10070755497007,121.10070755497007,3,A
9815,-61.5957271223901,15.444965759146372,,124.09771183100543,124.09771183100543,3,A
9816,-61.5957271223901,15.44498898511637,,126.63236157252138,126.63236157252138,3,A
9817,-61.5957271223901,15.445012211086365,,124.08836801999075,124.08836801999075,3,A
9818,-61.5957271223901,15.44503543705636,,122.96291231033726,122.96291231033726,3,A
9819,-61.5957271223901,15.445058663026353,,117.66994834372782,117.66994834372782,3,A
9820,-61.5957271223901,15.44508188899635,,122.56539305972639,122.56539305972639,3,A
9821,-61.59572712239011,15.445105114966344,,124.94511472251871,124.94511472251871,3,A
9822,-61.595727122390095,15.445128340936337,,122.98659974848512,122.98659974848512,3,A
9823,-61.5957271223901,15.445151566906333,,118.73549017550293,118.73549017550293,3,A
9824,-61.5957271223901,15.44517479287633,,114.67661703097288,114.67661703097288,3,A
9825,-61.59572712239011,15.445198018846325,,125.3932107794815,125.3932107794815,3,A
9826,-61.595727122390095,15.445221244816318,,124.1172457561298,124.1172457561298,3,A
9827,-61.5957271223901,15.445244470786314,,123.13082295735707,123.13082295735707,3,A
9828,-61.5957271223901,15.445267696756309,,125.02186413346985,125.02186413346985,3,A
9829,-61.59572712239011,15.445290922726304,,119.65701782842169,119.65701782842169,3,A
9830,-61.5957271223901,15.445314148696298,,119.10711448054425,119.10711448054425,3,A
9831,-61.5957271223901,15.445337374666295,,119.58770199962235,119.58770199962235,3,A
9832,-61.5957271223901,15.44536060063629,,117.20616299368244,117.20616299368244,3,A
9833,-61.5957271223901,15.445383826606284,,124.90314156123834,124.90314156123834,3,A
9834,-61.59572712239011,15.445407052576279,,124.70709805981546,124.70709805981546,3,A
9835,-61.5957271223901,15.445430278546274,,119.77399986406421,119.77399986406421,3,A
9836,-61.59572712239011,15.44545350451627,,124.44078927654392,124.44078927654392,3,A
9837,-61.5957271223901,15.445476730486263,,119.14638138485958,119.14638138485958,3,A
9838,-61.59572712239011,15.44549995645626,,117.66905772275429,117.66905772275429,3,A
9839,-61.5957271223901,15.445523182426255,,118.80327071998045,118.80327071998045,3,A
9840,-61.5957271223901,15.445546408396249,,121.29061695833198,121.29061695833198,3,A
9841,-61.5957271223901,15.445569634366242,,122.37595550232008,122.37595550232008,3,A
9842,-61.59572712239011,15.44559286033624,,119.510436008742,119.510436008742,3,A
9843,-61.5957271223901,15.445616086306234,,121.33509794639018,121.33509794639018,3,A
9844,-61.5957271223901,15.445639312276228,,121.87638249341612,121.87638249341612,3,A
9845,-61.5957271223901,15.445662538246223,,119.9642820673286,119.9642820673286,3,A
9846,-61.59572712239011,15.44568576421622,,121.34534890033505,121.34534890033505,3,A
9847,-61.5957271223901,15.445708990186212,,126.10358964427317,126.10358964427317,3,A
9848,-61.5957271223901,15.445732216156207,,121.30434026428,121.30434026428,3,A
9849,-61.5957271223901,15.445755442126202,,120.97944085627323,120.97944085627323,3,A
9850,-61.59572712239011,15.4457786680962,,123.40661937997345,123.40661937997345,3,A
9851,-61.5957271223901,15.445801894066193,,122.36417106522933,122.36417106522933,3,A
9852,-61.5957271223901,15.445825120036188,,126.37042039245897,126.37042039245897,3,A
9853,-61.5957271223901,15.445848346006184,,119.41611827852364,119.41611827852364,3,A
9854,-61.59572712239011,15.445871571976179,,124.21443040324417,124.21443040324417,3,A
9855,-61.5957271223901,15.445894797946172,,120.83158488953927,120.83158488953927,3,A
9856,-61.5957271223901,15.445918023916168,,124.33836976848232,124.33836976848232,3,A
9857,-61.5957271223901,15.445941249886165,,116.76819329346367,116.76819329346367,3,A
9858,-61.5957271223901,15.445964475856158,,123.58630239293795,123.58630239293795,3,A
9859,-61.5957271223901,15.445987701826153,,126.80570855454529,126.80570855454529,3,A
9860,-61.59572712239011,15.446010927796147,,126.50792688824174,126.50792688824174,3,A
9861,-61.5957271223901,15.446034153766144,,116.74601122260894,116.74601122260894,3,A
9862,-61.5957271223901,15.446057379736137,,116.68670423778231,116.68670423778231,3,A
9863,-61.5957271223901,15.446080605706133,,122.47784912588389,122.47784912588389,3,A
9864,-61.59572712239011,15.44610383167613,,120.46971864824124,120.46971864824124,3,A
9865,-61.595727122390095,15.446127057646123,,120.99611550790318,120.99611550790318,3,A
9866,-61.5957271223901,15.446150283616118,,125.16263286165731,125.16263286165731,3,A
9867,-61.5957271223901,15.446173509586112,,123.71845413322511,123.71845413322511,3,A
9868,-61.59572712239011,15.446196735556107,,124.72370460212467,124.72370460212467,3,A
9869,-61.5957271223901,15.446219961526102,,126.45261599806153,126.45261599806153,3,A
9870,-61.5957271223901,15.446243187496098,,119.28087929007089,119.28087929007089,3,A
9871,-61.5957271223901,15.446266413466093,,121.6511426370441,121.6511426370441,3,A
9872,-61.5957271223901,15.446289639436088,,120.11798972957384,120.11798972957384,3,A
9873,-61.5957271223901,15.446312865406082,,119.72916899353888,119.72916899353888,3,A
9874,-61.5957271223901,15.446336091376077,,125.38338775409017,125.38338775409017,3,A
9875,-61.5957271223901,15.446359317346072,,125.52113194168905,125.52113194168905,3,A
9876,-61.5957271223901,15.446382543316068,,119.52521054471629,119.52521054471629,3,A
9877,-61.5957271223901,15.446405769286063,,122.256780840583,122.256780840583,3,A
9878,-61.5957271223901,15.446428995256058,,124.33797696939392,124.33797696939392,3,A
9879,-61.5957271223901,15.446452221226053,,113.72810763708578,113.72810763708578,3,A
9880,-61.5957271223901,15.446475447196047,,127.10122723883228,127.10122723883228,3,A
9881,-61.5957271223901,15.446498673166042,,126.49593782534977,126.49593782534977,3,A
9882,-61.59572712239011,15.446521899136037,,125.29916903521634,125.29916903521634,3,A
9883,-61.595727122390095,15.446545125106033,,119.02338719606891,119.02338719606891,3,A
9884,-61.5957271223901,15.446568351076028,,115.65964347619567,115.65964347619567,3,A
9885,-61.5957271223901,15.446591577046023,,125.44638802839484,125.44638802839484,3,A
9886,-61.59572712239011,15.446614803016017,,117.42480718881386,117.42480718881386,3,A
9887,-61.5957271223901,15.446638028986012,,121.72896436736502,121.72896436736502,3,A
9888,-61.5957271223901,15.446661254956007,,122.42139172058322,122.42139172058322,3,A
9889,-61.59572712239011,15.446684480926002,,124.53495987152439,124.53495987152439,3,A
9890,-61.5957271223901,15.446707706895996,,122.2368159192348,122.2368159192348,3,A
9891,-61.5957271223901,15.446730932865993,,123.71137850243304,123.71137850243304,3,A
9892,-61.5957271223901,15.446754158835988,,122.0249508228016,122.0249508228016,3,A
9893,-61.59572712239011,15.446777384805982,,122.35778511066206,122.35778511066206,3,A
9894,-61.5957271223901,15.446800610775977,,120.25351140283232,120.25351140283232,3,A
9895,-61.59572712239011,15.446823836745972,,119.5550112778806,119.5550112778806,3,A
9896,-61.5957271223901,15.446847062715968,,127.50910221016126,127.50910221016126,3,A
9897,-61.5957271223901,15.446870288685961,,123.81950067159393,123.81950067159393,3,A
9898,-61.5957271223901,15.446893514655958,,123.46224708295475,123.46224708295475,3,A
9899,-61.59572712239011,15.446916740625952,,125.3819801877352,125.3819801877352,3,A
9900,-61.5957271223901,15.446939966595947,,123.88023300627087,123.88023300627087,3,A
9901,-61.5957271223901,15.44696319256594,,119.153104561768,119.153104561768,3,A
9902,-61.5957271223901,15.446986418535937,,121.74627162756443,121.74627162756443,3,A
9903,-61.59572712239011,15.447009644505933,,121.14541314834344,121.14541314834344,3,A
9904,-61.5957271223901,15.447032870475928,,121.03561956537833,121.03561956537833,3,A
9905,-61.5957271223901,15.447056096445921,,122.99641183288188,122.99641183288188,3,A
9906,-61.5957271223901,15.447079322415917,,122.60148849266015,122.60148849266015,3,A
9907,-61.59572712239011,15.447102548385912,,123.30964032481283,123.30964032481283,3,A
9908,-61.5957271223901,15.447125774355905,,124.96206982611818,124.96206982611818,3,A
9909,-61.5957271223901,15.4471490003259,,119.18928959066305,119.18928959066305,3,A
9910,-61.5957271223901,15.447172226295898,,122.70856513434855,122.70856513434855,3,A
9911,-61.59572712239011,15.447195452265893,,125.38571347886884,125.38571347886884,3,A
9912,-61.5957271223901,15.447218678235885,,123.50953320081345,123.50953320081345,3,A
9913,-61.5957271223901,15.447241904205882,,127.15274413771249,127.15274413771249,3,A
9914,-61.5957271223901,15.447265130175877,,123.86541853945013,123.86541853945013,3,A
9915,-61.5957271223901,15.44728835614587,,127.21307270860025,127.21307270860025,3,A
9916,-61.5957271223901,15.447311582115866,,122.08483067180619,122.08483067180619,3,A
9917,-61.5957271223901,15.447334808085863,,121.97900723943164,121.97900723943164,3,A
9918,-61.5957271223901,15.447358034055858,,122.58368965739031,122.58368965739031,3,A
9919,-61.5957271223901,15.44738126002585,,126.36779116212635,126.36779116212635,3,A
9920,-61.5957271223901,15.447404485995847,,120.27615678082131,120.27615678082131,3,A
9921,-61.59572712239011,15.447427711965842,,124.91383411073281,124.91383411073281,3,A
9922,-61.595727122390095,15.447450937935836,,120.91939467148565,120.91939467148565,3,A
9923,-61.5957271223901,15.44747416390583,,121.6462484538815,121.6462484538815,3,A
9924,-61.5957271223901,15.447497389875828,,129.63595601519322,129.63595601519322,3,A
9925,-61.59572712239011,15.447520615845821,,117.84495175722324,117.84495175722324,3,A
9926,-61.5957271223901,15.447543841815815,,119.68664515363197,119.68664515363197,3,A
9927,-61.5957271223901,15.44756706778581,,123.41110885406452,123.41110885406452,3,A
9928,-61.5957271223901,15.447590293755807,,125.01312650454376,125.01312650454376,3,A
9929,-61.59572712239011,15.447613519725802,,119.63160985432323,119.63160985432323,3,A
9930,-61.5957271223901,15.447636745695796,,123.60518033561719,123.60518033561719,3,A
9931,-61.5957271223901,15.447659971665791,,119.28906541160329,119.28906541160329,3,A
9932,-61.5957271223901,15.447683197635786,,122.93554299048128,122.93554299048128,3,A
9933,-61.5957271223901,15.44770642360578,,125.3502756571153,125.3502756571153,3,A
9934,-61.5957271223901,15.447729649575775,,126.71331483799348,126.71331483799348,3,A
9935,-61.5957271223901,15.44775287554577,,123.48767554724819,123.48767554724819,3,A
9936,-61.5957271223901,15.447776101515768,,123.68132603949861,123.68132603949861,3,A
9937,-61.5957271223901,15.447799327485761,,120.30957966019152,120.30957966019152,3,A
9938,-61.59572712239011,15.447822553455755,,121.73215962775309,121.73215962775309,3,A
9939,-61.5957271223901,15.447845779425752,,123.84903516733796,123.84903516733796,3,A
9940,-61.5957271223901,15.447869005395745,,124.13056878612667,124.13056878612667,3,A
9941,-61.5957271223901,15.44789223136574,,121.6797461747141,121.6797461747141,3,A
9942,-61.59572712239011,15.447915457335736,,123.57378758473347,123.57378758473347,3,A
9943,-61.59572712239011,15.447938683305733,,117.66810593929173,117.66810593929173,3,A
9944,-61.5957271223901,15.447961909275726,,126.10138313579819,126.10138313579819,3,A
9945,-61.5957271223901,15.44798513524572,,124.45319865489178,124.45319865489178,3,A
9946,-61.59572712239011,15.448008361215715,,121.66643398978947,121.66643398978947,3,A
9947,-61.5957271223901,15.44803158718571,,121.4854191602085,121.4854191602085,3,A
9948,-61.5957271223901,15.448054813155705,,119.05078774259003,119.05078774259003,3,A
9949,-61.5957271223901,15.4480780391257,,119.54499507145948,119.54499507145948,3,A
9950,-61.59572712239011,15.448101265095698,,126.74647664976958,126.74647664976958,3,A
9951,-61.5957271223901,15.44812449106569,,119.97408664449343,119.97408664449343,3,A
9952,-61.5957271223901,15.448147717035685,,124.5296859911693,124.5296859911693,3,A
9953,-61.5957271223901,15.44817094300568,,126.8358211839246,126.8358211839246,3,A
9954,-61.59572712239011,15.448194168975675,,121.69713237876029,121.69713237876029,3,A
9955,-61.5957271223901,15.44821739494567,,123.4321640334735,123.4321640334735,3,A
9956,-61.59572712239011,15.448240620915666,,123.5536580678387,123.5536580678387,3,A
9957,-61.5957271223901,15.448263846885661,,117.53947089766082,117.53947089766082,3,A
9958,-61.5957271223901,15.448287072855655,,122.87875352005283,122.87875352005283,3,A
9959,-61.5957271223901,15.44831029882565,,124.65047121100277,124.65047121100277,3,A
9960,-61.59572712239011,15.448333524795645,,124.63668015728476,124.63668015728476,3,A
9961,-61.5957271223901,15.44835675076564,,125.6470958243521,125.6470958243521,3,A
9962,-61.5957271223901,15.448379976735636,,120.45621685938923,120.45621685938923,3,A
9963,-61.5957271223901,15.44840320270563,,119.16941379038926,119.16941379038926,3,A
9964,-61.59572712239011,15.448426428675624,,126.25333076848392,126.25333076848392,3,A
9965,-61.5957271223901,15.448449654645618,,121.36180007209907,121.36180007209907,3,A
9966,-61.5957271223901,15.448472880615615,,125.0796157874276,125.0796157874276,3,A
9967,-61.5957271223901,15.44849610658561,,124.37344190545002,124.37344190545002,3,A
9968,-61.59572712239011,15.448519332555605,,124.08684932222322,124.08684932222322,3,A
9969,-61.5957271223901,15.448542558525599,,123.28857611994023,123.28857611994023,3,A
9970,-61.5957271223901,15.448565784495596,,122.81314970273237,122.81314970273237,3,A
9971,-61.5957271223901,15.44858901046559,,125.1863716952992,125.1863716952992,3,A
9972,-61.5957271223901,15.448612236435583,,120.67491313139274,120.67491313139274,3,A
9973,-61.5957271223901,15.44863546240558,,130.25534834261094,130.25534834261094,3,A
9974,-61.5957271223901,15.448658688375575,,122.80709937124813,122.80709937124813,3,A
9975,-61.5957271223901,15.44868191434557,,118.22904869627303,118.22904869627303,3,A
9976,-61.5957271223901,15.448705140315564,,118.35731629126226,118.35731629126226,3,A
9977,-61.5957271223901,15.44872836628556,,119.00261562152548,119.00261562152548,3,A
9978,-61.59572712239011,15.448751592255554,,127.27320370525278,127.27320370525278,3,A
9979,-61.5957271223901,15.44877481822555,,120.27236096432435,120.27236096432435,3,A
9980,-61.5957271223901,15.448798044195545,,122.7389277634224,122.7389277634224,3,A
9981,-61.5957271223901,15.44882127016554,,118.65560142298123,118.65560142298123,3,A
9982,-61.59572712239011,15.448844496135536,,123.81327608138267,123.81327608138267,3,A
9983,-61.595727122390095,15.448867722105529,,127.10334154503494,127.10334154503494,3,A
9984,-61.5957271223901,15.448890948075523,,123.31276602496177,123.31276602496177,3,A
9985,-61.5957271223901,15.44891417404552,,123.8886097415846,123.8886097415846,3,A
9986,-61.59572712239011,15.448937400015515,,123.52123893430337,123.52123893430337,3,A
9987,-61.5957271223901,15.448960625985508,,118.9513316234046,118.9513316234046,3,A
9988,-61.5957271223901,15.448983851955505,,122.231561621823,122.231561621823,3,A
9989,-61.5957271223901,15.4490070779255,,118.89988447272741,118.89988447272741,3,A
9990,-61.5957271223901,15.449030303895494,,122.20312019300998,122.20312019300998,3,A
9991,-61.59572712239011,15.449053529865488,,124.51333804530513,124.51333804530513,3,A
9992,-61.5957271223901,15.449076755835485,,125.6799873187706,125.6799873187706,3,A
9993,-61.59572712239011,15.44909998180548,,119.16940480026302,119.16940480026302,3,A
9994,-61.5957271223901,15.449123207775473,,119.71400543168626,119.71400543168626,3,A
9995,-61.59572712239011,15.449146433745469,,121.09390742520371,121.09390742520371,3,A
9996,-61.5957271223901,15.449169659715466,,118.01455916352063,118.01455916352063,3,A
9997,-61.5957271223901,15.449192885685457,,124.23129303916653,124.23129303916653,3,A
9998,-61.5957271223901,15.449216111655453,,124.30600530953377,124.30600530953377,3,A
9999,-61.59572712239011,15.44923933762545,,119.61360738318682,119.61360738318682,3,A
10000,-61.5957271223901,15.449262563595445,,124.44326899309227,124.44326899309227,3,A
10001,-61.5957271223901,15.449285789565439,,127.26027346876037,127.26027346876037,3,A
10002,-61.5957271223901,15.449309015535434,,121.24763521411859,121.24763521411859,3,A
10003,-61.59572712239011,15.449332241505429,,123.00977425601056,123.00977425601056,3,A
10004,-61.59572712239011,15.449355467475424,,122.27942185414155,122.27942185414155,3,A
10005,-61.5957271223901,15.449378693445418,,122.8454550897298,122.8454550897298,3,A
10006,-61.5957271223901,15.449401919415413,,122.95410678950155,122.95410678950155,3,A
10007,-61.59572712239011,15.44942514538541,,118.80029133421726,118.80029133421726,3,A
10008,-61.5957271223901,15.449448371355404,,121.80793239459081,121.80793239459081,3,A
10009,-61.5957271223901,15.449471597325399,,127.08466938267615,127.08466938267615,3,A
10010,-61.5957271223901,15.449494823295392,,121.85864273096462,121.85864273096462,3,A
10011,-61.59572712239011,15.44951804926539,,123.6749640190862,123.6749640190862,3,A
10012,-61.5957271223901,15.449541275235383,,121.93199740630513,121.93199740630513,3,A
10013,-61.5957271223901,15.449564501205378,,123.56817244009905,123.56817244009905,3,A
10014,-61.5957271223901,15.449587727175373,,117.12350148690348,117.12350148690348,3,A
10015,-61.5957271223901,15.449610953145369,,122.29915456555008,122.29915456555008,3,A
10016,-61.5957271223901,15.449634179115364,,121.18149829569113,121.18149829569113,3,A
10017,-61.59572712239011,15.449657405085357,,126.41351301366565,126.41351301366565,3,A
10018,-61.5957271223901,15.449680631055354,,123.13310869758976,123.13310869758976,3,A
10019,-61.5957271223901,15.449703857025348,,126.05669942854308,126.05669942854308,3,A
10020,-61.5957271223901,15.449727082995343,,121.00559046557372,121.00559046557372,3,A
10021,-61.59572712239011,15.449750308965339,,127.52997626923263,127.52997626923263,3,A
10022,-61.5957271223901,15.449773534935334,,124.28449156745792,124.28449156745792,3,A
10023,-61.5957271223901,15.449796760905327,,123.99674339532382,123.99674339532382,3,A
10024,-61.5957271223901,15.449819986875323,,125.97871616472683,125.97871616472683,3,A
10025,-61.59572712239011,15.44984321284532,,122.46446103539567,122.46446103539567,3,A
10026,-61.5957271223901,15.449866438815313,,120.74542131826782,120.74542131826782,3,A
10027,-61.5957271223901,15.449889664785308,,117.97679945020653,117.97679945020653,3,A
10028,-61.5957271223901,15.449912890755304,,133.24305386884208,133.24305386884208,3,A
10029,-61.59572712239011,15.4499361167253,,127.46186870533022,127.46186870533022,3,A
10030,-61.5957271223901,15.449959342695292,,122.38569484819902,122.38569484819902,3,A
10031,-61.5957271223901,15.449982568665288,,123.04884386379072,123.04884386379072,3,A
10032,-61.5957271223901,15.450005794635285,,126.19520799505929,126.19520799505929,3,A
10033,-61.5957271223901,15.450029020605278,,122.08803973621708,122.08803973621708,3,A
10034,-61.5957271223901,15.450052246575273,,128.4357688901197,128.4357688901197,3,A
10035,-61.5957271223901,15.450075472545269,,125.65046071240894,125.65046071240894,3,A
10036,-61.5957271223901,15.450098698515262,,123.15624928064975,123.15624928064975,3,A
10037,-61.5957271223901,15.450121924485257,,119.62802329976104,119.62802329976104,3,A
10038,-61.5957271223901,15.450145150455253,,126.00776110165961,126.00776110165961,3,A
10039,-61.5957271223901,15.450168376425248,,124.06668430196642,124.06668430196642,3,A
10040,-61.595727122390095,15.450191602395243,,124.15938571658536,124.15938571658536,3,A
10041,-61.5957271223901,15.450214828365239,,119.10829613671766,119.10829613671766,3,A
10042,-61.5957271223901,15.450238054335234,,124.38013503072554,124.38013503072554,3,A
10043,-61.59572712239011,15.450261280305227,,120.36030397610389,120.36030397610389,3,A
10044,-61.5957271223901,15.45028450627522,,119.84502698509687,119.84502698509687,3,A
10045,-61.5957271223901,15.450307732245218,,124.75506502856426,124.75506502856426,3,A
10046,-61.59572712239011,15.450330958215213,,124.68928391523956,124.68928391523956,3,A
10047,-61.5957271223901,15.450354184185207,,120.95738324338157,120.95738324338157,3,A
10048,-61.5957271223901,15.450377410155204,,120.69738546659588,120.69738546659588,3,A
10049,-61.5957271223901,15.450400636125197,,121.28670492752505,121.28670492752505,3,A
10050,-61.59572712239011,15.450423862095192,,126.16769126419942,126.16769126419942,3,A
10051,-61.5957271223901,15.450447088065186,,122.40837686406208,122.40837686406208,3,A
10052,-61.5957271223901,15.450470314035183,,118.78577302800981,118.78577302800981,3,A
10053,-61.5957271223901,15.450493540005178,,121.98036190181637,121.98036190181637,3,A
10054,-61.59572712239011,15.450516765975173,,118.61661710051523,118.61661710051523,3,A
10055,-61.5957271223901,15.450539991945167,,123.54714570537983,123.54714570537983,3,A
10056,-61.59572712239011,15.450563217915162,,127.98341985045897,127.98341985045897,3,A
10057,-61.5957271223901,15.450586443885157,,119.27978327756671,119.27978327756671,3,A
10058,-61.5957271223901,15.450609669855151,,124.11086797011164,124.11086797011164,3,A
10059,-61.5957271223901,15.450632895825148,,123.22262114075122,123.22262114075122,3,A
10060,-61.59572712239011,15.450656121795143,,124.77140567216749,124.77140567216749,3,A
10061,-61.59572712239011,15.450679347765139,,122.46960296900048,122.46960296900048,3,A
10062,-61.5957271223901,15.450702573735132,,125.61031526252138,125.61031526252138,3,A
10063,-61.5957271223901,15.450725799705127,,121.16770405701882,121.16770405701882,3,A
10064,-61.59572712239011,15.450749025675123,,124.50639810816881,124.50639810816881,3,A
10065,-61.5957271223901,15.450772251645116,,127.04282088078344,127.04282088078344,3,A
10066,-61.5957271223901,15.450795477615113,,124.32098149039545,124.32098149039545,3,A
10067,-61.5957271223901,15.450818703585108,,118.18758437771362,118.18758437771362,3,A
10068,-61.59572712239011,15.450841929555104,,121.7941193672297,121.7941193672297,3,A
10069,-61.5957271223901,15.450865155525095,,124.74579194621137,124.74579194621137,3,A
10070,-61.5957271223901,15.450888381495092,,121.80107342920843,121.80107342920843,3,A
10071,-61.5957271223901,15.450911607465088,,126.01420898354527,126.01420898354527,3,A
10072,-61.5957271223901,15.450934833435081,,121.72247892010876,121.72247892010876,3,A
10073,-61.5957271223901,15.450958059405076,,122.73544358940191,122.73544358940191,3,A
10074,-61.59572712239011,15.450981285375073,,124.80311480412378,124.80311480412378,3,A
10075,-61.5957271223901,15.451004511345067,,124.03815038296312,124.03815038296312,3,A
10076,-61.5957271223901,15.45102773731506,,126.022199180499,126.022199180499,3,A
10077,-61.5957271223901,15.451050963285056,,129.43486459347145,129.43486459347145,3,A
10078,-61.59572712239011,15.451074189255053,,121.68205575984177,121.68205575984177,3,A
10079,-61.5957271223901,15.451097415225048,,116.84597521976241,116.84597521976241,3,A
10080,-61.5957271223901,15.451120641195041,,121.22870608434893,121.22870608434893,3,A
10081,-61.5957271223901,15.451143867165037,,129.10735915297678,129.10735915297678,3,A
10082,-61.59572712239011,15.451167093135032,,120.04698471648604,120.04698471648604,3,A
10083,-61.5957271223901,15.451190319105025,,117.39283407361616,117.39283407361616,3,A
10084,-61.5957271223901,15.45121354507502,,122.25648735534034,122.25648735534034,3,A
10085,-61.5957271223901,15.451236771045018,,125.35554737300345,125.35554737300345,3,A
10086,-61.59572712239011,15.451259997015013,,123.89934534442982,123.89934534442982,3,A
10087,-61.5957271223901,15.451283222985007,,124.70921489150393,124.70921489150393,3,A
10088,-61.5957271223901,15.451306448955,,120.01942474789182,120.01942474789182,3,A
10089,-61.5957271223901,15.451329674924997,,126.84534174649143,126.84534174649143,3,A
10090,-61.5957271223901,15.45135290089499,,119.91022725992067,119.91022725992067,3,A
10091,-61.5957271223901,15.451376126864986,,121.28345226316571,121.28345226316571,3,A
10092,-61.5957271223901,15.451399352834981,,126.55098572934993,126.55098572934993,3,A
10093,-61.5957271223901,15.451422578804978,,123.48246245854764,123.48246245854764,3,A
10094,-61.5957271223901,15.451445804774972,,126.6882461878324,126.6882461878324,3,A
10095,-61.5957271223901,15.451469030744965,,124.37566680984864,124.37566680984864,3,A
10096,-61.5957271223901,15.45149225671496,,128.56526386182614,128.56526386182614,3,A
10097,-61.5957271223901,15.451515482684956,,124.86698789943857,124.86698789943857,3,A
10098,-61.5957271223901,15.451538708654951,,118.89958873583001,118.89958873583001,3,A
10099,-61.59572712239011,15.451561934624946,,126.31837049150603,126.31837049150603,3,A
10100,-61.59572712239011,15.451585160594943,,121.99648233714039,121.99648233714039,3,A
10101,-61.5957271223901,15.451608386564935,,125.42525936111325,125.42525936111325,3,A
10102,-61.5957271223901,15.45163161253493,,118.92601395278064,118.92601395278064,3,A
10103,-61.59572712239011,15.451654838504925,,126.92442263529027,126.92442263529027,3,A
10104,-61.59572712239011,15.451678064474923,,120.7316591299491,120.7316591299491,3,A
10105,-61.5957271223901,15.451701290444916,,121.23855746696425,121.23855746696425,3,A
10106,-61.5957271223901,15.451724516414911,,121.67622688405747,121.67622688405747,3,A
10107,-61.59572712239011,15.451747742384907,,124.31170580255052,124.31170580255052,3,A
10108,-61.5957271223901,15.4517709683549,,127.54226947272574,127.54226947272574,3,A
10109,-61.5957271223901,15.451794194324895,,123.97742320132869,123.97742320132869,3,A
10110,-61.5957271223901,15.45181742029489,,124.48157809179195,124.48157809179195,3,A
10111,-61.59572712239011,15.451840646264888,,123.38311067607087,123.38311067607087,3,A
10112,-61.5957271223901,15.451863872234881,,121.89914499134863,121.89914499134863,3,A
10113,-61.59572712239011,15.451887098204876,,118.04399937125122,118.04399937125122,3,A
10114,-61.5957271223901,15.45191032417487,,121.80691749545015,121.80691749545015,3,A
10115,-61.5957271223901,15.451933550144865,,127.61955192346034,127.61955192346034,3,A
10116,-61.5957271223901,15.45195677611486,,118.08660414220684,118.08660414220684,3,A
10117,-61.59572712239011,15.451980002084856,,127.06653598986861,127.06653598986861,3,A
10118,-61.5957271223901,15.452003228054851,,129.42248426609638,129.42248426609638,3,A
10119,-61.5957271223901,15.452026454024846,,120.87733239699598,120.87733239699598,3,A
10120,-61.5957271223901,15.452049679994841,,126.88757210084883,126.88757210084883,3,A
10121,-61.59572712239011,15.452072905964835,,128.391486850791,128.391486850791,3,A
10122,-61.5957271223901,15.452096131934828,,125.47549432836138,125.47549432836138,3,A
10123,-61.5957271223901,15.452119357904825,,124.39319630298908,124.39319630298908,3,A
10124,-61.5957271223901,15.45214258387482,,121.32582527784848,121.32582527784848,3,A
10125,-61.59572712239011,15.452165809844816,,127.2877415716232,127.2877415716232,3,A
10126,-61.5957271223901,15.452189035814811,,127.02683688110332,127.02683688110332,3,A
10127,-61.5957271223901,15.452212261784805,,123.37794740202474,123.37794740202474,3,A
10128,-61.5957271223901,15.4522354877548,,124.34436215472387,124.34436215472387,3,A
10129,-61.59572712239011,15.452258713724795,,124.66146925555302,124.66146925555302,3,A
10130,-61.5957271223901,15.45228193969479,,125.5637416413584,125.5637416413584,3,A
10131,-61.5957271223901,15.452305165664786,,120.48582677014272,120.48582677014272,3,A
10132,-61.5957271223901,15.452328391634781,,120.80336477376981,120.80336477376981,3,A
10133,-61.5957271223901,15.452351617604775,,125.23503486375864,125.23503486375864,3,A
10134,-61.5957271223901,15.45237484357477,,120.98581780525144,120.98581780525144,3,A
10135,-61.5957271223901,15.452398069544765,,119.5083898187654,119.5083898187654,3,A
10136,-61.5957271223901,15.45242129551476,,121.37970533492818,121.37970533492818,3,A
10137,-61.5957271223901,15.452444521484754,,123.53369791671284,123.53369791671284,3,A
10138,-61.5957271223901,15.452467747454751,,127.82116023813033,127.82116023813033,3,A
10139,-61.59572712239011,15.452490973424746,,126.12192981756262,126.12192981756262,3,A
10140,-61.5957271223901,15.45251419939474,,117.9568238764198,117.9568238764198,3,A
10141,-61.5957271223901,15.452537425364735,,126.49774009639283,126.49774009639283,3,A
10142,-61.5957271223901,15.45256065133473,,124.08319408988079,124.08319408988079,3,A
10143,-61.59572712239011,15.452583877304725,,123.23448738352582,123.23448738352582,3,A
10144,-61.5957271223901,15.452607103274719,,123.75793591078136,123.75793591078136,3,A
10145,-61.5957271223901,15.452630329244716,,125.56904436860279,125.56904436860279,3,A
10146,-61.5957271223901,15.452653555214711,,120.21198234130091,120.21198234130091,3,A
10147,-61.5957271223901,15.452676781184703,,125.17848325506525,125.17848325506525,3,A
10148,-61.5957271223901,15.452700007154698,,123.61745509217003,123.61745509217003,3,A
10149,-61.5957271223901,15.452723233124695,,122.26879574880942,122.26879574880942,3,A
10150,-61.5957271223901,15.45274645909469,,128.38750019245344,128.38750019245344,3,A
10151,-61.5957271223901,15.452769685064684,,122.82002112453415,122.82002112453415,3,A
10152,-61.59572712239011,15.45279291103468,,125.24238569782116,125.24238569782116,3,A
10153,-61.5957271223901,15.452816137004676,,124.4610950680887,124.4610950680887,3,A
10154,-61.59572712239011,15.45283936297467,,122.59867301923522,122.59867301923522,3,A
10155,-61.5957271223901,15.452862588944663,,125.11974999632997,125.11974999632997,3,A
10156,-61.59572712239011,15.452885814914659,,126.91884531019909,126.91884531019909,3,A
10157,-61.59572712239011,15.452909040884656,,127.23438850008091,127.23438850008091,3,A
10158,-61.5957271223901,15.45293226685465,,126.8763980570091,126.8763980570091,3,A
10159,-61.5957271223901,15.452955492824644,,124.81703566695917,124.81703566695917,3,A
10160,-61.59572712239011,15.45297871879464,,122.97916726448334,122.97916726448334,3,A
10161,-61.59572712239011,15.453001944764635,,125.46467411860525,125.46467411860525,3,A
10162,-61.5957271223901,15.453025170734628,,126.13232544150978,126.13232544150978,3,A
10163,-61.5957271223901,15.453048396704624,,118.11055345753164,118.11055345753164,3,A
10164,-61.59572712239011,15.45307162267462,,124.59243920038419,124.59243920038419,3,A
10165,-61.5957271223901,15.453094848644614,,118.39043897624299,118.39043897624299,3,A
10166,-61.5957271223901,15.45311807461461,,121.89234626074428,121.89234626074428,3,A
10167,-61.5957271223901,15.453141300584605,,124.54613995441659,124.54613995441659,3,A
10168,-61.59572712239011,15.4531645265546,,126.21294526101681,126.21294526101681,3,A
10169,-61.5957271223901,15.453187752524594,,128.83157818050842,128.83157818050842,3,A
10170,-61.59572712239011,15.453210978494589,,127.94353402914523,127.94353402914523,3,A
10171,-61.5957271223901,15.453234204464586,,127.49932616009845,127.49932616009845,3,A
10172,-61.5957271223901,15.45325743043458,,126.19090440295408,126.19090440295408,3,A
10173,-61.5957271223901,15.453280656404573,,128.16521953876784,128.16521953876784,3,A
10174,-61.59572712239011,15.453303882374568,,124.98177040067185,124.98177040067185,3,A
10175,-61.5957271223901,15.453327108344565,,116.3820113957585,116.3820113957585,3,A
10176,-61.5957271223901,15.453350334314559,,127.82803369871301,127.82803369871301,3,A
10177,-61.5957271223901,15.453373560284554,,123.3590538382314,123.3590538382314,3,A
10178,-61.59572712239011,15.45339678625455,,124.34564253541515,124.34564253541515,3,A
10179,-61.5957271223901,15.453420012224546,,123.76597950521897,123.76597950521897,3,A
10180,-61.5957271223901,15.453443238194538,,125.1593682988912,125.1593682988912,3,A
10181,-61.5957271223901,15.453466464164533,,126.03611051992546,126.03611051992546,3,A
10182,-61.59572712239011,15.453489690134528,,125.32708312201346,125.32708312201346,3,A
10183,-61.5957271223901,15.453512916104524,,127.74271067342596,127.74271067342596,3,A
10184,-61.5957271223901,15.453536142074519,,119.06857766663865,119.06857766663865,3,A
10185,-61.5957271223901,15.453559368044514,,123.35770568550856,123.35770568550856,3,A
10186,-61.59572712239011,15.45358259401451,,125.8774927454817,125.8774927454817,3,A
10187,-61.5957271223901,15.453605819984503,,128.71421272454498,128.71421272454498,3,A
10188,-61.5957271223901,15.453629045954498,,123.01601574983141,123.01601574983141,3,A
10189,-61.5957271223901,15.453652271924494,,125.25277823914048,125.25277823914048,3,A
10190,-61.5957271223901,15.453675497894489,,121.64454550494024,121.64454550494024,3,A
10191,-61.5957271223901,15.453698723864484,,123.4179695439152,123.4179695439152,3,A
10192,-61.5957271223901,15.45372194983448,,124.108849079613,124.108849079613,3,A
10193,-61.5957271223901,15.453745175804475,,124.91472440258836,124.91472440258836,3,A
10194,-61.5957271223901,15.453768401774468,,124.56356589494655,124.56356589494655,3,A
10195,-61.5957271223901,15.453791627744463,,127.94233904751269,127.94233904751269,3,A
10196,-61.59572712239011,15.453814853714459,,122.84760406755163,122.84760406755163,3,A
10197,-61.595727122390095,15.453838079684452,,124.61281548024505,124.61281548024505,3,A
10198,-61.5957271223901,15.45386130565445,,129.86408685063643,129.86408685063643,3,A
10199,-61.5957271223901,15.453884531624443,,121.98839178091677,121.98839178091677,3,A
10200,-61.59572712239011,15.453907757594438,,126.84066492042612,126.84066492042612,3,A
10201,-61.5957271223901,15.453930983564433,,128.94375046889186,128.94375046889186,3,A
10202,-61.5957271223901,15.453954209534428,,127.1067124908774,127.1067124908774,3,A
10203,-61.59572712239011,15.453977435504424,,126.56083860287457,126.56083860287457,3,A
10204,-61.59572712239011,15.454000661474419,,122.61120047685773,122.61120047685773,3,A
10205,-61.5957271223901,15.454023887444414,,124.99331324967893,124.99331324967893,3,A
10206,-61.5957271223901,15.454047113414408,,129.91557950491057,129.91557950491057,3,A
10207,-61.59572712239011,15.454070339384403,,119.37347231449358,119.37347231449358,3,A
10208,-61.5957271223901,15.454093565354396,,132.24521994968273,132.24521994968273,3,A
10209,-61.59572712239011,15.454116791324394,,126.11782112961068,126.11782112961068,3,A
10210,-61.5957271223901,15.454140017294389,,123.3141619128806,123.3141619128806,3,A
10211,-61.59572712239011,15.454163243264384,,124.65573842785444,124.65573842785444,3,A
10212,-61.5957271223901,15.454186469234378,,132.94660784269783,132.94660784269783,3,A
10213,-61.59572712239011,15.454209695204373,,129.08376466829208,129.08376466829208,3,A
10214,-61.5957271223901,15.454232921174368,,125.4972026515927,125.4972026515927,3,A
10215,-61.5957271223901,15.454256147144362,,128.57796509778024,128.57796509778024,3,A
10216,-61.5957271223901,15.454279373114359,,125.18243968675597,125.18243968675597,3,A
10217,-61.59572712239011,15.454302599084354,,124.56031923500748,124.56031923500748,3,A
10218,-61.5957271223901,15.45432582505435,,125.79193059322782,125.79193059322782,3,A
10219,-61.5957271223901,15.45434905102434,,122.86825541245493,122.86825541245493,3,A
10220,-61.5957271223901,15.454372276994338,,127.17797689786427,127.17797689786427,3,A
10221,-61.59572712239011,15.454395502964333,,127.08677682946514,127.08677682946514,3,A
10222,-61.5957271223901,15.454418728934327,,126.15869644044497,126.15869644044497,3,A
10223,-61.5957271223901,15.454441954904322,,127.02937048578427,127.02937048578427,3,A
10224,-61.5957271223901,15.454465180874319,,123.17063375254136,123.17063375254136,3,A
10225,-61.59572712239011,15.454488406844312,,122.08246553400004,122.08246553400004,3,A
10226,-61.5957271223901,15.454511632814306,,125.28962916914924,125.28962916914924,3,A
10227,-61.5957271223901,15.454534858784303,,119.53577966254272,119.53577966254272,3,A
10228,-61.5957271223901,15.454558084754298,,126.84082405979923,126.84082405979923,3,A
10229,-61.59572712239011,15.454581310724294,,125.00163019993226,125.00163019993226,3,A
10230,-61.5957271223901,15.454604536694287,,132.9757312881111,132.9757312881111,3,A
10231,-61.5957271223901,15.454627762664284,,125.18337407981606,125.18337407981606,3,A
10232,-61.5957271223901,15.454650988634278,,124.7479862334111,124.7479862334111,3,A
10233,-61.5957271223901,15.454674214604271,,124.51133820251721,124.51133820251721,3,A
10234,-61.5957271223901,15.454697440574266,,127.21645077029707,127.21645077029707,3,A
10235,-61.59572712239011,15.454720666544263,,124.82829050194381,124.82829050194381,3,A
10236,-61.5957271223901,15.454743892514259,,125.86449775515479,125.86449775515479,3,A
10237,-61.5957271223901,15.454767118484252,,127.31624274329184,127.31624274329184,3,A
10238,-61.5957271223901,15.454790344454246,,123.99975478922354,123.99975478922354,3,A
10239,-61.59572712239011,15.454813570424243,,124.8198799557384,124.8198799557384,3,A
10240,-61.595727122390095,15.454836796394236,,125.03776528703128,125.03776528703128,3,A
10241,-61.5957271223901,15.454860022364231,,128.51331256349584,128.51331256349584,3,A
10242,-61.5957271223901,15.454883248334228,,126.11080479601941,126.11080479601941,3,A
10243,-61.59572712239011,15.454906474304224,,122.92049952122528,122.92049952122528,3,A
10244,-61.5957271223901,15.454929700274217,,128.01492527501318,128.01492527501318,3,A
10245,-61.5957271223901,15.45495292624421,,124.51187217305387,124.51187217305387,3,A
10246,-61.5957271223901,15.454976152214208,,126.73602244757528,126.73602244757528,3,A
10247,-61.5957271223901,15.454999378184201,,123.04472850223233,123.04472850223233,3,A
10248,-61.5957271223901,15.455022604154196,,123.78248474563277,123.78248474563277,3,A
10249,-61.5957271223901,15.455045830124192,,122.20775939789007,122.20775939789007,3,A
10250,-61.5957271223901,15.455069056094189,,128.32846578776298,128.32846578776298,3,A
-568,-61.43350201396544,15.282872295402488,,-30.632060217864076,-30.632060217864076,2,V
-567,-61.433502013965445,15.28289552120785,,-30.382887958331093,-30.382887958331093,2,V
-566,-61.43350201396544,15.282918747013209,,-27.831471624332934,-27.831471624332934,2,V
-565,-61.433502013965445,15.28294197281857,,-27.10147839310093,-27.10147839310093,2,V
-564,-61.43350201396544,15.282965198623929,,-28.553735949197524,-28.553735949197524,2,V
-563,-61.433502013965445,15.282988424429293,,-29.697645958329627,-29.697645958329627,2,V
-562,-61.43350201396544,15.283011650234652,,-31.266328115841656,-31.266328115841656,2,V
-561,-61.43350201396544,15.283034876040013,,-27.421547560184113,-27.421547560184113,2,V
-560,-61.43350201396544,15.283058101845375,,-28.12916952006351,-28.12916952006351,2,V
-559,-61.433502013965445,15.283081327650734,,-25.841930389998094,-25.841930389998094,2,V
-558,-61.433502013965445,15.283104553456095,,-31.361436868243327,-31.361436868243327,2,V
-557,-61.43350201396544,15.283127779261454,,-31.582321775802043,-31.582321775802043,2,V
-556,-61.433502013965445,15.283151005066816,,-28.968585342690343,-28.968585342690343,2,V
-555,-61.43350201396544,15.283174230872177,,-31.992994685857678,-31.992994685857678,2,V
-554,-61.43350201396544,15.283197456677538,,-32.45573994249038,-32.45573994249038,2,V
-553,-61.43350201396544,15.283220682482899,,-30.911061962993625,-30.911061962993625,2,V
-552,-61.433502013965445,15.28324390828826,,-30.8340457401558,-30.8340457401558,2,V
-551,-61.43350201396544,15.28326713409362,,-26.698483747634803,-26.698483747634803,2,V
-550,-61.43350201396544,15.283290359898979,,-27.094188093501216,-27.094188093501216,2,V
-549,-61.43350201396544,15.283313585704342,,-28.355404133494975,-28.355404133494975,2,V
-548,-61.43350201396544,15.2833368115097,,-27.98534796647314,-27.98534796647314,2,V
-547,-61.433502013965445,15.283360037315061,,-28.3517126746864,-28.3517126746864,2,V
-546,-61.43350201396544,15.283383263120424,,-27.121153275192206,-27.121153275192206,2,V
-545,-61.433502013965445,15.283406488925785,,-30.212785840226427,-30.212785840226427,2,V
-544,-61.43350201396544,15.283429714731145,,-26.19486540978941,-26.19486540978941,2,V
-543,-61.43350201396544,15.283452940536504,,-29.907128090396633,-29.907128090396633,2,V
-542,-61.43350201396544,15.283476166341867,,-28.921809981101422,-28.921809981101422,2,V
-541,-61.433502013965445,15.283499392147226,,-32.75423967601318,-32.75423967601318,2,V
-540,-61.43350201396544,15.283522617952586,,-29.16769365896921,-29.16769365896921,2,V
-539,-61.43350201396544,15.283545843757947,,-29.80083139590584,-29.80083139590584,2,V
-538,-61.433502013965445,15.28356906956331,,-30.97607829784063,-30.97607829784063,2,V
-537,-61.43350201396544,15.28359229536867,,-28.73830781554191,-28.73830781554191,2,V
-536,-61.43350201396544,15.28361552117403,,-29.47549006691544,-29.47549006691544,2,V
-535,-61.433502013965445,15.283638746979392,,-31.86411167772048,-31.86411167772048,2,V
-534,-61.433502013965445,15.283661972784753,,-28.682883139080367,-28.682883139080367,2,V
-533,-61.43350201396544,15.283685198590112,,-30.569654070528866,-30.569654070528866,2,V
-532,-61.43350201396544,15.283708424395472,,-31.74074641580558,-31.74074641580558,2,V
-531,-61.43350201396544,15.283731650200833,,-30.32889515639692,-30.32889515639692,2,V
-530,-61.43350201396544,15.283754876006196,,-29.652684624111977,-29.652684624111977,2,V
-529,-61.433502013965445,15.283778101811555,,-34.39789040723707,-34.39789040723707,2,V
-528,-61.43350201396544,15.283801327616915,,-29.998197173878182,-29.998197173878182,2,V
-527,-61.433502013965445,15.283824553422278,,-32.865975025592235,-32.865975025592235,2,V
-526,-61.43350201396544,15.283847779227637,,-28.843658909749767,-28.843658909749767,2,V
-525,-61.43350201396544,15.283871005032998,,-27.4649306139946,-27.4649306139946,2,V
-524,-61.43350201396544,15.283894230838358,,-30.637377307287476,-30.637377307287476,2,V
-523,-61.433502013965445,15.283917456643719,,-32.63126619035835,-32.63126619035835,2,V
-522,-61.43350201396544,15.283940682449078,,-28.369854690223193,-28.369854690223193,2,V
-521,-61.43350201396544,15.28396390825444,,-28.399162366551682,-28.399162366551682,2,V
-520,-61.433502013965445,15.283987134059803,,-31.363690939158882,-31.363690939158882,2,V
-519,-61.43350201396544,15.284010359865162,,-29.72248359274378,-29.72248359274378,2,V
-518,-61.43350201396544,15.284033585670523,,-31.444047457131425,-31.444047457131425,2,V
-517,-61.433502013965445,15.284056811475883,,-32.073659219193594,-32.073659219193594,2,V
-516,-61.433502013965445,15.284080037281244,,-26.617193691483713,-26.617193691483713,2,V
-515,-61.43350201396544,15.284103263086603,,-31.86546489288547,-31.86546489288547,2,V
-514,-61.43350201396544,15.284126488891964,,-28.798192634525105,-28.798192634525105,2,V
-513,-61.43350201396544,15.284149714697328,,-31.612118089083225,-31.612118089083225,2,V
-512,-61.43350201396544,15.284172940502687,,-33.01621791854207,-33.01621791854207,2,V
-511,-61.433502013965445,15.284196166308048,,-29.646211807699395,-29.646211807699395,2,V
-510,-61.433502013965445,15.284219392113409,,-29.960561490601187,-29.960561490601187,2,V
-509,-61.433502013965445,15.28424261791877,,-29.655538213474124,-29.655538213474124,2,V
-508,-61.43350201396544,15.284265843724128,,-26.619704118134578,-26.619704118134578,2,V
-507,-61.43350201396544,15.284289069529489,,-29.1115905601966,-29.1115905601966,2,V
-506,-61.43350201396544,15.284312295334852,,-32.82860707503402,-32.82860707503402,2,V
-505,-61.433502013965445,15.28433552114021,,-31.97572546025038,-31.97572546025038,2,V
-504,-61.43350201396544,15.284358746945573,,-29.420319051503228,-29.420319051503228,2,V
-503,-61.43350201396544,15.284381972750932,,-28.43652879784268,-28.43652879784268,2,V
-502,-61.43350201396544,15.284405198556295,,-32.88628328792947,-32.88628328792947,2,V
-501,-61.43350201396544,15.284428424361653,,-30.376692367782642,-30.376692367782642,2,V
-500,-61.43350201396544,15.284451650167014,,-29.35461481540308,-29.35461481540308,2,V
-499,-61.433502013965445,15.284474875972377,,-31.435810081054825,-31.435810081054825,2,V
-498,-61.433502013965445,15.284498101777736,,-31.360466863944332,-31.360466863944332,2,V
-497,-61.43350201396544,15.284521327583096,,-29.36586697986543,-29.36586697986543,2,V
-496,-61.43350201396544,15.284544553388457,,-29.452386870379502,-29.452386870379502,2,V
-495,-61.43350201396544,15.28456777919382,,-31.961052900111085,-31.961052900111085,2,V
-494,-61.43350201396544,15.284591004999179,,-29.058263228742856,-29.058263228742856,2,V
-493,-61.43350201396544,15.28461423080454,,-31.287798400731347,-31.287798400731347,2,V
-492,-61.433502013965445,15.284637456609902,,-29.71038284854606,-29.71038284854606,2,V
-491,-61.433502013965445,15.28466068241526,,-26.729150648206698,-26.729150648206698,2,V
-490,-61.43350201396544,15.284683908220622,,-33.313334062874034,-33.313334062874034,2,V
-489,-61.43350201396544,15.28470713402598,,-30.726643853214792,-30.726643853214792,2,V
-488,-61.43350201396544,15.284730359831343,,-32.45813349025792,-32.45813349025792,2,V
-487,-61.433502013965445,15.284753585636704,,-31.228898228929722,-31.228898228929722,2,V
-486,-61.43350201396544,15.284776811442065,,-26.599036530164334,-26.599036530164334,2,V
-485,-61.433502013965445,15.284800037247427,,-30.656072375841735,-30.656072375841735,2,V
-484,-61.43350201396544,15.284823263052786,,-30.95038365905626,-30.95038365905626,2,V
-483,-61.43350201396544,15.284846488858147,,-32.777495303709756,-32.777495303709756,2,V
-482,-61.43350201396544,15.284869714663506,,-29.71862353143294,-29.71862353143294,2,V
-481,-61.433502013965445,15.284892940468868,,-32.488293956605396,-32.488293956605396,2,V
-480,-61.433502013965445,15.284916166274227,,-28.049309339267047,-28.049309339267047,2,V
-479,-61.43350201396544,15.28493939207959,,-27.591798380160842,-27.591798380160842,2,V
-478,-61.43350201396544,15.28496261788495,,-28.725173872096512,-28.725173872096512,2,V
-477,-61.43350201396544,15.284985843690311,,-29.932656608381116,-29.932656608381116,2,V
-476,-61.43350201396544,15.285009069495672,,-32.18921547304473,-32.18921547304473,2,V
-475,-61.43350201396544,15.285032295301031,,-29.645627700116027,-29.645627700116027,2,V
-474,-61.433502013965445,15.285055521106393,,-29.15314363568028,-29.15314363568028,2,V
-473,-61.43350201396544,15.285078746911752,,-29.233141245594584,-29.233141245594584,2,V
-472,-61.43350201396544,15.285101972717113,,-32.12320101576289,-32.12320101576289,2,V
-471,-61.43350201396544,15.285125198522476,,-30.3837198058166,-30.3837198058166,2,V
-470,-61.43350201396544,15.285148424327836,,-31.206100466620658,-31.206100466620658,2,V
-469,-61.433502013965445,15.285171650133197,,-26.791705040183334,-26.791705040183334,2,V
-468,-61.43350201396544,15.285194875938556,,-30.1378555441569,-30.1378555441569,2,V
-467,-61.433502013965445,15.285218101743919,,-27.703245722617385,-27.703245722617385,2,V
-466,-61.43350201396544,15.28524132754928,,-33.59140245485112,-33.59140245485112,2,V
-465,-61.43350201396544,15.285264553354638,,-29.779648880435598,-29.779648880435598,2,V
-464,-61.43350201396543,15.285287779159999,,-31.212070460762558,-31.212070460762558,2,V
-463,-61.433502013965445,15.28531100496536,,-33.62539700876589,-33.62539700876589,2,V
-462,-61.433502013965445,15.285334230770722,,-29.52643102447693,-29.52643102447693,2,V
-461,-61.43350201396544,15.285357456576081,,-32.59338373354341,-32.59338373354341,2,V
-460,-61.433502013965445,15.285380682381444,,-30.69862903162995,-30.69862903162995,2,V
-459,-61.43350201396544,15.285403908186805,,-30.82187432178143,-30.82187432178143,2,V
-458,-61.43350201396544,15.285427133992163,,-33.67533096453457,-33.67533096453457,2,V
-457,-61.43350201396544,15.285450359797524,,-29.834113184242405,-29.834113184242405,2,V
-456,-61.433502013965445,15.285473585602885,,-32.853124809766896,-32.853124809766896,2,V
-455,-61.43350201396544,15.285496811408246,,-29.57214214461029,-29.57214214461029,2,V
-454,-61.43350201396544,15.285520037213606,,-29.09843630420215,-29.09843630420215,2,V
-453,-61.43350201396544,15.285543263018967,,-29.87420942344236,-29.87420942344236,2,V
-452,-61.43350201396544,15.28556648882433,,-33.29560840688282,-33.29560840688282,2,V
-451,-61.433502013965445,15.285589714629689,,-31.694803420107803,-31.694803420107803,2,V
-450,-61.43350201396544,15.28561294043505,,-29.686660850862374,-29.686660850862374,2,V
-449,-61.433502013965445,15.28563616624041,,-28.58737466560997,-28.58737466560997,2,V
-448,-61.43350201396544,15.28565939204577,,-24.800820625252097,-24.800820625252097,2,V
-447,-61.43350201396544,15.28568261785113,,-30.52535418690342,-30.52535418690342,2,V
-446,-61.43350201396543,15.285705843656492,,-29.82048895050147,-29.82048895050147,2,V
-445,-61.433502013965445,15.285729069461855,,-32.64995288696101,-32.64995288696101,2,V
-444,-61.433502013965445,15.285752295267214,,-29.16967645138904,-29.16967645138904,2,V
-443,-61.43350201396544,15.285775521072575,,-34.22248804003293,-34.22248804003293,2,V
-442,-61.433502013965445,15.285798746877935,,-28.511970941718864,-28.511970941718864,2,V
-441,-61.43350201396544,15.285821972683296,,-29.069529756026437,-29.069529756026437,2,V
-440,-61.43350201396544,15.285845198488655,,-32.56190989832399,-32.56190989832399,2,V
-439,-61.43350201396544,15.285868424294016,,-28.199794083658297,-28.199794083658297,2,V
-438,-61.433502013965445,15.285891650099378,,-28.569476594540937,-28.569476594540937,2,V
-437,-61.43350201396544,15.285914875904739,,-29.852427106716103,-29.852427106716103,2,V
-436,-61.43350201396544,15.2859381017101,,-30.46186241085649,-30.46186241085649,2,V
-435,-61.43350201396544,15.28596132751546,,-30.03997509907064,-30.03997509907064,2,V
-434,-61.43350201396544,15.285984553320821,,-30.007560629754042,-30.007560629754042,2,V
-433,-61.433502013965445,15.28600777912618,,-29.380627749196996,-29.380627749196996,2,V
-432,-61.43350201396544,15.28603100493154,,-29.8701979928811,-29.8701979928811,2,V
-431,-61.433502013965445,15.286054230736903,,-28.620629985285653,-28.620629985285653,2,V
-430,-61.43350201396544,15.286077456542262,,-33.40820322739041,-33.40820322739041,2,V
-429,-61.43350201396544,15.286100682347625,,-30.669582400671256,-30.669582400671256,2,V
-428,-61.43350201396543,15.286123908152984,,-29.824868203284865,-29.824868203284865,2,V
-427,-61.433502013965445,15.286147133958346,,-31.098861056471165,-31.098861056471165,2,V
-426,-61.43350201396544,15.286170359763705,,-29.991298745081977,-29.991298745081977,2,V
-425,-61.43350201396544,15.286193585569066,,-28.814587747266874,-28.814587747266874,2,V
-424,-61.433502013965445,15.286216811374429,,-29.939046234006874,-29.939046234006874,2,V
-423,-61.43350201396544,15.286240037179788,,-27.38269619559888,-27.38269619559888,2,V
-422,-61.43350201396544,15.286263262985148,,-30.886112757602568,-30.886112757602568,2,V
-421,-61.43350201396544,15.286286488790507,,-26.766453339457907,-26.766453339457907,2,V
-420,-61.433502013965445,15.286309714595872,,-33.68338631174356,-33.68338631174356,2,V
-419,-61.43350201396544,15.28633294040123,,-32.65780623627354,-32.65780623627354,2,V
-418,-61.43350201396544,15.286356166206591,,-35.36975725174874,-35.36975725174874,2,V
-417,-61.43350201396544,15.286379392011954,,-33.986819635063775,-33.986819635063775,2,V
-416,-61.43350201396544,15.286402617817313,,-29.375990866599214,-29.375990866599214,2,V
-415,-61.433502013965445,15.286425843622673,,-30.78842040816439,-30.78842040816439,2,V
-414,-61.43350201396544,15.286449069428032,,-33.58335493751266,-33.58335493751266,2,V
-413,-61.433502013965445,15.286472295233395,,-32.882574696595306,-32.882574696595306,2,V
-412,-61.43350201396544,15.286495521038756,,-28.926595777914144,-28.926595777914144,2,V
-411,-61.43350201396544,15.286518746844116,,-33.35008466673075,-33.35008466673075,2,V
-410,-61.43350201396544,15.286541972649479,,-27.24899156317573,-27.24899156317573,2,V
-409,-61.433502013965445,15.286565198454838,,-30.230366228432178,-30.230366228432178,2,V
-408,-61.43350201396544,15.286588424260199,,-29.96529867595086,-29.96529867595086,2,V
-407,-61.43350201396544,15.286611650065558,,-29.951325708415787,-29.951325708415787,2,V
-406,-61.433502013965445,15.28663487587092,,-30.65351510565642,-30.65351510565642,2,V
-405,-61.43350201396544,15.28665810167628,,-25.83255468742301,-25.83255468742301,2,V
-404,-61.43350201396544,15.28668132748164,,-29.306974191224075,-29.306974191224075,2,V
-403,-61.43350201396544,15.286704553287002,,-29.236487058074914,-29.236487058074914,2,V
-402,-61.433502013965445,15.286727779092363,,-32.17598647236826,-32.17598647236826,2,V
-401,-61.43350201396544,15.286751004897724,,-30.95942066111211,-30.95942066111211,2,V
-400,-61.43350201396544,15.286774230703083,,-30.43417314137766,-30.43417314137766,2,V
-399,-61.43350201396544,15.286797456508445,,-31.487974380702425,-31.487974380702425,2,V
-398,-61.43350201396544,15.286820682313806,,-28.80775430688384,-28.80775430688384,2,V
-397,-61.433502013965445,15.286843908119165,,-33.04995764870641,-33.04995764870641,2,V
-396,-61.43350201396544,15.286867133924526,,-30.79477989789951,-30.79477989789951,2,V
-395,-61.433502013965445,15.286890359729888,,-29.21778859849911,-29.21778859849911,2,V
-394,-61.43350201396544,15.286913585535249,,-31.999390701127695,-31.999390701127695,2,V
-393,-61.43350201396544,15.286936811340608,,-30.608875784715078,-30.608875784715078,2,V
-392,-61.43350201396544,15.28696003714597,,-30.135005544574334,-30.135005544574334,2,V
-391,-61.433502013965445,15.286983262951331,,-29.002827517668806,-29.002827517668806,2,V
-390,-61.43350201396544,15.28700648875669,,-30.76388072273076,-30.76388072273076,2,V
-389,-61.43350201396544,15.28702971456205,,-30.371540949536076,-30.371540949536076,2,V
-388,-61.43350201396544,15.287052940367412,,-31.02783927837818,-31.02783927837818,2,V
-387,-61.43350201396544,15.287076166172774,,-29.87042975039015,-29.87042975039015,2,V
-386,-61.43350201396544,15.287099391978133,,-33.19482023588025,-33.19482023588025,2,V
-385,-61.433502013965445,15.287122617783496,,-29.981882738950418,-29.981882738950418,2,V
-384,-61.433502013965445,15.287145843588856,,-29.28904151726597,-29.28904151726597,2,V
-383,-61.43350201396544,15.287169069394215,,-32.15200318803632,-32.15200318803632,2,V
-382,-61.43350201396544,15.287192295199576,,-28.025510973460797,-28.025510973460797,2,V
-381,-61.43350201396544,15.287215521004937,,-32.92280748276447,-32.92280748276447,2,V
-380,-61.43350201396544,15.287238746810297,,-31.60410555160679,-31.60410555160679,2,V
-379,-61.43350201396544,15.287261972615656,,-30.323780454872114,-30.323780454872114,2,V
-378,-61.43350201396544,15.287285198421019,,-30.66199861077633,-30.66199861077633,2,V
-377,-61.433502013965445,15.287308424226381,,-30.270136230441754,-30.270136230441754,2,V
-376,-61.43350201396544,15.28733165003174,,-29.13552385473722,-29.13552385473722,2,V
-375,-61.43350201396544,15.287354875837101,,-28.943952608851912,-28.943952608851912,2,V
-374,-61.43350201396544,15.287378101642462,,-30.16817658030943,-30.16817658030943,2,V
-373,-61.433502013965445,15.287401327447823,,-28.095197050062126,-28.095197050062126,2,V
-372,-61.43350201396544,15.287424553253182,,-29.82020916427181,-29.82020916427181,2,V
-371,-61.43350201396544,15.287447779058542,,-29.094330033931755,-29.094330033931755,2,V
-370,-61.43350201396544,15.287471004863907,,-31.471571669697354,-31.471571669697354,2,V
-369,-61.43350201396544,15.287494230669266,,-32.801992537215995,-32.801992537215995,2,V
-368,-61.43350201396544,15.287517456474626,,-33.15255136381944,-33.15255136381944,2,V
-367,-61.433502013965445,15.287540682279987,,-33.15723151698386,-33.15723151698386,2,V
-366,-61.433502013965445,15.287563908085348,,-29.98184930435187,-29.98184930435187,2,V
-365,-61.43350201396544,15.287587133890707,,-28.678007948411647,-28.678007948411647,2,V
-364,-61.43350201396544,15.287610359696068,,-31.02449498700719,-31.02449498700719,2,V
-363,-61.43350201396544,15.28763358550143,,-30.22826051382725,-30.22826051382725,2,V
-362,-61.43350201396544,15.287656811306789,,-33.16899285626,-33.16899285626,2,V
-361,-61.43350201396544,15.287680037112152,,-32.141778834341636,-32.141778834341636,2,V
-360,-61.433502013965445,15.287703262917512,,-30.4282391588422,-30.4282391588422,2,V
-359,-61.433502013965445,15.287726488722873,,-32.65891774197869,-32.65891774197869,2,V
-358,-61.43350201396544,15.287749714528232,,-28.0862029182074,-28.0862029182074,2,V
-357,-61.43350201396544,15.287772940333593,,-27.823598534213115,-27.823598534213115,2,V
-356,-61.43350201396544,15.287796166138955,,-31.60675539650345,-31.60675539650345,2,V
-355,-61.433502013965445,15.287819391944314,,-34.286862788725976,-34.286862788725976,2,V
-354,-61.43350201396544,15.287842617749675,,-29.321106384771063,-29.321106384771063,2,V
-353,-61.43350201396544,15.287865843555036,,-32.4709352863551,-32.4709352863551,2,V
-352,-61.43350201396544,15.287889069360398,,-27.860927843716503,-27.860927843716503,2,V
-351,-61.43350201396544,15.287912295165757,,-28.48485480420292,-28.48485480420292,2,V
-350,-61.43350201396544,15.287935520971118,,-27.23780155556292,-27.23780155556292,2,V
-349,-61.433502013965445,15.28795874677648,,-30.838780665135854,-30.838780665135854,2,V
-348,-61.433502013965445,15.28798197258184,,-29.296949836120532,-29.296949836120532,2,V
-347,-61.43350201396544,15.2880051983872,,-29.772130500184044,-29.772130500184044,2,V
-346,-61.43350201396544,15.288028424192559,,-29.560699492878154,-29.560699492878154,2,V
-345,-61.43350201396544,15.288051649997922,,-30.353077105505445,-30.353077105505445,2,V
-344,-61.43350201396544,15.288074875803282,,-30.499217794047386,-30.499217794047386,2,V
-343,-61.43350201396544,15.288098101608643,,-28.33804281081561,-28.33804281081561,2,V
-342,-61.433502013965445,15.288121327414006,,-32.321780101325864,-32.321780101325864,2,V
-341,-61.43350201396544,15.288144553219364,,-29.857859578072933,-29.857859578072933,2,V
-340,-61.43350201396544,15.288167779024725,,-33.062041261537345,-33.062041261537345,2,V
-339,-61.43350201396544,15.288191004830084,,-35.89338211681157,-35.89338211681157,2,V
-338,-61.43350201396544,15.288214230635447,,-32.14440658811307,-32.14440658811307,2,V
-337,-61.433502013965445,15.288237456440807,,-29.95656810207232,-29.95656810207232,2,V
-336,-61.43350201396544,15.288260682246168,,-32.14970825032146,-32.14970825032146,2,V
-335,-61.433502013965445,15.28828390805153,,-30.688162704007997,-30.688162704007997,2,V
-334,-61.43350201396544,15.28830713385689,,-36.19416270667557,-36.19416270667557,2,V
-333,-61.43350201396544,15.28833035966225,,-32.835068690291095,-32.835068690291095,2,V
-332,-61.43350201396543,15.28835358546761,,-27.917639227793607,-27.917639227793607,2,V
-331,-61.433502013965445,15.288376811272972,,-30.863514807283273,-30.863514807283273,2,V
-330,-61.433502013965445,15.288400037078333,,-32.94733113315968,-32.94733113315968,2,V
-329,-61.43350201396544,15.288423262883692,,-31.00701322258374,-31.00701322258374,2,V
-328,-61.43350201396544,15.288446488689054,,-31.84592164694841,-31.84592164694841,2,V
-327,-61.43350201396544,15.288469714494415,,-31.186063326454835,-31.186063326454835,2,V
-326,-61.43350201396544,15.288492940299776,,-30.863470179165994,-30.863470179165994,2,V
-325,-61.43350201396544,15.288516166105135,,-34.025517123170715,-34.025517123170715,2,V
-324,-61.433502013965445,15.288539391910497,,-31.687089296532513,-31.687089296532513,2,V
-323,-61.43350201396544,15.288562617715858,,-32.40160509065994,-32.40160509065994,2,V
-322,-61.43350201396544,15.288585843521217,,-29.331940739897018,-29.331940739897018,2,V
-321,-61.43350201396544,15.288609069326577,,-30.890325180964112,-30.890325180964112,2,V
-320,-61.43350201396544,15.288632295131938,,-28.997666124615893,-28.997666124615893,2,V
-319,-61.433502013965445,15.2886555209373,,-31.522479930001225,-31.522479930001225,2,V
-318,-61.43350201396544,15.28867874674266,,-29.31101788280483,-29.31101788280483,2,V
-317,-61.433502013965445,15.288701972548022,,-33.166788688221935,-33.166788688221935,2,V
-316,-61.43350201396544,15.288725198353383,,-30.595811037817857,-30.595811037817857,2,V
-315,-61.43350201396544,15.288748424158742,,-24.478034153661486,-24.478034153661486,2,V
-314,-61.43350201396543,15.288771649964103,,-32.266307107589704,-32.266307107589704,2,V
-313,-61.433502013965445,15.288794875769463,,-31.017595470580027,-31.017595470580027,2,V
-312,-61.43350201396544,15.288818101574824,,-32.506298048713184,-32.506298048713184,2,V
-311,-61.43350201396544,15.288841327380185,,-29.900728515662408,-29.900728515662408,2,V
-310,-61.433502013965445,15.288864553185547,,-28.805801256456107,-28.805801256456107,2,V
-309,-61.43350201396544,15.288887778990908,,-30.517227846629126,-30.517227846629126,2,V
-308,-61.43350201396544,15.288911004796267,,-31.47071254097487,-31.47071254097487,2,V
-307,-61.43350201396544,15.288934230601628,,-32.69723614620501,-32.69723614620501,2,V
-306,-61.433502013965445,15.288957456406989,,-32.26703917850676,-32.26703917850676,2,V
-305,-61.43350201396544,15.28898068221235,,-29.62498626741829,-29.62498626741829,2,V
-304,-61.43350201396544,15.289003908017708,,-31.561073625627998,-31.561073625627998,2,V
-303,-61.43350201396543,15.28902713382307,,-33.51654248272274,-33.51654248272274,2,V
-302,-61.43350201396544,15.289050359628433,,-30.80715816230923,-30.80715816230923,2,V
-301,-61.433502013965445,15.289073585433792,,-32.04700704157556,-32.04700704157556,2,V
-300,-61.43350201396544,15.289096811239153,,-30.38579794353386,-30.38579794353386,2,V
-299,-61.433502013965445,15.289120037044514,,-32.25172368868758,-32.25172368868758,2,V
-298,-61.43350201396544,15.289143262849874,,-31.558411112562105,-31.558411112562105,2,V
-297,-61.43350201396544,15.289166488655233,,-31.52699886386822,-31.52699886386822,2,V
-296,-61.43350201396544,15.289189714460594,,-34.10214123483818,-34.10214123483818,2,V
-295,-61.433502013965445,15.289212940265957,,-29.007940834371922,-29.007940834371922,2,V
-294,-61.43350201396544,15.289236166071317,,-34.267681628889505,-34.267681628889505,2,V
-293,-61.43350201396544,15.289259391876678,,-27.971831887804036,-27.971831887804036,2,V
-292,-61.433502013965445,15.289282617682039,,-30.187695842398806,-30.187695842398806,2,V
-291,-61.43350201396544,15.2893058434874,,-31.888973296097962,-31.888973296097962,2,V
-290,-61.43350201396544,15.289329069292759,,-32.67601449897678,-32.67601449897678,2,V
-289,-61.43350201396544,15.28935229509812,,-32.07317393093449,-32.07317393093449,2,V
-288,-61.433502013965445,15.289375520903482,,-31.991449282678904,-31.991449282678904,2,V
-287,-61.43350201396544,15.28939874670884,,-30.219661777969005,-30.219661777969005,2,V
-286,-61.43350201396544,15.289421972514203,,-31.50924636602134,-31.50924636602134,2,V
-285,-61.43350201396544,15.289445198319564,,-30.20492508837364,-30.20492508837364,2,V
-284,-61.43350201396544,15.289468424124925,,-27.906738371068236,-27.906738371068236,2,V
-283,-61.433502013965445,15.289491649930284,,-32.58014866176075,-32.58014866176075,2,V
-282,-61.43350201396544,15.289514875735644,,-31.44202836120183,-31.44202836120183,2,V
-281,-61.433502013965445,15.289538101541007,,-31.626275767314453,-31.626275767314453,2,V
-280,-61.43350201396544,15.289561327346366,,-32.970947321783854,-32.970947321783854,2,V
-279,-61.43350201396544,15.289584553151727,,-31.63580734107578,-31.63580734107578,2,V
-278,-61.43350201396543,15.289607778957086,,-32.79637098857636,-32.79637098857636,2,V
-277,-61.433502013965445,15.28963100476245,,-31.585044961561174,-31.585044961561174,2,V
-276,-61.43350201396544,15.289654230567809,,-30.486082000758916,-30.486082000758916,2,V
-275,-61.43350201396544,15.28967745637317,,-31.03713834688158,-31.03713834688158,2,V
-274,-61.43350201396544,15.289700682178532,,-32.56618164775978,-32.56618164775978,2,V
-273,-61.43350201396544,15.289723907983891,,-32.62694066124724,-32.62694066124724,2,V
-272,-61.43350201396544,15.289747133789252,,-32.93998925246643,-32.93998925246643,2,V
-271,-61.43350201396544,15.28977035959461,,-29.64530068280914,-29.64530068280914,2,V
-270,-61.433502013965445,15.289793585399973,,-30.129532958758283,-30.129532958758283,2,V
-269,-61.43350201396544,15.289816811205334,,-29.470450973711362,-29.470450973711362,2,V
-268,-61.43350201396544,15.289840037010695,,-30.12688818193059,-30.12688818193059,2,V
-267,-61.43350201396544,15.289863262816057,,-32.01057194474049,-32.01057194474049,2,V
-266,-61.43350201396544,15.289886488621416,,-30.557859360727818,-30.557859360727818,2,V
-265,-61.43350201396544,15.289909714426777,,-32.029840042391626,-32.029840042391626,2,V
-264,-61.43350201396544,15.289932940232136,,-31.771679616800636,-31.771679616800636,2,V
-263,-61.433502013965445,15.289956166037499,,-31.92668536585773,-31.92668536585773,2,V
-262,-61.43350201396544,15.28997939184286,,-31.70845796602148,-31.70845796602148,2,V
-261,-61.43350201396544,15.29000261764822,,-31.475108923762658,-31.475108923762658,2,V
-260,-61.43350201396544,15.290025843453583,,-28.855906215906252,-28.855906215906252,2,V
-259,-61.433502013965445,15.290049069258941,,-26.952609355564675,-26.952609355564675,2,V
-258,-61.43350201396544,15.290072295064302,,-31.639221281046595,-31.639221281046595,2,V
-257,-61.43350201396544,15.290095520869661,,-31.13696043507818,-31.13696043507818,2,V
-256,-61.43350201396544,15.290118746675024,,-30.049163791838158,-30.049163791838158,2,V
-255,-61.43350201396544,15.290141972480384,,-30.504299462399562,-30.504299462399562,2,V
-254,-61.43350201396544,15.290165198285743,,-26.328774215298935,-26.328774215298935,2,V
-253,-61.43350201396544,15.290188424091104,,-29.967988745935077,-29.967988745935077,2,V
-252,-61.433502013965445,15.290211649896467,,-29.552327695540747,-29.552327695540747,2,V
-251,-61.43350201396544,15.290234875701827,,-29.601534583653848,-29.601534583653848,2,V
-250,-61.43350201396544,15.290258101507186,,-25.859266471125835,-25.859266471125835,2,V
-249,-61.43350201396544,15.290281327312549,,-29.19352595608705,-29.19352595608705,2,V
-248,-61.43350201396544,15.29030455311791,,-31.059040513237775,-31.059040513237775,2,V
-247,-61.43350201396544,15.290327778923269,,-32.228227621618295,-32.228227621618295,2,V
-246,-61.43350201396544,15.29035100472863,,-33.393841480074705,-33.393841480074705,2,V
-245,-61.433502013965445,15.29037423053399,,-29.869113826386165,-29.869113826386165,2,V
-244,-61.43350201396544,15.290397456339353,,-33.59555890277926,-33.59555890277926,2,V
-243,-61.43350201396544,15.290420682144712,,-31.715836379645186,-31.715836379645186,2,V
-242,-61.43350201396544,15.290443907950074,,-32.051131206955134,-32.051131206955134,2,V
-241,-61.433502013965445,15.290467133755435,,-33.266835776684125,-33.266835776684125,2,V
-240,-61.43350201396544,15.290490359560794,,-31.04794831158463,-31.04794831158463,2,V
-239,-61.43350201396544,15.290513585366154,,-30.639361306630303,-30.639361306630303,2,V
-238,-61.43350201396544,15.290536811171515,,-26.408253716113116,-26.408253716113116,2,V
-237,-61.43350201396544,15.290560036976876,,-36.259613440790915,-36.259613440790915,2,V
-236,-61.43350201396544,15.290583262782235,,-29.583625580812786,-29.583625580812786,2,V
-235,-61.433502013965445,15.2906064885876,,-29.76366135201196,-29.76366135201196,2,V
-234,-61.433502013965445,15.29062971439296,,-33.79496655523042,-33.79496655523042,2,V
-233,-61.43350201396544,15.290652940198319,,-29.33082662246199,-29.33082662246199,2,V
-232,-61.43350201396544,15.29067616600368,,-29.973922970856606,-29.973922970856606,2,V
-231,-61.43350201396544,15.29069939180904,,-30.829043306143628,-30.829043306143628,2,V
-230,-61.43350201396544,15.290722617614401,,-33.179438524766404,-33.179438524766404,2,V
-229,-61.43350201396544,15.29074584341976,,-34.32974081574055,-34.32974081574055,2,V
-228,-61.43350201396544,15.29076906922512,,-32.115458478297995,-32.115458478297995,2,V
-227,-61.43350201396544,15.290792295030485,,-32.869956935764435,-32.869956935764435,2,V
-226,-61.43350201396544,15.290815520835844,,-32.50988743181531,-32.50988743181531,2,V
-225,-61.43350201396544,15.290838746641205,,-30.969826366061152,-30.969826366061152,2,V
-224,-61.43350201396544,15.290861972446566,,-31.519006003011953,-31.519006003011953,2,V
-223,-61.433502013965445,15.290885198251926,,-28.45258630275508,-28.45258630275508,2,V
-222,-61.43350201396544,15.290908424057285,,-33.218268532274145,-33.218268532274145,2,V
-221,-61.43350201396544,15.290931649862646,,-36.03520346124402,-36.03520346124402,2,V
-220,-61.43350201396544,15.290954875668008,,-30.734305697942585,-30.734305697942585,2,V
-219,-61.43350201396544,15.290978101473367,,-33.07365884729549,-33.07365884729549,2,V
-218,-61.43350201396544,15.29100132727873,,-32.35555146211909,-32.35555146211909,2,V
-217,-61.433502013965445,15.29102455308409,,-30.158036999606843,-30.158036999606843,2,V
-216,-61.433502013965445,15.291047778889451,,-37.31877318737619,-37.31877318737619,2,V
-215,-61.43350201396544,15.29107100469481,,-31.00494648932879,-31.00494648932879,2,V
-214,-61.43350201396544,15.291094230500171,,-31.380671877084403,-31.380671877084403,2,V
-213,-61.43350201396544,15.291117456305534,,-32.718405063726145,-32.718405063726145,2,V
-212,-61.433502013965445,15.291140682110893,,-28.430273993356366,-28.430273993356366,2,V
-211,-61.43350201396544,15.291163907916253,,-26.853725113558315,-26.853725113558315,2,V
-210,-61.433502013965445,15.291187133721616,,-31.48314270697143,-31.48314270697143,2,V
-209,-61.43350201396544,15.291210359526977,,-31.91382164352325,-31.91382164352325,2,V
-208,-61.43350201396544,15.291233585332336,,-30.414181437458808,-30.414181437458808,2,V
-207,-61.43350201396544,15.291256811137696,,-31.111762894537627,-31.111762894537627,2,V
-206,-61.433502013965445,15.291280036943059,,-31.35014765676952,-31.35014765676952,2,V
-205,-61.433502013965445,15.291303262748418,,-31.238392178918303,-31.238392178918303,2,V
-204,-61.43350201396544,15.291326488553779,,-30.095737482005408,-30.095737482005408,2,V
-203,-61.43350201396544,15.291349714359137,,-30.466654046843576,-30.466654046843576,2,V
-202,-61.43350201396544,15.2913729401645,,-28.518363734938912,-28.518363734938912,2,V
-201,-61.43350201396544,15.291396165969863,,-34.23247295454248,-34.23247295454248,2,V
-200,-61.43350201396544,15.291419391775221,,-33.13843113591018,-33.13843113591018,2,V
-199,-61.433502013965445,15.291442617580584,,-31.075824432583964,-31.075824432583964,2,V
-198,-61.433502013965445,15.291465843385943,,-28.478867014911906,-28.478867014911906,2,V
-197,-61.43350201396544,15.291489069191304,,-27.890256196056544,-27.890256196056544,2,V
-196,-61.43350201396544,15.291512294996663,,-33.055008744758844,-33.055008744758844,2,V
-195,-61.43350201396544,15.291535520802025,,-33.06500873945593,-33.06500873945593,2,V
-194,-61.43350201396544,15.291558746607386,,-30.018328537136796,-30.018328537136796,2,V
-193,-61.43350201396544,15.291581972412747,,-29.436912810115057,-29.436912810115057,2,V
-192,-61.433502013965445,15.29160519821811,,-32.59655765897152,-32.59655765897152,2,V
-191,-61.43350201396544,15.291628424023468,,-32.71155415852613,-32.71155415852613,2,V
-190,-61.43350201396544,15.291651649828829,,-34.061790231221174,-34.061790231221174,2,V
-189,-61.43350201396544,15.291674875634188,,-31.031274252239882,-31.031274252239882,2,V
-188,-61.43350201396544,15.29169810143955,,-31.539857473068142,-31.539857473068142,2,V
-187,-61.433502013965445,15.291721327244911,,-31.679715202292787,-31.679715202292787,2,V
-186,-61.43350201396544,15.29174455305027,,-32.99860736124514,-32.99860736124514,2,V
-185,-61.433502013965445,15.291767778855634,,-28.49188268055029,-28.49188268055029,2,V
-184,-61.43350201396544,15.291791004660993,,-34.10233920664641,-34.10233920664641,2,V
-183,-61.43350201396544,15.291814230466354,,-31.782250793572715,-31.782250793572715,2,V
-182,-61.43350201396544,15.291837456271713,,-29.21556825337779,-29.21556825337779,2,V
-181,-61.433502013965445,15.291860682077075,,-30.21278209508243,-30.21278209508243,2,V
-180,-61.43350201396544,15.291883907882436,,-32.29867212404044,-32.29867212404044,2,V
-179,-61.43350201396544,15.291907133687795,,-32.796120706364164,-32.796120706364164,2,V
-178,-61.43350201396544,15.291930359493156,,-28.665273277958708,-28.665273277958708,2,V
-177,-61.43350201396544,15.291953585298517,,-29.280536449941373,-29.280536449941373,2,V
-176,-61.433502013965445,15.29197681110388,,-30.61836499098106,-30.61836499098106,2,V
-175,-61.43350201396544,15.292000036909238,,-28.895297952647272,-28.895297952647272,2,V
-174,-61.433502013965445,15.2920232627146,,-33.535190228103836,-33.535190228103836,2,V
-173,-61.43350201396544,15.292046488519961,,-33.59944816338076,-33.59944816338076,2,V
-172,-61.43350201396544,15.29206971432532,,-30.07078548131793,-30.07078548131793,2,V
-171,-61.43350201396543,15.292092940130681,,-37.09527682244621,-37.09527682244621,2,V
-170,-61.433502013965445,15.292116165936042,,-32.22999007796742,-32.22999007796742,2,V
-169,-61.433502013965445,15.292139391741403,,-32.5596392640444,-32.5596392640444,2,V
-168,-61.43350201396544,15.292162617546763,,-34.48210234738326,-34.48210234738326,2,V
-167,-61.433502013965445,15.292185843352126,,-32.154817832151714,-32.154817832151714,2,V
-166,-61.43350201396544,15.292209069157487,,-30.82326055014702,-30.82326055014702,2,V
-165,-61.43350201396544,15.292232294962846,,-29.531894096199515,-29.531894096199515,2,V
-164,-61.43350201396544,15.292255520768206,,-32.77293435063836,-32.77293435063836,2,V
-163,-61.433502013965445,15.292278746573567,,-31.356592364736738,-31.356592364736738,2,V
-162,-61.43350201396544,15.292301972378928,,-26.798823644531762,-26.798823644531762,2,V
-161,-61.43350201396544,15.292325198184287,,-30.486024116276255,-30.486024116276255,2,V
-160,-61.433502013965445,15.29234842398965,,-34.87275021851884,-34.87275021851884,2,V
-159,-61.43350201396544,15.292371649795012,,-29.16014685880703,-29.16014685880703,2,V
-158,-61.433502013965445,15.29239487560037,,-25.985191302826316,-25.985191302826316,2,V
-157,-61.43350201396544,15.292418101405731,,-31.895243791888596,-31.895243791888596,2,V
-156,-61.433502013965445,15.292441327211092,,-30.48699364290359,-30.48699364290359,2,V
-155,-61.43350201396544,15.292464553016453,,-32.09180152243697,-32.09180152243697,2,V
-154,-61.43350201396544,15.292487778821812,,-29.66402239184168,-29.66402239184168,2,V
-153,-61.43350201396543,15.292511004627173,,-32.943222587375,-32.943222587375,2,V
-152,-61.433502013965445,15.292534230432535,,-33.810975233691686,-33.810975233691686,2,V
-151,-61.43350201396544,15.292557456237896,,-30.131402994009015,-30.131402994009015,2,V
-150,-61.43350201396544,15.292580682043257,,-30.05851236180429,-30.05851236180429,2,V
-149,-61.433502013965445,15.292603907848617,,-32.632683470242974,-32.632683470242974,2,V
-148,-61.43350201396544,15.292627133653978,,-35.022363975273734,-35.022363975273734,2,V
-147,-61.43350201396544,15.292650359459337,,-31.875230617199207,-31.875230617199207,2,V
-146,-61.43350201396544,15.292673585264698,,-33.70259474019648,-33.70259474019648,2,V
-145,-61.433502013965445,15.29269681107006,,-30.443898088531252,-30.443898088531252,2,V
-144,-61.43350201396544,15.29272003687542,,-33.296104577472,-33.296104577472,2,V
-143,-61.43350201396544,15.292743262680782,,-29.974673085956667,-29.974673085956667,2,V
-142,-61.43350201396544,15.292766488486143,,-32.63898052390772,-32.63898052390772,2,V
-141,-61.43350201396544,15.292789714291503,,-27.327009156671345,-27.327009156671345,2,V
-140,-61.433502013965445,15.292812940096862,,-33.79398922042043,-33.79398922042043,2,V
-139,-61.43350201396544,15.292836165902223,,-33.96873638341206,-33.96873638341206,2,V
-138,-61.433502013965445,15.292859391707585,,-30.615003300150228,-30.615003300150228,2,V
-137,-61.43350201396544,15.292882617512944,,-30.697032207382584,-30.697032207382584,2,V
-136,-61.43350201396544,15.292905843318305,,-31.857248766160197,-31.857248766160197,2,V
-135,-61.43350201396544,15.292929069123666,,-33.17064136677576,-33.17064136677576,2,V
-134,-61.433502013965445,15.292952294929028,,-31.30731583741115,-31.30731583741115,2,V
-133,-61.43350201396544,15.292975520734387,,-33.922928399543764,-33.922928399543764,2,V
-132,-61.43350201396544,15.292998746539748,,-32.01395569181892,-32.01395569181892,2,V
-131,-61.433502013965445,15.29302197234511,,-31.48517860703934,-31.48517860703934,2,V
-130,-61.43350201396544,15.29304519815047,,-31.67694517578001,-31.67694517578001,2,V
-129,-61.43350201396544,15.29306842395583,,-32.18582984698544,-32.18582984698544,2,V
-128,-61.43350201396544,15.29309164976119,,-32.84853735950373,-32.84853735950373,2,V
-127,-61.433502013965445,15.293114875566552,,-34.96915871386566,-34.96915871386566,2,V
-126,-61.43350201396544,15.293138101371914,,-31.609374212092167,-31.609374212092167,2,V
-125,-61.43350201396544,15.293161327177273,,-31.4087557859652,-31.4087557859652,2,V
-124,-61.43350201396544,15.293184552982636,,-28.593492036732318,-28.593492036732318,2,V
-123,-61.43350201396544,15.293207778787995,,-31.50098981287239,-31.50098981287239,2,V
-122,-61.433502013965445,15.293231004593355,,-30.923247505153643,-30.923247505153643,2,V
-121,-61.43350201396544,15.293254230398714,,-29.111003188192896,-29.111003188192896,2,V
-120,-61.433502013965445,15.293277456204077,,-35.39078181240782,-35.39078181240782,2,V
-119,-61.43350201396544,15.293300682009438,,-33.58690503614863,-33.58690503614863,2,V
-118,-61.43350201396544,15.293323907814798,,-32.73542441941557,-32.73542441941557,2,V
-117,-61.43350201396544,15.293347133620161,,-32.291574469030905,-32.291574469030905,2,V
-116,-61.433502013965445,15.29337035942552,,-33.530266018134746,-33.530266018134746,2,V
-115,-61.43350201396544,15.29339358523088,,-29.058141191849383,-29.058141191849383,2,V
-114,-61.43350201396544,15.29341681103624,,-35.354081524954836,-35.354081524954836,2,V
-113,-61.43350201396544,15.293440036841602,,-33.424895162469234,-33.424895162469234,2,V
-112,-61.43350201396544,15.293463262646963,,-31.372715125112514,-31.372715125112514,2,V
-111,-61.43350201396544,15.293486488452322,,-31.712688696551975,-31.712688696551975,2,V
-110,-61.433502013965445,15.293509714257684,,-34.69539602170564,-34.69539602170564,2,V
-109,-61.433502013965445,15.293532940063045,,-31.563116326875186,-31.563116326875186,2,V
-108,-61.43350201396544,15.293556165868406,,-31.598822200458816,-31.598822200458816,2,V
-107,-61.43350201396544,15.293579391673765,,-30.696347029237167,-30.696347029237167,2,V
-106,-61.43350201396544,15.293602617479127,,-32.3256558182939,-32.3256558182939,2,V
-105,-61.43350201396544,15.293625843284488,,-31.57361283978661,-31.57361283978661,2,V
-104,-61.43350201396544,15.293649069089847,,-34.119529218049415,-34.119529218049415,2,V
-103,-61.43350201396544,15.293672294895208,,-33.76531707825062,-33.76531707825062,2,V
-102,-61.433502013965445,15.293695520700568,,-32.40387771873176,-32.40387771873176,2,V
-101,-61.43350201396544,15.293718746505931,,-32.28965589774194,-32.28965589774194,2,V
-100,-61.43350201396544,15.29374197231129,,-34.24719697554597,-34.24719697554597,2,V
-99,-61.43350201396544,15.293765198116652,,-30.609832216037113,-30.609832216037113,2,V
-98,-61.433502013965445,15.293788423922013,,-35.722061820518036,-35.722061820518036,2,V
-97,-61.43350201396544,15.293811649727372,,-30.74495740847277,-30.74495740847277,2,V
-96,-61.43350201396544,15.293834875532733,,-31.521423309195537,-31.521423309195537,2,V
-95,-61.43350201396544,15.293858101338094,,-32.525528131429404,-32.525528131429404,2,V
-94,-61.43350201396544,15.293881327143454,,-31.334906570828085,-31.334906570828085,2,V
-93,-61.43350201396544,15.293904552948813,,-34.96944866947158,-34.96944866947158,2,V
-92,-61.433502013965445,15.293927778754178,,-33.13816199556093,-33.13816199556093,2,V
-91,-61.433502013965445,15.293951004559538,,-29.961650649069007,-29.961650649069007,2,V
-90,-61.43350201396544,15.293974230364897,,-33.640950249658005,-33.640950249658005,2,V
-89,-61.43350201396544,15.293997456170258,,-35.546704545254826,-35.546704545254826,2,V
-88,-61.43350201396544,15.294020681975619,,-28.818151743160463,-28.818151743160463,2,V
-87,-61.43350201396544,15.29404390778098,,-32.93199266965564,-32.93199266965564,2,V
-86,-61.43350201396544,15.294067133586339,,-31.42658440019389,-31.42658440019389,2,V
-85,-61.433502013965445,15.294090359391701,,-32.76599548836938,-32.76599548836938,2,V
-84,-61.433502013965445,15.294113585197064,,-29.441809915592085,-29.441809915592085,2,V
-83,-61.43350201396544,15.294136811002423,,-36.37191446473127,-36.37191446473127,2,V
-82,-61.43350201396544,15.294160036807783,,-32.1249786191168,-32.1249786191168,2,V
-81,-61.43350201396544,15.294183262613144,,-33.00092429338366,-33.00092429338366,2,V
-80,-61.433502013965445,15.294206488418505,,-34.27673384995726,-34.27673384995726,2,V
-79,-61.43350201396544,15.294229714223864,,-30.5063670552782,-30.5063670552782,2,V
-78,-61.43350201396544,15.294252940029224,,-33.73503369544185,-33.73503369544185,2,V
-77,-61.43350201396544,15.294276165834587,,-29.196047262001407,-29.196047262001407,2,V
-76,-61.43350201396544,15.294299391639946,,-32.44262121581566,-32.44262121581566,2,V
-75,-61.43350201396544,15.294322617445308,,-34.25394922419845,-34.25394922419845,2,V
-74,-61.433502013965445,15.29434584325067,,-33.39945856662756,-33.39945856662756,2,V
-73,-61.433502013965445,15.29436906905603,,-29.50223112632867,-29.50223112632867,2,V
-72,-61.43350201396544,15.294392294861389,,-29.328485440674484,-29.328485440674484,2,V
-71,-61.43350201396544,15.29441552066675,,-32.48836739391023,-32.48836739391023,2,V
-70,-61.43350201396544,15.294438746472112,,-31.438721531454807,-31.438721531454807,2,V
-69,-61.43350201396544,15.294461972277471,,-31.2081815659819,-31.2081815659819,2,V
-68,-61.43350201396544,15.294485198082832,,-37.73275840662118,-37.73275840662118,2,V
-67,-61.433502013965445,15.294508423888194,,-32.75730779400308,-32.75730779400308,2,V
-66,-61.43350201396544,15.294531649693555,,-31.842020213579556,-31.842020213579556,2,V
-65,-61.43350201396544,15.294554875498914,,-33.9267444547292,-33.9267444547292,2,V
-64,-61.43350201396544,15.294578101304275,,-31.61362072819794,-31.61362072819794,2,V
-63,-61.43350201396544,15.294601327109637,,-31.301168168897856,-31.301168168897856,2,V
-62,-61.433502013965445,15.294624552914996,,-34.3637322704976,-34.3637322704976,2,V
-61,-61.43350201396544,15.294647778720357,,-33.012992211946234,-33.012992211946234,2,V
-60,-61.433502013965445,15.294671004525718,,-33.89896138856586,-33.89896138856586,2,V
-59,-61.43350201396544,15.294694230331078,,-28.70405353211654,-28.70405353211654,2,V
-58,-61.43350201396544,15.29471745613644,,-32.15383614959274,-32.15383614959274,2,V
-57,-61.43350201396543,15.2947406819418,,-32.12935220341049,-32.12935220341049,2,V
-56,-61.433502013965445,15.294763907747162,,-30.8843814532555,-30.8843814532555,2,V
-55,-61.433502013965445,15.294787133552521,,-31.82689949430863,-31.82689949430863,2,V
-54,-61.43350201396544,15.294810359357882,,-34.994318467727794,-34.994318467727794,2,V
-53,-61.43350201396544,15.294833585163241,,-29.56691635677298,-29.56691635677298,2,V
-52,-61.43350201396544,15.294856810968604,,-33.962401160349735,-33.962401160349735,2,V
-51,-61.43350201396544,15.294880036773964,,-29.63045405698842,-29.63045405698842,2,V
-50,-61.43350201396544,15.294903262579325,,-32.42824537416451,-32.42824537416451,2,V
-49,-61.433502013965445,15.294926488384688,,-33.436956034560495,-33.436956034560495,2,V
-48,-61.43350201396544,15.294949714190047,,-38.29286681715613,-38.29286681715613,2,V
-47,-61.43350201396544,15.294972939995407,,-31.61684264001547,-31.61684264001547,2,V
-46,-61.43350201396544,15.294996165800766,,-32.921737307527565,-32.921737307527565,2,V
-45,-61.43350201396544,15.295019391606129,,-30.933368220524592,-30.933368220524592,2,V
-44,-61.433502013965445,15.29504261741149,,-31.45861565412534,-31.45861565412534,2,V
-43,-61.43350201396544,15.295065843216848,,-31.241990918633586,-31.241990918633586,2,V
-42,-61.433502013965445,15.295089069022213,,-30.0509102124867,-30.0509102124867,2,V
-41,-61.43350201396544,15.295112294827572,,-33.34788071788515,-33.34788071788515,2,V
-40,-61.43350201396544,15.295135520632932,,-28.693765197621246,-28.693765197621246,2,V
-39,-61.43350201396543,15.295158746438291,,-33.2996078109349,-33.2996078109349,2,V
-38,-61.433502013965445,15.295181972243654,,-31.572208469206043,-31.572208469206043,2,V
-37,-61.433502013965445,15.295205198049015,,-30.490574323332478,-30.490574323332478,2,V
-36,-61.43350201396544,15.295228423854374,,-30.70940584795777,-30.70940584795777,2,V
-35,-61.433502013965445,15.295251649659736,,-34.094383727162594,-34.094383727162594,2,V
-34,-61.43350201396544,15.295274875465095,,-32.60345237968227,-32.60345237968227,2,V
-33,-61.43350201396544,15.295298101270458,,-33.4737921758245,-33.4737921758245,2,V
-32,-61.43350201396544,15.295321327075817,,-35.70188862815819,-35.70188862815819,2,V
-31,-61.433502013965445,15.29534455288118,,-28.84057822412568,-28.84057822412568,2,V
-30,-61.43350201396544,15.29536777868654,,-30.198883687175904,-30.198883687175904,2,V
-29,-61.43350201396544,15.295391004491899,,-35.034464631401484,-35.034464631401484,2,V
-28,-61.43350201396544,15.29541423029726,,-32.25597569710107,-32.25597569710107,2,V
-27,-61.43350201396544,15.29543745610262,,-29.79541324587111,-29.79541324587111,2,V
-26,-61.433502013965445,15.295460681907981,,-31.229165546037464,-31.229165546037464,2,V
-25,-61.43350201396544,15.295483907713342,,-30.788762997455322,-30.788762997455322,2,V
-24,-61.433502013965445,15.295507133518704,,-30.707363113897376,-30.707363113897376,2,V
-23,-61.43350201396544,15.295530359324065,,-35.07150087389664,-35.07150087389664,2,V
-22,-61.43350201396544,15.295553585129424,,-35.64253336474058,-35.64253336474058,2,V
-21,-61.43350201396543,15.295576810934785,,-36.789055088899914,-36.789055088899914,2,V
-20,-61.433502013965445,15.295600036740145,,-34.97347986210727,-34.97347986210727,2,V
-19,-61.43350201396544,15.295623262545506,,-32.24588274018082,-32.24588274018082,2,V
-18,-61.43350201396544,15.295646488350865,,-30.95139972143068,-30.95139972143068,2,V
-17,-61.433502013965445,15.295669714156228,,-32.701495753796614,-32.701495753796614,2,V
-16,-61.43350201396544,15.29569293996159,,-28.794104008911567,-28.794104008911567,2,V
-15,-61.43350201396544,15.29571616576695,,-30.65611207607618,-30.65611207607618,2,V
-14,-61.43350201396544,15.29573939157231,,-32.17199674481492,-32.17199674481492,2,V
-13,-61.433502013965445,15.29576261737767,,-33.21902184508469,-33.21902184508469,2,V
-12,-61.43350201396544,15.295785843183031,,-32.63227478329389,-32.63227478329389,2,V
-11,-61.43350201396544,15.29580906898839,,-35.91773129784612,-35.91773129784612,2,V
-10,-61.43350201396544,15.295832294793753,,-30.167319909924387,-30.167319909924387,2,V
-9,-61.43350201396544,15.295855520599114,,-30.48849355966833,-30.48849355966833,2,V
-8,-61.433502013965445,15.295878746404474,,-28.561649896808785,-28.561649896808785,2,V
-7,-61.43350201396544,15.295901972209835,,-31.826528826656844,-31.826528826656844,2,V
-6,-61.433502013965445,15.295925198015196,,-27.151604912681307,-27.151604912681307,2,V
-5,-61.43350201396544,15.295948423820557,,-27.88222439935826,-27.88222439935826,2,V
-4,-61.43350201396544,15.295971649625915,,-31.715050155187654,-31.715050155187654,2,V
-3,-61.43350201396544,15.295994875431276,,-31.52469541925096,-31.52469541925096,2,V
-2,-61.433502013965445,15.296018101236639,,-32.83285511291164,-32.83285511291164,2,V
-1,-61.43350201396544,15.296041327041998,,-35.622270314628935,-35.622270314628935,2,V
0,-61.43350201396544,15.29606455284736,,-32.98864386854166,-32.98864386854166,2,V
871,-61.43350201396544,15.316294229316519,,-37.73424532751401,-37.73424532751401,2,V
872,-61.433502013965445,15.316317455121881,,-36.95574077050891,-36.95574077050891,2,V
873,-61.433502013965445,15.31634068092724,,-35.85379752126583,-35.85379752126583,2,V
874,-61.43350201396544,15.316363906732601,,-38.537799938246685,-38.537799938246685,2,V
875,-61.43350201396544,15.316387132537963,,-38.7197769732472,-38.7197769732472,2,V
876,-61.43350201396544,15.316410358343324,,-35.93627344078401,-35.93627344078401,2,V
877,-61.43350201396544,15.316433584148685,,-36.777474845371565,-36.777474845371565,2,V
878,-61.43350201396544,15.316456809954044,,-38.078072440815404,-38.078072440815404,2,V
879,-61.43350201396544,15.316480035759405,,-32.63534992633072,-32.63534992633072,2,V
880,-61.43350201396544,15.316503261564765,,-36.055369849197206,-36.055369849197206,2,V
881,-61.43350201396544,15.316526487370126,,-38.65252888196594,-38.65252888196594,2,V
882,-61.43350201396544,15.316549713175487,,-39.01905754416942,-39.01905754416942,2,V
883,-61.433502013965445,15.316572938980848,,-38.705558165743014,-38.705558165743014,2,V
884,-61.433502013965445,15.31659616478621,,-33.89666545399931,-33.89666545399931,2,V
885,-61.43350201396544,15.316619390591569,,-38.92790418592589,-38.92790418592589,2,V
886,-61.43350201396544,15.31664261639693,,-34.157359138330726,-34.157359138330726,2,V
887,-61.43350201396544,15.31666584220229,,-36.113772173640534,-36.113772173640534,2,V
888,-61.43350201396544,15.316689068007651,,-33.34578534635239,-33.34578534635239,2,V
889,-61.43350201396544,15.316712293813012,,-39.2054367441023,-39.2054367441023,2,V
890,-61.433502013965445,15.316735519618373,,-37.07766908716084,-37.07766908716084,2,V
891,-61.43350201396544,15.316758745423734,,-34.48208337312429,-34.48208337312429,2,V
892,-61.43350201396544,15.316781971229094,,-37.031301972186746,-37.031301972186746,2,V
893,-61.43350201396544,15.316805197034455,,-35.963924535728964,-35.963924535728964,2,V
894,-61.43350201396544,15.316828422839816,,-37.85644341715937,-37.85644341715937,2,V
895,-61.43350201396544,15.316851648645176,,-36.533263442350865,-36.533263442350865,2,V
896,-61.43350201396544,15.316874874450537,,-37.68065560425838,-37.68065560425838,2,V
897,-61.433502013965445,15.316898100255898,,-37.430220000891296,-37.430220000891296,2,V
898,-61.43350201396544,15.316921326061259,,-34.563153897428094,-34.563153897428094,2,V
899,-61.43350201396544,15.31694455186662,,-38.929367740909804,-38.929367740909804,2,V
900,-61.43350201396544,15.31696777767198,,-37.067897780559626,-37.067897780559626,2,V
901,-61.433502013965445,15.316991003477343,,-34.46200499605908,-34.46200499605908,2,V
902,-61.433502013965445,15.317014229282702,,-39.936739344655734,-39.936739344655734,2,V
903,-61.43350201396544,15.317037455088062,,-36.55999663819896,-36.55999663819896,2,V
904,-61.43350201396544,15.317060680893421,,-37.1717981797135,-37.1717981797135,2,V
905,-61.43350201396544,15.317083906698784,,-34.800293187406545,-34.800293187406545,2,V
906,-61.43350201396544,15.317107132504145,,-39.35138600987097,-39.35138600987097,2,V
907,-61.43350201396544,15.317130358309504,,-37.84315933325969,-37.84315933325969,2,V
908,-61.433502013965445,15.317153584114866,,-35.35698591785911,-35.35698591785911,2,V
909,-61.43350201396544,15.317176809920227,,-36.92754777250689,-36.92754777250689,2,V
910,-61.43350201396544,15.317200035725588,,-37.00699308208352,-37.00699308208352,2,V
911,-61.43350201396544,15.317223261530946,,-33.69223903882844,-33.69223903882844,2,V
912,-61.43350201396544,15.317246487336309,,-40.953236218995066,-40.953236218995066,2,V
913,-61.433502013965445,15.31726971314167,,-38.702337878215396,-38.702337878215396,2,V
914,-61.43350201396544,15.317292938947029,,-36.74370401038815,-36.74370401038815,2,V
915,-61.433502013965445,15.317316164752391,,-36.99094224639883,-36.99094224639883,2,V
916,-61.43350201396544,15.31733939055775,,-41.04080162701636,-41.04080162701636,2,V
917,-61.43350201396544,15.317362616363113,,-38.47594888739751,-38.47594888739751,2,V
918,-61.43350201396544,15.317385842168473,,-40.99382787877621,-40.99382787877621,2,V
919,-61.43350201396544,15.317409067973834,,-36.93320176177319,-36.93320176177319,2,V
920,-61.433502013965445,15.317432293779195,,-38.8851765900976,-38.8851765900976,2,V
921,-61.43350201396544,15.317455519584554,,-37.23778744398028,-37.23778744398028,2,V
922,-61.433502013965445,15.317478745389916,,-40.26222485889311,-40.26222485889311,2,V
923,-61.43350201396544,15.317501971195275,,-33.79881726725032,-33.79881726725032,2,V
924,-61.43350201396544,15.317525197000636,,-37.41873580190426,-37.41873580190426,2,V
925,-61.43350201396544,15.317548422805999,,-35.12543906346253,-35.12543906346253,2,V
926,-61.433502013965445,15.31757164861136,,-36.16684822511215,-36.16684822511215,2,V
927,-61.43350201396544,15.31759487441672,,-35.901098237146954,-35.901098237146954,2,V
928,-61.43350201396544,15.317618100222079,,-39.571507925770376,-39.571507925770376,2,V
929,-61.43350201396544,15.317641326027438,,-37.061771929801424,-37.061771929801424,2,V
930,-61.43350201396544,15.3176645518328,,-33.42640417910496,-33.42640417910496,2,V
931,-61.433502013965445,15.317687777638161,,-36.42135892780214,-36.42135892780214,2,V
932,-61.43350201396544,15.31771100344352,,-39.94299295975848,-39.94299295975848,2,V
933,-61.433502013965445,15.317734229248883,,-37.86533003967861,-37.86533003967861,2,V
934,-61.43350201396544,15.317757455054245,,-38.391769791559085,-38.391769791559085,2,V
935,-61.43350201396544,15.317780680859604,,-36.43952196229533,-36.43952196229533,2,V
936,-61.43350201396544,15.317803906664963,,-36.431171085700775,-36.431171085700775,2,V
937,-61.43350201396544,15.317827132470326,,-35.83458920933041,-35.83458920933041,2,V
938,-61.43350201396544,15.317850358275686,,-39.05519884264013,-39.05519884264013,2,V
939,-61.43350201396544,15.317873584081045,,-37.20830828545228,-37.20830828545228,2,V
940,-61.433502013965445,15.317896809886408,,-37.4856325730992,-37.4856325730992,2,V
941,-61.43350201396544,15.317920035691767,,-35.7208750307421,-35.7208750307421,2,V
942,-61.43350201396544,15.31794326149713,,-35.32263915766397,-35.32263915766397,2,V
943,-61.43350201396544,15.31796648730249,,-35.44014980202185,-35.44014980202185,2,V
944,-61.433502013965445,15.31798971310785,,-36.9324665793868,-36.9324665793868,2,V
945,-61.43350201396544,15.318012938913212,,-37.06770379399916,-37.06770379399916,2,V
946,-61.43350201396544,15.31803616471857,,-39.03879632908657,-39.03879632908657,2,V
947,-61.43350201396544,15.318059390523933,,-42.23686274386363,-42.23686274386363,2,V
948,-61.43350201396544,15.318082616329292,,-39.810482031310045,-39.810482031310045,2,V
949,-61.433502013965445,15.318105842134653,,-36.27627718127279,-36.27627718127279,2,V
950,-61.43350201396544,15.318129067940013,,-35.345554564757705,-35.345554564757705,2,V
951,-61.433502013965445,15.318152293745376,,-38.92835734756075,-38.92835734756075,2,V
952,-61.43350201396544,15.318175519550737,,-36.16739636221381,-36.16739636221381,2,V
953,-61.43350201396544,15.318198745356096,,-35.758012795137475,-35.758012795137475,2,V
954,-61.43350201396544,15.318221971161456,,-36.224468214919355,-36.224468214919355,2,V
955,-61.433502013965445,15.318245196966817,,-34.795980775577895,-34.795980775577895,2,V
956,-61.43350201396544,15.318268422772178,,-37.45809056016647,-37.45809056016647,2,V
957,-61.43350201396544,15.318291648577539,,-40.33529293655659,-40.33529293655659,2,V
958,-61.433502013965445,15.3183148743829,,-38.270812104364126,-38.270812104364126,2,V
959,-61.43350201396544,15.318338100188262,,-35.812457243860784,-35.812457243860784,2,V
960,-61.43350201396544,15.31836132599362,,-38.047049818376436,-38.047049818376436,2,V
961,-61.43350201396544,15.318384551798982,,-39.242207436546806,-39.242207436546806,2,V
962,-61.433502013965445,15.318407777604342,,-36.71785387917392,-36.71785387917392,2,V
963,-61.43350201396544,15.318431003409703,,-38.88441515756507,-38.88441515756507,2,V
964,-61.43350201396544,15.318454229215064,,-37.37366553210248,-37.37366553210248,2,V
965,-61.43350201396544,15.318477455020425,,-37.63627957411486,-37.63627957411486,2,V
966,-61.43350201396544,15.318500680825785,,-37.512683967137214,-37.512683967137214,2,V
967,-61.43350201396544,15.318523906631146,,-39.77365654254099,-39.77365654254099,2,V
968,-61.43350201396544,15.318547132436507,,-37.71823826089612,-37.71823826089612,2,V
969,-61.433502013965445,15.318570358241868,,-38.857873474076,-38.857873474076,2,V
970,-61.43350201396544,15.318593584047228,,-36.14545220342125,-36.14545220342125,2,V
971,-61.43350201396544,15.318616809852589,,-36.99577198177517,-36.99577198177517,2,V
972,-61.43350201396544,15.31864003565795,,-40.17361357366135,-40.17361357366135,2,V
973,-61.433502013965445,15.31866326146331,,-38.25768908032534,-38.25768908032534,2,V
974,-61.43350201396544,15.318686487268671,,-33.12208967143599,-33.12208967143599,2,V
975,-61.43350201396544,15.31870971307403,,-36.492287216019555,-36.492287216019555,2,V
976,-61.43350201396544,15.318732938879394,,-35.35637370092704,-35.35637370092704,2,V
977,-61.43350201396544,15.318756164684753,,-38.89448535631471,-38.89448535631471,2,V
978,-61.43350201396544,15.318779390490114,,-40.16157325838279,-40.16157325838279,2,V
979,-61.43350201396544,15.318802616295473,,-39.41503589260993,-39.41503589260993,2,V
980,-61.433502013965445,15.318825842100836,,-33.94350757061935,-33.94350757061935,2,V
981,-61.43350201396544,15.318849067906196,,-37.54724868131245,-37.54724868131245,2,V
982,-61.43350201396544,15.318872293711555,,-39.882777865734454,-39.882777865734454,2,V
983,-61.43350201396544,15.318895519516918,,-36.73670382087431,-36.73670382087431,2,V
984,-61.43350201396544,15.318918745322279,,-41.84379881160667,-41.84379881160667,2,V
985,-61.43350201396544,15.31894197112764,,-38.59019988706662,-38.59019988706662,2,V
986,-61.43350201396544,15.318965196932998,,-36.9058715478744,-36.9058715478744,2,V
987,-61.433502013965445,15.31898842273836,,-37.86518114535405,-37.86518114535405,2,V
988,-61.43350201396544,15.319011648543722,,-36.71144872060261,-36.71144872060261,2,V
989,-61.43350201396544,15.31903487434908,,-39.285743530943215,-39.285743530943215,2,V
990,-61.43350201396544,15.319058100154443,,-37.26332823714799,-37.26332823714799,2,V
991,-61.433502013965445,15.319081325959802,,-38.01193760124699,-38.01193760124699,2,V
992,-61.43350201396544,15.319104551765163,,-37.44252225618913,-37.44252225618913,2,V
993,-61.43350201396544,15.319127777570523,,-37.482001343382855,-37.482001343382855,2,V
994,-61.43350201396544,15.319151003375886,,-41.13947182441174,-41.13947182441174,2,V
995,-61.43350201396544,15.319174229181247,,-34.581583803079056,-34.581583803079056,2,V
996,-61.43350201396544,15.319197454986606,,-36.08012659090913,-36.08012659090913,2,V
997,-61.433502013965445,15.319220680791968,,-41.567702175956555,-41.567702175956555,2,V
998,-61.433502013965445,15.319243906597327,,-37.203028051617395,-37.203028051617395,2,V
999,-61.43350201396544,15.319267132402688,,-36.86300882438095,-36.86300882438095,2,V
1000,-61.43350201396544,15.319290358208047,,-40.30880788862238,-40.30880788862238,2,V
1001,-61.43350201396544,15.319313584013411,,-38.596832938027816,-38.596832938027816,2,V
1002,-61.43350201396544,15.319336809818772,,-40.51971954297,-40.51971954297,2,V
1003,-61.43350201396544,15.31936003562413,,-39.33553956955028,-39.33553956955028,2,V
1004,-61.43350201396544,15.31938326142949,,-36.835862508376536,-36.835862508376536,2,V
1005,-61.43350201396544,15.319406487234852,,-39.383227383557504,-39.383227383557504,2,V
1006,-61.43350201396544,15.319429713040213,,-39.04832303541864,-39.04832303541864,2,V
1007,-61.43350201396544,15.319452938845572,,-37.573747711124135,-37.573747711124135,2,V
1008,-61.43350201396544,15.319476164650935,,-41.462300155845725,-41.462300155845725,2,V
1009,-61.433502013965445,15.319499390456293,,-36.06579513044048,-36.06579513044048,2,V
1010,-61.43350201396544,15.319522616261656,,-40.53631805912148,-40.53631805912148,2,V
1011,-61.43350201396544,15.319545842067015,,-38.47550520667893,-38.47550520667893,2,V
1012,-61.43350201396544,15.319569067872377,,-35.77276499143433,-35.77276499143433,2,V
1013,-61.43350201396544,15.319592293677738,,-37.46065488834577,-37.46065488834577,2,V
1014,-61.43350201396544,15.319615519483097,,-33.55614360226374,-33.55614360226374,2,V
1015,-61.433502013965445,15.31963874528846,,-38.14117168573547,-38.14117168573547,2,V
1016,-61.433502013965445,15.319661971093819,,-38.43729148052029,-38.43729148052029,2,V
1017,-61.43350201396544,15.31968519689918,,-39.76811683071926,-39.76811683071926,2,V
1018,-61.43350201396544,15.31970842270454,,-40.13229904743149,-40.13229904743149,2,V
1019,-61.43350201396544,15.319731648509903,,-36.357415734420506,-36.357415734420506,2,V
1020,-61.43350201396544,15.319754874315263,,-37.99370300822542,-37.99370300822542,2,V
1021,-61.43350201396544,15.319778100120622,,-39.72832195601622,-39.72832195601622,2,V
1022,-61.433502013965445,15.319801325925985,,-41.55717123375481,-41.55717123375481,2,V
1023,-61.43350201396544,15.319824551731344,,-37.5811984759692,-37.5811984759692,2,V
1024,-61.43350201396544,15.319847777536705,,-38.71820631127877,-38.71820631127877,2,V
1025,-61.43350201396544,15.319871003342065,,-38.245624594278205,-38.245624594278205,2,V
1026,-61.433502013965445,15.319894229147426,,-38.50240584915665,-38.50240584915665,2,V
1027,-61.43350201396544,15.319917454952789,,-38.57215343064041,-38.57215343064041,2,V
1028,-61.43350201396544,15.319940680758148,,-37.70629631091298,-37.70629631091298,2,V
1029,-61.43350201396544,15.319963906563508,,-36.91166954904734,-36.91166954904734,2,V
1030,-61.43350201396544,15.319987132368869,,-39.27049942322725,-39.27049942322725,2,V
1031,-61.43350201396544,15.32001035817423,,-36.40485918503041,-36.40485918503041,2,V
1032,-61.43350201396544,15.32003358397959,,-36.691909641957906,-36.691909641957906,2,V
1033,-61.433502013965445,15.320056809784951,,-36.39176968847262,-36.39176968847262,2,V
1034,-61.433502013965445,15.320080035590312,,-35.888102136386905,-35.888102136386905,2,V
1035,-61.43350201396544,15.320103261395673,,-34.20279411150753,-34.20279411150753,2,V
1036,-61.43350201396544,15.320126487201033,,-36.3232785605343,-36.3232785605343,2,V
1037,-61.43350201396544,15.320149713006394,,-36.33678596843828,-36.33678596843828,2,V
1038,-61.43350201396544,15.320172938811755,,-39.52239833726519,-39.52239833726519,2,V
1039,-61.43350201396544,15.320196164617116,,-38.215026524331535,-38.215026524331535,2,V
1040,-61.433502013965445,15.320219390422476,,-33.08232865424479,-33.08232865424479,2,V
1041,-61.43350201396544,15.320242616227837,,-38.79813950199274,-38.79813950199274,2,V
1042,-61.43350201396544,15.320265842033198,,-33.701454755683116,-33.701454755683116,2,V
1043,-61.43350201396544,15.320289067838559,,-34.58718316855262,-34.58718316855262,2,V
1044,-61.43350201396544,15.32031229364392,,-38.15895659801229,-38.15895659801229,2,V
1045,-61.433502013965445,15.32033551944928,,-36.58768617356917,-36.58768617356917,2,V
1046,-61.43350201396544,15.32035874525464,,-39.44093415775633,-39.44093415775633,2,V
1047,-61.433502013965445,15.320381971060002,,-38.7057407016337,-38.7057407016337,2,V
1048,-61.43350201396544,15.320405196865362,,-37.57047948204822,-37.57047948204822,2,V
1049,-61.43350201396544,15.320428422670723,,-41.59004388573903,-41.59004388573903,2,V
1050,-61.43350201396544,15.320451648476082,,-37.323446581407346,-37.323446581407346,2,V
1051,-61.433502013965445,15.320474874281444,,-35.75677591216112,-35.75677591216112,2,V
1052,-61.43350201396544,15.320498100086805,,-37.12116092636981,-37.12116092636981,2,V
1053,-61.43350201396544,15.320521325892166,,-39.97329334909843,-39.97329334909843,2,V
1054,-61.43350201396544,15.320544551697525,,-36.11281387207811,-36.11281387207811,2,V
1055,-61.43350201396544,15.320567777502887,,-35.24002762525498,-35.24002762525498,2,V
1056,-61.43350201396544,15.320591003308248,,-39.29405517626411,-39.29405517626411,2,V
1057,-61.43350201396544,15.320614229113607,,-36.65420020563243,-36.65420020563243,2,V
1058,-61.433502013965445,15.32063745491897,,-37.84224933597297,-37.84224933597297,2,V
1059,-61.43350201396544,15.320660680724329,,-38.84604785193595,-38.84604785193595,2,V
1060,-61.43350201396544,15.320683906529691,,-35.56946513806044,-35.56946513806044,2,V
1061,-61.43350201396543,15.32070713233505,,-36.98660373092299,-36.98660373092299,2,V
1062,-61.43350201396544,15.320730358140413,,-37.34218869186251,-37.34218869186251,2,V
1063,-61.433502013965445,15.320753583945773,,-38.08205202391131,-38.08205202391131,2,V
1064,-61.43350201396544,15.320776809751132,,-39.41212807297051,-39.41212807297051,2,V
1065,-61.433502013965445,15.320800035556495,,-37.57280514811348,-37.57280514811348,2,V
1066,-61.43350201396544,15.320823261361854,,-33.96697005300426,-33.96697005300426,2,V
1067,-61.43350201396544,15.320846487167215,,-38.490651186197525,-38.490651186197525,2,V
1068,-61.43350201396544,15.320869712972575,,-39.682837078777425,-39.682837078777425,2,V
1069,-61.43350201396544,15.320892938777938,,-37.92208667249352,-37.92208667249352,2,V
1070,-61.43350201396544,15.320916164583299,,-37.84204876117796,-37.84204876117796,2,V
1071,-61.43350201396544,15.320939390388657,,-37.388325475640904,-37.388325475640904,2,V
1072,-61.433502013965445,15.32096261619402,,-41.00510949645282,-41.00510949645282,2,V
1073,-61.43350201396544,15.320985841999379,,-37.72992461961167,-37.72992461961167,2,V
1074,-61.43350201396544,15.32100906780474,,-37.55533409750425,-37.55533409750425,2,V
1075,-61.43350201396544,15.321032293610099,,-41.79940810820378,-41.79940810820378,2,V
1076,-61.433502013965445,15.321055519415461,,-35.97766831693881,-35.97766831693881,2,V
1077,-61.43350201396544,15.321078745220824,,-37.32626880918148,-37.32626880918148,2,V
1078,-61.43350201396544,15.321101971026183,,-40.00410169268065,-40.00410169268065,2,V
1079,-61.43350201396543,15.321125196831543,,-40.48593847744451,-40.48593847744451,2,V
1080,-61.43350201396544,15.321148422636904,,-38.76485690221533,-38.76485690221533,2,V
1081,-61.433502013965445,15.321171648442265,,-38.48258943646122,-38.48258943646122,2,V
1082,-61.43350201396544,15.321194874247624,,-35.19742817349662,-35.19742817349662,2,V
1083,-61.433502013965445,15.321218100052986,,-35.43195089523241,-35.43195089523241,2,V
1084,-61.43350201396544,15.321241325858347,,-37.588743289457554,-37.588743289457554,2,V
1085,-61.43350201396544,15.321264551663708,,-37.65440273001483,-37.65440273001483,2,V
1086,-61.43350201396544,15.321287777469067,,-41.716648541074406,-41.716648541074406,2,V
1087,-61.433502013965445,15.32131100327443,,-36.608591947668096,-36.608591947668096,2,V
1088,-61.43350201396544,15.32133422907979,,-38.74146628820881,-38.74146628820881,2,V
1089,-61.43350201396544,15.321357454885149,,-34.539933853471304,-34.539933853471304,2,V
1090,-61.43350201396544,15.321380680690512,,-39.75535685058929,-39.75535685058929,2,V
1091,-61.43350201396544,15.32140390649587,,-40.27292741023336,-40.27292741023336,2,V
1092,-61.433502013965445,15.321427132301231,,-39.9771344952307,-39.9771344952307,2,V
1093,-61.43350201396544,15.321450358106592,,-36.24987717637867,-36.24987717637867,2,V
1094,-61.433502013965445,15.321473583911954,,-37.70978402671639,-37.70978402671639,2,V
1095,-61.43350201396544,15.321496809717315,,-37.265869250075596,-37.265869250075596,2,V
1096,-61.43350201396544,15.321520035522674,,-39.6739206295612,-39.6739206295612,2,V
1097,-61.43350201396544,15.321543261328037,,-36.60027898345362,-36.60027898345362,2,V
1098,-61.43350201396544,15.321566487133396,,-41.497953826066855,-41.497953826066855,2,V
1099,-61.43350201396544,15.321589712938756,,-40.094728299273314,-40.094728299273314,2,V
1100,-61.43350201396544,15.321612938744117,,-36.2949932456814,-36.2949932456814,2,V
1101,-61.433502013965445,15.321636164549478,,-35.31207134383066,-35.31207134383066,2,V
1102,-61.43350201396544,15.32165939035484,,-33.72046197469895,-33.72046197469895,2,V
1103,-61.43350201396544,15.3216826161602,,-35.47643467977539,-35.47643467977539,2,V
1104,-61.43350201396544,15.32170584196556,,-38.209070367630495,-38.209070367630495,2,V
1105,-61.433502013965445,15.32172906777092,,-40.10466533781456,-40.10466533781456,2,V
1106,-61.43350201396544,15.321752293576282,,-37.90178835135626,-37.90178835135626,2,V
1107,-61.43350201396544,15.321775519381642,,-36.61598680410074,-36.61598680410074,2,V
1108,-61.43350201396544,15.321798745187003,,-39.228452824512786,-39.228452824512786,2,V
1109,-61.43350201396544,15.321821970992364,,-38.016746277287304,-38.016746277287304,2,V
1110,-61.43350201396544,15.321845196797724,,-40.478785173912335,-40.478785173912335,2,V
1111,-61.43350201396544,15.321868422603085,,-38.81972955635304,-38.81972955635304,2,V
1112,-61.433502013965445,15.321891648408446,,-39.784514708631065,-39.784514708631065,2,V
1113,-61.43350201396544,15.321914874213807,,-33.847410111235284,-33.847410111235284,2,V
1114,-61.43350201396544,15.321938100019167,,-40.91073164956201,-40.91073164956201,2,V
1115,-61.43350201396544,15.321961325824528,,-39.29687684568309,-39.29687684568309,2,V
1116,-61.433502013965445,15.321984551629889,,-37.538183348527134,-37.538183348527134,2,V
1117,-61.43350201396544,15.32200777743525,,-37.228737230279435,-37.228737230279435,2,V
1118,-61.43350201396544,15.322031003240609,,-39.9753294459121,-39.9753294459121,2,V
1119,-61.433502013965445,15.322054229045971,,-38.44755870990536,-38.44755870990536,2,V
1120,-61.43350201396544,15.322077454851332,,-36.82404333659865,-36.82404333659865,2,V
1121,-61.43350201396544,15.322100680656693,,-37.25554069315189,-37.25554069315189,2,V
1122,-61.43350201396544,15.322123906462053,,-38.90745655955777,-38.90745655955777,2,V
1123,-61.433502013965445,15.322147132267414,,-37.749403284815976,-37.749403284815976,2,V
1124,-61.43350201396544,15.322170358072775,,-39.787430893208835,-39.787430893208835,2,V
1125,-61.43350201396544,15.322193583878134,,-36.53519619640139,-36.53519619640139,2,V
1126,-61.43350201396544,15.322216809683496,,-35.93883358205106,-35.93883358205106,2,V
1127,-61.43350201396544,15.322240035488857,,-41.50183918879741,-41.50183918879741,2,V
1128,-61.43350201396544,15.322263261294218,,-36.229546988474254,-36.229546988474254,2,V
1129,-61.43350201396544,15.322286487099577,,-35.88008659730511,-35.88008659730511,2,V
1130,-61.433502013965445,15.32230971290494,,-34.72803072582848,-34.72803072582848,2,V
1131,-61.43350201396544,15.3223329387103,,-38.43480618930353,-38.43480618930353,2,V
1132,-61.43350201396544,15.322356164515659,,-36.55291880266518,-36.55291880266518,2,V
1133,-61.43350201396544,15.322379390321021,,-34.63683644144667,-34.63683644144667,2,V
1134,-61.433502013965445,15.32240261612638,,-39.256202390723345,-39.256202390723345,2,V
1135,-61.43350201396544,15.322425841931741,,-42.37907985884221,-42.37907985884221,2,V
1136,-61.43350201396544,15.322449067737102,,-38.9515713176452,-38.9515713176452,2,V
1137,-61.43350201396544,15.322472293542464,,-35.549510030754995,-35.549510030754995,2,V
1138,-61.43350201396544,15.322495519347825,,-40.1474694386989,-40.1474694386989,2,V
1139,-61.43350201396544,15.322518745153184,,-39.330518025632436,-39.330518025632436,2,V
1140,-61.43350201396544,15.322541970958547,,-37.423014118777836,-37.423014118777836,2,V
1141,-61.433502013965445,15.322565196763906,,-40.421756720104256,-40.421756720104256,2,V
1142,-61.43350201396544,15.322588422569266,,-36.3453995244425,-36.3453995244425,2,V
1143,-61.43350201396544,15.322611648374625,,-40.17903867583602,-40.17903867583602,2,V
1144,-61.43350201396544,15.32263487417999,,-40.72270268175501,-40.72270268175501,2,V
1145,-61.43350201396544,15.32265809998535,,-40.56047596876328,-40.56047596876328,2,V
1146,-61.43350201396544,15.32268132579071,,-41.4551549017261,-41.4551549017261,2,V
1147,-61.433502013965445,15.322704551596072,,-38.2740394452769,-38.2740394452769,2,V
1148,-61.433502013965445,15.32272777740143,,-42.51311848543665,-42.51311848543665,2,V
1149,-61.43350201396544,15.322751003206792,,-41.03698191358962,-41.03698191358962,2,V
1150,-61.43350201396544,15.32277422901215,,-37.243384963751055,-37.243384963751055,2,V
1151,-61.43350201396544,15.322797454817513,,-39.383685732336524,-39.383685732336524,2,V
1152,-61.43350201396544,15.322820680622872,,-34.957973374128706,-34.957973374128706,2,V
1153,-61.43350201396544,15.322843906428234,,-37.35860616474051,-37.35860616474051,2,V
1154,-61.43350201396544,15.322867132233595,,-34.17717855738028,-34.17717855738028,2,V
1155,-61.43350201396544,15.322890358038956,,-39.89687088428985,-39.89687088428985,2,V
1156,-61.43350201396544,15.322913583844317,,-34.7480216319239,-34.7480216319239,2,V
1157,-61.43350201396544,15.322936809649676,,-40.5426602044722,-40.5426602044722,2,V
1158,-61.433502013965445,15.322960035455038,,-37.39249744335267,-37.39249744335267,2,V
1159,-61.433502013965445,15.322983261260399,,-38.61695712662743,-38.61695712662743,2,V
1160,-61.43350201396544,15.323006487065758,,-37.60148513632467,-37.60148513632467,2,V
1161,-61.43350201396544,15.32302971287112,,-40.500550313626476,-40.500550313626476,2,V
1162,-61.43350201396544,15.323052938676481,,-35.585350701666854,-35.585350701666854,2,V
1163,-61.43350201396544,15.323076164481842,,-41.8748516495057,-41.8748516495057,2,V
1164,-61.43350201396544,15.3230993902872,,-39.41180043077774,-39.41180043077774,2,V
1165,-61.433502013965445,15.323122616092563,,-33.77207953712854,-33.77207953712854,2,V
1166,-61.43350201396544,15.323145841897924,,-38.12466967042454,-38.12466967042454,2,V
1167,-61.43350201396544,15.323169067703283,,-41.53327202750877,-41.53327202750877,2,V
1168,-61.43350201396544,15.323192293508644,,-37.558979934413244,-37.558979934413244,2,V
1169,-61.43350201396544,15.323215519314006,,-40.26699410158129,-40.26699410158129,2,V
1170,-61.43350201396544,15.323238745119367,,-41.56036970502845,-41.56036970502845,2,V
1171,-61.43350201396544,15.323261970924726,,-37.36547262894375,-37.36547262894375,2,V
1172,-61.433502013965445,15.323285196730088,,-39.36209078197285,-39.36209078197285,2,V
1173,-61.43350201396544,15.323308422535447,,-38.22214079659445,-38.22214079659445,2,V
1174,-61.43350201396544,15.323331648340808,,-39.13661536795886,-39.13661536795886,2,V
1175,-61.43350201396544,15.323354874146169,,-36.85332042307813,-36.85332042307813,2,V
1176,-61.433502013965445,15.32337809995153,,-34.41780170953548,-34.41780170953548,2,V
1177,-61.433502013965445,15.32340132575689,,-38.97076941353534,-38.97076941353534,2,V
1178,-61.43350201396544,15.323424551562251,,-35.10525151257985,-35.10525151257985,2,V
1179,-61.43350201396544,15.323447777367612,,-38.026370168376346,-38.026370168376346,2,V
1180,-61.43350201396544,15.323471003172973,,-38.059411436359,-38.059411436359,2,V
1181,-61.43350201396544,15.323494228978333,,-36.318720183000636,-36.318720183000636,2,V
1182,-61.43350201396544,15.323517454783694,,-40.22326384581505,-40.22326384581505,2,V
1183,-61.433502013965445,15.323540680589055,,-36.978549568720744,-36.978549568720744,2,V
1184,-61.43350201396544,15.323563906394416,,-41.664847370715464,-41.664847370715464,2,V
1185,-61.43350201396544,15.323587132199775,,-40.58161959079324,-40.58161959079324,2,V
1186,-61.43350201396544,15.323610358005137,,-38.63736866793633,-38.63736866793633,2,V
1187,-61.43350201396544,15.323633583810498,,-35.21362203990436,-35.21362203990436,2,V
1188,-61.43350201396544,15.323656809615859,,-39.158573141372,-39.158573141372,2,V
1189,-61.43350201396544,15.32368003542122,,-42.51712880109962,-42.51712880109962,2,V
1190,-61.433502013965445,15.32370326122658,,-42.07701799876399,-42.07701799876399,2,V
1191,-61.43350201396544,15.32372648703194,,-38.09072220668639,-38.09072220668639,2,V
1192,-61.43350201396544,15.323749712837301,,-39.83794414475442,-39.83794414475442,2,V
1193,-61.43350201396543,15.32377293864266,,-40.194748111758535,-40.194748111758535,2,V
1194,-61.43350201396544,15.323796164448023,,-35.309983583081596,-35.309983583081596,2,V
1195,-61.433502013965445,15.323819390253384,,-41.01996713993803,-41.01996713993803,2,V
1196,-61.43350201396544,15.323842616058744,,-40.88801199653351,-40.88801199653351,2,V
1197,-61.433502013965445,15.323865841864105,,-40.702665662716115,-40.702665662716115,2,V
1198,-61.43350201396544,15.323889067669466,,-39.801772480369415,-39.801772480369415,2,V
1199,-61.43350201396544,15.323912293474827,,-42.12038633691521,-42.12038633691521,2,V
1200,-61.43350201396544,15.323935519280186,,-41.51895574661457,-41.51895574661457,2,V
1201,-61.433502013965445,15.323958745085548,,-38.227803183504605,-38.227803183504605,2,V
1202,-61.43350201396544,15.323981970890907,,-39.536536216577765,-39.536536216577765,2,V
1203,-61.43350201396544,15.32400519669627,,-35.01625707418787,-35.01625707418787,2,V
1204,-61.43350201396544,15.324028422501629,,-36.76950250619622,-36.76950250619622,2,V
1205,-61.43350201396544,15.324051648306991,,-42.372969860812596,-42.372969860812596,2,V
1206,-61.433502013965445,15.324074874112352,,-38.63373128365427,-38.63373128365427,2,V
1207,-61.43350201396544,15.32409809991771,,-38.693071936544555,-38.693071936544555,2,V
1208,-61.433502013965445,15.324121325723073,,-38.9704517775088,-38.9704517775088,2,V
1209,-61.43350201396544,15.324144551528432,,-38.69141294989554,-38.69141294989554,2,V
1210,-61.43350201396544,15.324167777333793,,-37.147657127981454,-37.147657127981454,2,V
1211,-61.43350201396543,15.324191003139154,,-37.92085221564597,-37.92085221564597,2,V
1212,-61.43350201396544,15.324214228944516,,-39.176195809985785,-39.176195809985785,2,V
1213,-61.43350201396544,15.324237454749877,,-40.48416787766927,-40.48416787766927,2,V
1214,-61.43350201396544,15.324260680555236,,-42.402148651746074,-42.402148651746074,2,V
1215,-61.433502013965445,15.324283906360598,,-40.410661192251716,-40.410661192251716,2,V
1216,-61.43350201396544,15.324307132165957,,-36.838342794429735,-36.838342794429735,2,V
1217,-61.43350201396544,15.324330357971318,,-36.91800327176002,-36.91800327176002,2,V
1218,-61.43350201396544,15.324353583776677,,-37.70974647756507,-37.70974647756507,2,V
1219,-61.433502013965445,15.32437680958204,,-40.36076909557626,-40.36076909557626,2,V
1220,-61.43350201396544,15.324400035387402,,-40.10649151223327,-40.10649151223327,2,V
1221,-61.43350201396544,15.324423261192761,,-40.93292548871552,-40.93292548871552,2,V
1222,-61.43350201396544,15.324446486998124,,-41.68525901714437,-41.68525901714437,2,V
1223,-61.43350201396544,15.324469712803483,,-37.254415127736934,-37.254415127736934,2,V
1224,-61.433502013965445,15.324492938608843,,-39.17073959483649,-39.17073959483649,2,V
1225,-61.43350201396544,15.324516164414202,,-38.08580714285083,-38.08580714285083,2,V
1226,-61.433502013965445,15.324539390219565,,-40.50479750492231,-40.50479750492231,2,V
1227,-61.43350201396544,15.324562616024924,,-40.244228716327925,-40.244228716327925,2,V
1228,-61.43350201396544,15.324585841830286,,-37.925126370228945,-37.925126370228945,2,V
1229,-61.43350201396544,15.324609067635647,,-37.36103752813247,-37.36103752813247,2,V
1230,-61.43350201396544,15.324632293441008,,-40.05907542103337,-40.05907542103337,2,V
1231,-61.43350201396544,15.324655519246368,,-39.05803300904669,-39.05803300904669,2,V
1232,-61.43350201396544,15.324678745051727,,-38.40848178371401,-38.40848178371401,2,V
1233,-61.433502013965445,15.32470197085709,,-40.87090573410313,-40.87090573410313,2,V
1234,-61.43350201396544,15.32472519666245,,-37.48328623903336,-37.48328623903336,2,V
1235,-61.43350201396544,15.32474842246781,,-38.65405810789457,-38.65405810789457,2,V
1236,-61.43350201396544,15.324771648273172,,-38.954783607618964,-38.954783607618964,2,V
1237,-61.433502013965445,15.324794874078533,,-40.256587499540565,-40.256587499540565,2,V
1238,-61.43350201396544,15.324818099883894,,-40.1927763140342,-40.1927763140342,2,V
1239,-61.43350201396544,15.324841325689253,,-39.769247167576864,-39.769247167576864,2,V
1240,-61.43350201396544,15.324864551494615,,-38.663037691149256,-38.663037691149256,2,V
1241,-61.43350201396544,15.324887777299976,,-40.42887749223363,-40.42887749223363,2,V
1242,-61.433502013965445,15.324911003105335,,-38.7360277295939,-38.7360277295939,2,V
1243,-61.43350201396544,15.324934228910696,,-38.86422540939912,-38.86422540939912,2,V
1244,-61.433502013965445,15.324957454716056,,-40.26675524260534,-40.26675524260534,2,V
1245,-61.43350201396544,15.324980680521419,,-37.75337899193285,-37.75337899193285,2,V
1246,-61.43350201396544,15.325003906326778,,-37.50878968609719,-37.50878968609719,2,V
1247,-61.43350201396544,15.32502713213214,,-35.73601385595385,-35.73601385595385,2,V
1248,-61.433502013965445,15.325050357937501,,-36.21780015205601,-36.21780015205601,2,V
1249,-61.43350201396544,15.32507358374286,,-42.15588966931107,-42.15588966931107,2,V
1250,-61.43350201396544,15.32509680954822,,-40.463662240688436,-40.463662240688436,2,V
1251,-61.43350201396544,15.325120035353581,,-37.60068841922845,-37.60068841922845,2,V
1252,-61.43350201396544,15.325143261158942,,-41.320341865395285,-41.320341865395285,2,V
1253,-61.43350201396544,15.325166486964303,,-35.62924390273517,-35.62924390273517,2,V
1254,-61.43350201396544,15.325189712769664,,-41.19262709908399,-41.19262709908399,2,V
1255,-61.433502013965445,15.325212938575024,,-42.043871973164656,-42.043871973164656,2,V
1256,-61.43350201396544,15.325236164380385,,-38.775284278677425,-38.775284278677425,2,V
1257,-61.43350201396544,15.325259390185746,,-36.30087571520522,-36.30087571520522,2,V
1258,-61.43350201396544,15.325282615991107,,-40.95638497362778,-40.95638497362778,2,V
1259,-61.43350201396544,15.325305841796467,,-38.06868458310819,-38.06868458310819,2,V
1260,-61.43350201396544,15.325329067601828,,-40.02117426404305,-40.02117426404305,2,V
1261,-61.43350201396544,15.325352293407187,,-41.666461358685304,-41.666461358685304,2,V
1262,-61.433502013965445,15.32537551921255,,-39.733036694888895,-39.733036694888895,2,V
1263,-61.43350201396544,15.32539874501791,,-39.740338496248214,-39.740338496248214,2,V
1264,-61.43350201396544,15.325421970823271,,-42.250386186836266,-42.250386186836266,2,V
1265,-61.43350201396544,15.325445196628632,,-41.48645756822809,-41.48645756822809,2,V
1266,-61.433502013965445,15.325468422433993,,-41.26453479129144,-41.26453479129144,2,V
1267,-61.43350201396544,15.325491648239353,,-39.0192694137623,-39.0192694137623,2,V
1268,-61.43350201396544,15.325514874044712,,-39.17869123646516,-39.17869123646516,2,V
1269,-61.43350201396544,15.325538099850075,,-39.77726211107874,-39.77726211107874,2,V
1270,-61.43350201396544,15.325561325655435,,-40.1065087637726,-40.1065087637726,2,V
1271,-61.43350201396544,15.325584551460796,,-37.92227065106716,-37.92227065106716,2,V
1272,-61.433502013965445,15.325607777266157,,-38.98050856767513,-38.98050856767513,2,V
1273,-61.433502013965445,15.325631003071518,,-41.072437421822904,-41.072437421822904,2,V
1274,-61.43350201396544,15.325654228876878,,-40.39133019958112,-40.39133019958112,2,V
1275,-61.43350201396544,15.325677454682237,,-39.72183380179116,-39.72183380179116,2,V
1276,-61.43350201396544,15.3257006804876,,-41.44779157732446,-41.44779157732446,2,V
1277,-61.43350201396544,15.325723906292959,,-40.64198483035926,-40.64198483035926,2,V
1278,-61.43350201396544,15.32574713209832,,-44.11661928018186,-44.11661928018186,2,V
1279,-61.43350201396544,15.32577035790368,,-42.155267773964916,-42.155267773964916,2,V
1280,-61.433502013965445,15.325793583709043,,-38.51238741782707,-38.51238741782707,2,V
1281,-61.43350201396544,15.325816809514404,,-41.25224523281888,-41.25224523281888,2,V
1282,-61.43350201396544,15.325840035319763,,-40.02870966195693,-40.02870966195693,2,V
1283,-61.43350201396544,15.325863261125125,,-38.12601955175322,-38.12601955175322,2,V
1284,-61.433502013965445,15.325886486930484,,-39.83880412053745,-39.83880412053745,2,V
1285,-61.43350201396544,15.325909712735845,,-41.593604045796326,-41.593604045796326,2,V
1286,-61.43350201396544,15.325932938541204,,-38.7578015655538,-38.7578015655538,2,V
1287,-61.43350201396544,15.325956164346568,,-40.08422639709093,-40.08422639709093,2,V
1288,-61.43350201396544,15.325979390151929,,-43.50339259542051,-43.50339259542051,2,V
1289,-61.43350201396544,15.326002615957288,,-39.09166272781363,-39.09166272781363,2,V
1290,-61.433502013965445,15.32602584176265,,-37.80234150633079,-37.80234150633079,2,V
1291,-61.433502013965445,15.32604906756801,,-41.149239570239935,-41.149239570239935,2,V
1292,-61.43350201396544,15.32607229337337,,-38.60688535453084,-38.60688535453084,2,V
1293,-61.43350201396544,15.326095519178729,,-41.30687495199648,-41.30687495199648,2,V
1294,-61.43350201396544,15.326118744984091,,-42.21884607694966,-42.21884607694966,2,V
1295,-61.43350201396544,15.32614197078945,,-40.20283191145464,-40.20283191145464,2,V
1296,-61.43350201396544,15.326165196594813,,-43.19529462782407,-43.19529462782407,2,V
1297,-61.433502013965445,15.326188422400175,,-41.006826577284805,-41.006826577284805,2,V
1298,-61.43350201396544,15.326211648205534,,-38.967533173268414,-38.967533173268414,2,V
1299,-61.43350201396544,15.326234874010895,,-41.98547295162761,-41.98547295162761,2,V
1300,-61.43350201396544,15.326258099816254,,-40.456715531501665,-40.456715531501665,2,V
1301,-61.43350201396544,15.326281325621617,,-38.09270414646687,-38.09270414646687,2,V
1302,-61.43350201396544,15.326304551426976,,-36.202248703790055,-36.202248703790055,2,V
1303,-61.43350201396544,15.326327777232336,,-39.09754925445794,-39.09754925445794,2,V
1304,-61.43350201396544,15.326351003037699,,-38.21785251057232,-38.21785251057232,2,V
1305,-61.43350201396544,15.32637422884306,,-40.334828245366836,-40.334828245366836,2,V
1306,-61.43350201396544,15.32639745464842,,-38.326361855995785,-38.326361855995785,2,V
1307,-61.43350201396544,15.32642068045378,,-40.911188283381186,-40.911188283381186,2,V
1308,-61.433502013965445,15.326443906259142,,-39.50771658729402,-39.50771658729402,2,V
1309,-61.433502013965445,15.326467132064503,,-40.621384122159085,-40.621384122159085,2,V
1310,-61.43350201396544,15.326490357869861,,-38.40048821375032,-38.40048821375032,2,V
1311,-61.43350201396544,15.326513583675222,,-37.92219801480263,-37.92219801480263,2,V
1312,-61.43350201396544,15.326536809480585,,-38.40032974211682,-38.40032974211682,2,V
1313,-61.43350201396544,15.326560035285945,,-40.24777020559972,-40.24777020559972,2,V
1314,-61.43350201396544,15.326583261091304,,-36.79422452154374,-36.79422452154374,2,V
1315,-61.433502013965445,15.326606486896667,,-37.572639927860465,-37.572639927860465,2,V
1316,-61.43350201396544,15.326629712702028,,-39.99132782305266,-39.99132782305266,2,V
1317,-61.43350201396544,15.326652938507387,,-40.26203066179086,-40.26203066179086,2,V
1318,-61.43350201396544,15.326676164312747,,-41.321555521394366,-41.321555521394366,2,V
1319,-61.43350201396544,15.326699390118108,,-35.28207514435146,-35.28207514435146,2,V
1320,-61.43350201396544,15.326722615923469,,-40.5692984413617,-40.5692984413617,2,V
1321,-61.43350201396544,15.32674584172883,,-35.150824769378985,-35.150824769378985,2,V
1322,-61.433502013965445,15.326769067534192,,-42.12304741447015,-42.12304741447015,2,V
1323,-61.43350201396544,15.326792293339553,,-41.5955314105545,-41.5955314105545,2,V
1324,-61.43350201396544,15.326815519144912,,-39.32679429624914,-39.32679429624914,2,V
1325,-61.43350201396544,15.326838744950273,,-44.35881488969666,-44.35881488969666,2,V
1326,-61.43350201396544,15.326861970755633,,-40.46437280728006,-40.46437280728006,2,V
1327,-61.43350201396544,15.326885196560994,,-39.47910833829425,-39.47910833829425,2,V
1328,-61.43350201396544,15.326908422366355,,-39.83944962201802,-39.83944962201802,2,V
1329,-61.43350201396544,15.326931648171715,,-39.0553728526285,-39.0553728526285,2,V
1330,-61.43350201396544,15.326954873977078,,-39.83898483911423,-39.83898483911423,2,V
1331,-61.43350201396544,15.326978099782437,,-40.46680498029525,-40.46680498029525,2,V
1332,-61.43350201396544,15.327001325587798,,-42.05828643346399,-42.05828643346399,2,V
1333,-61.433502013965445,15.327024551393158,,-40.42686203984064,-40.42686203984064,2,V
1334,-61.43350201396544,15.32704777719852,,-38.962436898751335,-38.962436898751335,2,V
1335,-61.43350201396544,15.32707100300388,,-39.575292888037886,-39.575292888037886,2,V
1336,-61.43350201396543,15.327094228809239,,-36.67902587675893,-36.67902587675893,2,V
1337,-61.43350201396544,15.327117454614601,,-38.34251342776984,-38.34251342776984,2,V
1338,-61.433502013965445,15.327140680419962,,-39.93263967316804,-39.93263967316804,2,V
1339,-61.43350201396544,15.327163906225323,,-43.676211570089876,-43.676211570089876,2,V
1340,-61.433502013965445,15.327187132030684,,-40.11667846593571,-40.11667846593571,2,V
1341,-61.43350201396544,15.327210357836044,,-41.42561409331518,-41.42561409331518,2,V
1342,-61.43350201396544,15.327233583641405,,-40.69006001639995,-40.69006001639995,2,V
1343,-61.43350201396544,15.327256809446764,,-41.98704790812848,-41.98704790812848,2,V
1344,-61.43350201396544,15.327280035252127,,-37.120284303516364,-37.120284303516364,2,V
1345,-61.43350201396544,15.327303261057486,,-38.009702462064446,-38.009702462064446,2,V
1346,-61.43350201396544,15.327326486862848,,-41.09768054550413,-41.09768054550413,2,V
1347,-61.433502013965445,15.327349712668209,,-38.61344880149008,-38.61344880149008,2,V
1348,-61.43350201396544,15.32737293847357,,-41.06673055953597,-41.06673055953597,2,V
1349,-61.43350201396544,15.32739616427893,,-40.39020062426672,-40.39020062426672,2,V
1350,-61.43350201396544,15.32741939008429,,-39.12169399772146,-39.12169399772146,2,V
1351,-61.433502013965445,15.327442615889652,,-41.13785803275233,-41.13785803275233,2,V
1352,-61.43350201396544,15.32746584169501,,-41.356963270391134,-41.356963270391134,2,V
1353,-61.43350201396544,15.327489067500371,,-41.92175164742403,-41.92175164742403,2,V
1354,-61.43350201396543,15.327512293305732,,-41.02725841023689,-41.02725841023689,2,V
1355,-61.43350201396544,15.327535519111095,,-38.01988507507339,-38.01988507507339,2,V
1356,-61.433502013965445,15.327558744916455,,-42.646584445611204,-42.646584445611204,2,V
1357,-61.43350201396544,15.327581970721814,,-37.44154290830514,-37.44154290830514,2,V
1358,-61.433502013965445,15.327605196527177,,-39.37993886085382,-39.37993886085382,2,V
1359,-61.43350201396544,15.327628422332538,,-41.122623080548955,-41.122623080548955,2,V
1360,-61.43350201396544,15.327651648137897,,-40.44910474936543,-40.44910474936543,2,V
1361,-61.43350201396544,15.327674873943256,,-42.771879088493975,-42.771879088493975,2,V
1362,-61.433502013965445,15.327698099748618,,-35.62010966918457,-35.62010966918457,2,V
1363,-61.43350201396544,15.32772132555398,,-39.815501719801844,-39.815501719801844,2,V
1364,-61.43350201396544,15.32774455135934,,-39.89123281882824,-39.89123281882824,2,V
1365,-61.43350201396544,15.327767777164702,,-37.254870784608215,-37.254870784608215,2,V
1366,-61.43350201396544,15.327791002970061,,-39.506191016580225,-39.506191016580225,2,V
1367,-61.433502013965445,15.327814228775422,,-38.17817957788723,-38.17817957788723,2,V
1368,-61.43350201396544,15.32783745458078,,-43.33431951170916,-43.33431951170916,2,V
1369,-61.433502013965445,15.327860680386143,,-39.810921555325166,-39.810921555325166,2,V
1370,-61.43350201396544,15.327883906191502,,-38.10418100342837,-38.10418100342837,2,V
1371,-61.43350201396544,15.327907131996865,,-39.95945004475232,-39.95945004475232,2,V
1372,-61.43350201396544,15.327930357802227,,-42.18127494703411,-42.18127494703411,2,V
1373,-61.43350201396544,15.327953583607586,,-43.03750821713236,-43.03750821713236,2,V
1374,-61.43350201396544,15.327976809412947,,-40.48878337381914,-40.48878337381914,2,V
1375,-61.43350201396544,15.328000035218306,,-37.3870550005425,-37.3870550005425,2,V
1376,-61.433502013965445,15.328023261023668,,-39.10869129966907,-39.10869129966907,2,V
1377,-61.43350201396544,15.328046486829027,,-37.708178447540824,-37.708178447540824,2,V
1378,-61.43350201396544,15.328069712634388,,-41.05954378470955,-41.05954378470955,2,V
1379,-61.43350201396544,15.32809293843975,,-40.307790518830465,-40.307790518830465,2,V
1380,-61.433502013965445,15.328116164245111,,-39.40089162303385,-39.40089162303385,2,V
1381,-61.43350201396544,15.328139390050472,,-41.84774812025928,-41.84774812025928,2,V
1382,-61.43350201396544,15.328162615855831,,-40.2032362980108,-40.2032362980108,2,V
1383,-61.43350201396544,15.328185841661194,,-39.61407431066162,-39.61407431066162,2,V
1384,-61.43350201396544,15.328209067466554,,-41.605186507956354,-41.605186507956354,2,V
1385,-61.43350201396544,15.328232293271913,,-39.38392731890917,-39.38392731890917,2,V
1386,-61.43350201396544,15.328255519077274,,-43.02390370524585,-43.02390370524585,2,V
1387,-61.433502013965445,15.328278744882635,,-37.14176241599028,-37.14176241599028,2,V
1388,-61.43350201396544,15.328301970687997,,-38.20206398372948,-38.20206398372948,2,V
1389,-61.43350201396544,15.328325196493356,,-41.19222040465208,-41.19222040465208,2,V
1390,-61.43350201396544,15.328348422298719,,-42.7347033130129,-42.7347033130129,2,V
1391,-61.43350201396544,15.32837164810408,,-43.67796676159131,-43.67796676159131,2,V
1392,-61.43350201396544,15.328394873909438,,-38.37468744448684,-38.37468744448684,2,V
1393,-61.43350201396544,15.3284180997148,,-38.82129433028822,-38.82129433028822,2,V
1394,-61.433502013965445,15.32844132552016,,-38.92615646579815,-38.92615646579815,2,V
1395,-61.43350201396544,15.32846455132552,,-40.164527397129916,-40.164527397129916,2,V
1396,-61.43350201396544,15.328487777130881,,-38.614840852476206,-38.614840852476206,2,V
1397,-61.43350201396544,15.328511002936244,,-40.8334406669145,-40.8334406669145,2,V
1398,-61.433502013965445,15.328534228741605,,-36.62007050875842,-36.62007050875842,2,V
1399,-61.43350201396544,15.328557454546964,,-37.57418905064526,-37.57418905064526,2,V
1400,-61.43350201396544,15.328580680352324,,-39.65976879603122,-39.65976879603122,2,V
1401,-61.43350201396544,15.328603906157685,,-41.5397208276873,-41.5397208276873,2,V
1402,-61.43350201396544,15.328627131963046,,-40.65151268890814,-40.65151268890814,2,V
1403,-61.43350201396544,15.328650357768407,,-39.51634446798032,-39.51634446798032,2,V
1404,-61.43350201396544,15.328673583573766,,-42.388671715847316,-42.388671715847316,2,V
1405,-61.433502013965445,15.32869680937913,,-43.981469466436025,-43.981469466436025,2,V
1406,-61.43350201396544,15.328720035184489,,-39.1408480842463,-39.1408480842463,2,V
1407,-61.43350201396544,15.32874326098985,,-38.37950156466817,-38.37950156466817,2,V
1408,-61.43350201396544,15.32876648679521,,-40.060608282631,-40.060608282631,2,V
1409,-61.433502013965445,15.328789712600571,,-40.65501745964042,-40.65501745964042,2,V
1410,-61.43350201396544,15.328812938405932,,-37.60362494136477,-37.60362494136477,2,V
1411,-61.43350201396544,15.32883616421129,,-41.713078063532805,-41.713078063532805,2,V
1412,-61.43350201396544,15.328859390016653,,-39.82428204992025,-39.82428204992025,2,V
1413,-61.43350201396544,15.328882615822014,,-41.870809281318984,-41.870809281318984,2,V
1414,-61.43350201396544,15.328905841627375,,-41.57882707806656,-41.57882707806656,2,V
1415,-61.43350201396544,15.328929067432735,,-44.109197625769575,-44.109197625769575,2,V
1416,-61.433502013965445,15.328952293238096,,-41.75056502625233,-41.75056502625233,2,V
1417,-61.43350201396544,15.328975519043457,,-42.18658631588648,-42.18658631588648,2,V
1418,-61.43350201396544,15.328998744848816,,-39.1666259112149,-39.1666259112149,2,V
1419,-61.43350201396544,15.329021970654178,,-39.543653897436684,-39.543653897436684,2,V
1420,-61.43350201396544,15.329045196459537,,-36.3263780566398,-36.3263780566398,2,V
1421,-61.43350201396544,15.329068422264898,,-40.37558044681244,-40.37558044681244,2,V
1422,-61.433502013965445,15.32909164807026,,-37.4209203085652,-37.4209203085652,2,V
1423,-61.433502013965445,15.329114873875621,,-39.748416644920056,-39.748416644920056,2,V
1424,-61.43350201396544,15.329138099680982,,-42.847040078993366,-42.847040078993366,2,V
1425,-61.43350201396544,15.329161325486341,,-37.56425501828455,-37.56425501828455,2,V
1426,-61.43350201396544,15.329184551291704,,-36.897429413190366,-36.897429413190366,2,V
1427,-61.43350201396544,15.329207777097063,,-42.643066175354406,-42.643066175354406,2,V
1428,-61.43350201396544,15.329231002902423,,-38.784588565442256,-38.784588565442256,2,V
1429,-61.43350201396544,15.329254228707782,,-40.571314743511785,-40.571314743511785,2,V
1430,-61.43350201396544,15.329277454513146,,-42.83971932721947,-42.83971932721947,2,V
1431,-61.43350201396544,15.329300680318507,,-39.04367841206731,-39.04367841206731,2,V
1432,-61.43350201396544,15.329323906123866,,-45.325464541897055,-45.325464541897055,2,V
1433,-61.433502013965445,15.329347131929229,,-38.75583304817649,-38.75583304817649,2,V
1434,-61.433502013965445,15.32937035773459,,-40.01741071080888,-40.01741071080888,2,V
1435,-61.43350201396544,15.329393583539948,,-37.424837657553276,-37.424837657553276,2,V
1436,-61.43350201396544,15.329416809345307,,-43.334420394432414,-43.334420394432414,2,V
1437,-61.43350201396544,15.32944003515067,,-41.86889589114724,-41.86889589114724,2,V
1438,-61.43350201396544,15.329463260956032,,-39.69758267995858,-39.69758267995858,2,V
1439,-61.43350201396544,15.329486486761391,,-39.157033444310855,-39.157033444310855,2,V
1440,-61.433502013965445,15.329509712566754,,-40.475607187888755,-40.475607187888755,2,V
1441,-61.433502013965445,15.329532938372115,,-42.03585019147569,-42.03585019147569,2,V
1442,-61.43350201396544,15.329556164177474,,-42.190746106346666,-42.190746106346666,2,V
1443,-61.43350201396544,15.329579389982833,,-42.40592467070609,-42.40592467070609,2,V
1444,-61.43350201396544,15.329602615788195,,-37.75031537334517,-37.75031537334517,2,V
1445,-61.43350201396544,15.329625841593554,,-40.30110248822187,-40.30110248822187,2,V
1446,-61.43350201396544,15.329649067398915,,-41.335737034416006,-41.335737034416006,2,V
1447,-61.433502013965445,15.329672293204279,,-38.611347479807726,-38.611347479807726,2,V
1448,-61.43350201396544,15.329695519009638,,-42.378449702477184,-42.378449702477184,2,V
1449,-61.43350201396544,15.329718744814999,,-41.53802492732176,-41.53802492732176,2,V
1450,-61.43350201396544,15.329741970620358,,-42.97522548130771,-42.97522548130771,2,V
1451,-61.43350201396544,15.32976519642572,,-37.989423280631925,-37.989423280631925,2,V
1452,-61.433502013965445,15.32978842223108,,-39.345074614367,-39.345074614367,2,V
1453,-61.43350201396544,15.32981164803644,,-42.17728812798186,-42.17728812798186,2,V
1454,-61.43350201396544,15.3298348738418,,-37.92329123853545,-37.92329123853545,2,V
1455,-61.43350201396544,15.329858099647163,,-37.873797031281924,-37.873797031281924,2,V
1456,-61.43350201396544,15.329881325452524,,-39.799732045094856,-39.799732045094856,2,V
1457,-61.43350201396544,15.329904551257883,,-40.02497852929398,-40.02497852929398,2,V
1458,-61.433502013965445,15.329927777063245,,-42.2994533759503,-42.2994533759503,2,V
1459,-61.43350201396544,15.329951002868606,,-44.508226750200976,-44.508226750200976,2,V
1460,-61.43350201396544,15.329974228673965,,-38.72760413408409,-38.72760413408409,2,V
1461,-61.43350201396544,15.329997454479326,,-39.64189841324503,-39.64189841324503,2,V
1462,-61.43350201396544,15.330020680284687,,-35.89475105059701,-35.89475105059701,2,V
1463,-61.43350201396544,15.330043906090047,,-41.873603282612265,-41.873603282612265,2,V
1464,-61.43350201396544,15.330067131895408,,-44.64174324229115,-44.64174324229115,2,V
1465,-61.433502013965445,15.33009035770077,,-39.330131421521855,-39.330131421521855,2,V
1466,-61.43350201396544,15.330113583506131,,-44.73888693678793,-44.73888693678793,2,V
1467,-61.43350201396544,15.33013680931149,,-34.8061067320217,-34.8061067320217,2,V
1468,-61.43350201396543,15.330160035116851,,-40.40671924274466,-40.40671924274466,2,V
1469,-61.43350201396544,15.330183260922212,,-39.1771448135715,-39.1771448135715,2,V
1470,-61.433502013965445,15.330206486727572,,-43.55748599952603,-43.55748599952603,2,V
1471,-61.43350201396544,15.330229712532933,,-40.6076776698491,-40.6076776698491,2,V
1472,-61.433502013965445,15.330252938338296,,-39.15252431267733,-39.15252431267733,2,V
1473,-61.43350201396544,15.330276164143656,,-41.90182160839518,-41.90182160839518,2,V
1474,-61.43350201396544,15.330299389949015,,-39.28541913507734,-39.28541913507734,2,V
1475,-61.43350201396544,15.330322615754376,,-39.44608729291143,-39.44608729291143,2,V
1476,-61.433502013965445,15.330345841559737,,-40.800957929459315,-40.800957929459315,2,V
1477,-61.43350201396544,15.330369067365098,,-42.00675507475257,-42.00675507475257,2,V
1478,-61.43350201396544,15.330392293170458,,-37.3311419333365,-37.3311419333365,2,V
1479,-61.43350201396544,15.330415518975817,,-41.22239615650072,-41.22239615650072,2,V
1480,-61.43350201396544,15.33043874478118,,-39.2889185433267,-39.2889185433267,2,V
1481,-61.43350201396544,15.33046197058654,,-36.65502201409802,-36.65502201409802,2,V
1482,-61.43350201396544,15.330485196391901,,-41.28954287862139,-41.28954287862139,2,V
1483,-61.433502013965445,15.330508422197262,,-44.669178459296965,-44.669178459296965,2,V
1484,-61.43350201396544,15.330531648002623,,-43.684686464957004,-43.684686464957004,2,V
1485,-61.43350201396544,15.330554873807984,,-36.54686514696509,-36.54686514696509,2,V
1486,-61.43350201396543,15.330578099613343,,-40.26677591616034,-40.26677591616034,2,V
1487,-61.43350201396544,15.330601325418705,,-42.66012471900348,-42.66012471900348,2,V
1488,-61.43350201396544,15.330624551224064,,-39.64448159117311,-39.64448159117311,2,V
1489,-61.43350201396544,15.330647777029426,,-41.55978934941422,-41.55978934941422,2,V
1490,-61.433502013965445,15.330671002834787,,-41.094137794146526,-41.094137794146526,2,V
1491,-61.43350201396544,15.330694228640148,,-39.25290799420842,-39.25290799420842,2,V
1492,-61.43350201396544,15.330717454445509,,-40.97048871138041,-40.97048871138041,2,V
1493,-61.43350201396544,15.330740680250868,,-41.24855724720455,-41.24855724720455,2,V
1494,-61.433502013965445,15.33076390605623,,-43.639276819830734,-43.639276819830734,2,V
1495,-61.43350201396544,15.33078713186159,,-39.62211459892956,-39.62211459892956,2,V
1496,-61.43350201396544,15.33081035766695,,-40.88953228744222,-40.88953228744222,2,V
1497,-61.43350201396544,15.330833583472312,,-41.618359806476946,-41.618359806476946,2,V
1498,-61.43350201396544,15.330856809277673,,-39.90830304285636,-39.90830304285636,2,V
1499,-61.433502013965445,15.330880035083034,,-41.47710200678224,-41.47710200678224,2,V
1500,-61.43350201396544,15.330903260888393,,-39.08788185327866,-39.08788185327866,2,V
1501,-61.433502013965445,15.330926486693755,,-40.429874666498485,-40.429874666498485,2,V
1502,-61.43350201396544,15.330949712499114,,-41.559809856300866,-41.559809856300866,2,V
1503,-61.43350201396544,15.330972938304475,,-40.292767144844085,-40.292767144844085,2,V
1504,-61.43350201396544,15.330996164109834,,-39.83942989597526,-39.83942989597526,2,V
1505,-61.43350201396544,15.331019389915197,,-44.960310718931794,-44.960310718931794,2,V
1506,-61.43350201396544,15.331042615720559,,-38.51343775232538,-38.51343775232538,2,V
1507,-61.43350201396544,15.331065841525918,,-41.93895421523908,-41.93895421523908,2,V
1508,-61.433502013965445,15.33108906733128,,-41.79628540961546,-41.79628540961546,2,V
1509,-61.43350201396544,15.331112293136641,,-43.26186242780601,-43.26186242780601,2,V
1510,-61.43350201396544,15.331135518942,,-43.541056774502394,-43.541056774502394,2,V
1511,-61.43350201396544,15.33115874474736,,-41.02525376169754,-41.02525376169754,2,V
1512,-61.433502013965445,15.331181970552722,,-39.081583561889055,-39.081583561889055,2,V
1513,-61.43350201396544,15.33120519635808,,-43.69363463943145,-43.69363463943145,2,V
1514,-61.43350201396544,15.331228422163443,,-41.89632672646036,-41.89632672646036,2,V
1515,-61.43350201396544,15.331251647968806,,-41.18404076633453,-41.18404076633453,2,V
1516,-61.43350201396544,15.331274873774166,,-43.343588469669754,-43.343588469669754,2,V
1517,-61.433502013965445,15.331298099579525,,-42.78306992393575,-42.78306992393575,2,V
1518,-61.43350201396544,15.331321325384884,,-43.55151639232145,-43.55151639232145,2,V
1519,-61.433502013965445,15.331344551190247,,-43.7591660698637,-43.7591660698637,2,V
1520,-61.43350201396544,15.331367776995606,,-44.53310457992475,-44.53310457992475,2,V
1521,-61.43350201396544,15.331391002800967,,-37.68031461144361,-37.68031461144361,2,V
1522,-61.43350201396544,15.331414228606329,,-40.22957454303154,-40.22957454303154,2,V
1523,-61.433502013965445,15.331437454411692,,-39.56772069733715,-39.56772069733715,2,V
1524,-61.43350201396544,15.33146068021705,,-40.61064494685459,-40.61064494685459,2,V
1525,-61.43350201396544,15.33148390602241,,-39.255709070351294,-39.255709070351294,2,V
1526,-61.43350201396544,15.331507131827772,,-40.389575143751294,-40.389575143751294,2,V
1527,-61.43350201396544,15.331530357633131,,-42.019660954068044,-42.019660954068044,2,V
1528,-61.43350201396544,15.331553583438492,,-41.53156611616669,-41.53156611616669,2,V
1529,-61.43350201396544,15.331576809243852,,-41.06593916314822,-41.06593916314822,2,V
1530,-61.433502013965445,15.331600035049213,,-45.02388189061562,-45.02388189061562,2,V
1531,-61.43350201396544,15.331623260854576,,-42.05726065174843,-42.05726065174843,2,V
1532,-61.43350201396544,15.331646486659935,,-43.027775275231335,-43.027775275231335,2,V
1533,-61.43350201396544,15.331669712465297,,-43.98891918497041,-43.98891918497041,2,V
1534,-61.43350201396544,15.331692938270658,,-39.866386677301286,-39.866386677301286,2,V
1535,-61.43350201396544,15.331716164076017,,-37.78239821246476,-37.78239821246476,2,V
1536,-61.43350201396544,15.331739389881378,,-39.793026649968745,-39.793026649968745,2,V
1537,-61.433502013965445,15.331762615686738,,-41.17532722254888,-41.17532722254888,2,V
1538,-61.43350201396544,15.331785841492099,,-40.5351680908236,-40.5351680908236,2,V
1539,-61.43350201396544,15.33180906729746,,-41.118439076037035,-41.118439076037035,2,V
1540,-61.43350201396544,15.331832293102822,,-45.696949971459134,-45.696949971459134,2,V
1541,-61.433502013965445,15.331855518908183,,-42.59222842152568,-42.59222842152568,2,V
1542,-61.43350201396544,15.331878744713542,,-41.702503655082204,-41.702503655082204,2,V
1543,-61.43350201396544,15.331901970518903,,-42.77682698085717,-42.77682698085717,2,V
1544,-61.43350201396544,15.331925196324264,,-41.05859763795393,-41.05859763795393,2,V
1545,-61.43350201396544,15.331948422129624,,-41.26621019066477,-41.26621019066477,2,V
1546,-61.43350201396544,15.331971647934985,,-45.14723472227323,-45.14723472227323,2,V
1547,-61.433502013965445,15.331994873740346,,-42.63982602731704,-42.63982602731704,2,V
1548,-61.433502013965445,15.332018099545708,,-42.2891414895612,-42.2891414895612,2,V
1549,-61.43350201396544,15.332041325351067,,-40.557089795898236,-40.557089795898236,2,V
1550,-61.43350201396544,15.332064551156428,,-43.08008189459072,-43.08008189459072,2,V
1551,-61.43350201396544,15.332087776961789,,-42.31943311991756,-42.31943311991756,2,V
1552,-61.43350201396544,15.33211100276715,,-39.97177979233908,-39.97177979233908,2,V
1553,-61.43350201396544,15.33213422857251,,-41.66400298973806,-41.66400298973806,2,V
1554,-61.43350201396544,15.33215745437787,,-42.24573834539862,-42.24573834539862,2,V
1555,-61.433502013965445,15.332180680183232,,-38.00926728327935,-38.00926728327935,2,V
1556,-61.43350201396544,15.332203905988592,,-43.22529829812146,-43.22529829812146,2,V
1557,-61.43350201396544,15.332227131793953,,-41.942973567349384,-41.942973567349384,2,V
1558,-61.43350201396544,15.332250357599314,,-40.79000931049866,-40.79000931049866,2,V
1559,-61.433502013965445,15.332273583404675,,-42.729706578875835,-42.729706578875835,2,V
1560,-61.43350201396544,15.332296809210035,,-42.7286489279095,-42.7286489279095,2,V
1561,-61.43350201396544,15.332320035015394,,-41.44916770789178,-41.44916770789178,2,V
1562,-61.43350201396544,15.332343260820757,,-42.179562139174315,-42.179562139174315,2,V
1563,-61.43350201396544,15.332366486626116,,-38.065376964682144,-38.065376964682144,2,V
1564,-61.43350201396544,15.332389712431477,,-40.92440724139589,-40.92440724139589,2,V
1565,-61.433502013965445,15.332412938236839,,-38.96298059387545,-38.96298059387545,2,V
1566,-61.433502013965445,15.3324361640422,,-43.711867300035635,-43.711867300035635,2,V
1567,-61.43350201396544,15.33245938984756,,-39.79936199937702,-39.79936199937702,2,V
1568,-61.43350201396544,15.33248261565292,,-39.222916919835924,-39.222916919835924,2,V
1569,-61.43350201396544,15.332505841458282,,-40.932845172443066,-40.932845172443066,2,V
1570,-61.43350201396544,15.332529067263641,,-38.90456063803345,-38.90456063803345,2,V
1571,-61.43350201396544,15.332552293069002,,-39.60785662071331,-39.60785662071331,2,V
1572,-61.433502013965445,15.332575518874364,,-40.336762237485374,-40.336762237485374,2,V
1573,-61.43350201396544,15.332598744679725,,-41.06785194834004,-41.06785194834004,2,V
1574,-61.43350201396544,15.332621970485086,,-45.13132452069391,-45.13132452069391,2,V
1575,-61.43350201396544,15.332645196290445,,-44.09887070149583,-44.09887070149583,2,V
1576,-61.43350201396544,15.332668422095807,,-43.47076071528925,-43.47076071528925,2,V
1577,-61.43350201396544,15.332691647901166,,-38.87586016971887,-38.87586016971887,2,V
1578,-61.43350201396544,15.332714873706527,,-39.04260726333132,-39.04260726333132,2,V
1579,-61.43350201396544,15.332738099511886,,-38.95996258702639,-38.95996258702639,2,V
1580,-61.43350201396544,15.332761325317248,,-40.14079323828161,-40.14079323828161,2,V
1581,-61.43350201396544,15.33278455112261,,-38.72760267318146,-38.72760267318146,2,V
2737,-61.43350201396544,15.359633582119567,,-54.76980632664954,-54.76980632664954,2,V
2738,-61.43350201396544,15.359656807924926,,-47.83187974238291,-47.83187974238291,2,V
2739,-61.43350201396544,15.359680033730287,,-53.26959816847513,-53.26959816847513,2,V
2740,-61.433502013965445,15.359703259535648,,-52.2966443938077,-52.2966443938077,2,V
2741,-61.43350201396544,15.359726485341008,,-47.737859138136145,-47.737859138136145,2,V
2742,-61.43350201396544,15.359749711146371,,-43.938352266182925,-43.938352266182925,2,V
2743,-61.43350201396544,15.359772936951732,,-52.52188987116137,-52.52188987116137,2,V
2744,-61.43350201396544,15.359796162757092,,-49.08258957031769,-49.08258957031769,2,V
2745,-61.43350201396544,15.359819388562453,,-54.269792760340806,-54.269792760340806,2,V
2746,-61.43350201396544,15.359842614367812,,-51.258324846729266,-51.258324846729266,2,V
2747,-61.43350201396544,15.359865840173173,,-47.691747961556,-47.691747961556,2,V
2748,-61.43350201396544,15.359889065978534,,-52.08652980708273,-52.08652980708273,2,V
2749,-61.43350201396544,15.359912291783893,,-49.12479661830176,-49.12479661830176,2,V
2750,-61.43350201396544,15.359935517589255,,-48.9674595064648,-48.9674595064648,2,V
2751,-61.433502013965445,15.359958743394618,,-51.81158301009331,-51.81158301009331,2,V
2752,-61.43350201396544,15.359981969199978,,-50.15405866691094,-50.15405866691094,2,V
2753,-61.43350201396544,15.360005195005337,,-56.06524201021764,-56.06524201021764,2,V
2754,-61.43350201396544,15.360028420810698,,-50.13828584138611,-50.13828584138611,2,V
2755,-61.43350201396544,15.360051646616059,,-53.48872873101356,-53.48872873101356,2,V
2756,-61.43350201396544,15.360074872421418,,-51.469592077332166,-51.469592077332166,2,V
2757,-61.43350201396544,15.360098098226779,,-52.11978996131482,-52.11978996131482,2,V
2758,-61.43350201396544,15.36012132403214,,-50.313278910854926,-50.313278910854926,2,V
2759,-61.43350201396544,15.360144549837504,,-51.129682841130446,-51.129682841130446,2,V
2760,-61.43350201396544,15.360167775642863,,-52.45571738651363,-52.45571738651363,2,V
2761,-61.43350201396544,15.360191001448221,,-54.251491063101724,-54.251491063101724,2,V
2762,-61.433502013965445,15.360214227253584,,-49.6237718871408,-49.6237718871408,2,V
2763,-61.43350201396544,15.360237453058943,,-49.13010770092058,-49.13010770092058,2,V
2764,-61.43350201396544,15.360260678864304,,-50.58528159137428,-50.58528159137428,2,V
2765,-61.43350201396544,15.360283904669664,,-53.87906519682006,-53.87906519682006,2,V
2766,-61.43350201396544,15.360307130475025,,-49.45984749315551,-49.45984749315551,2,V
2767,-61.43350201396544,15.360330356280388,,-50.21801130687487,-50.21801130687487,2,V
2768,-61.43350201396544,15.360353582085747,,-52.52224690768001,-52.52224690768001,2,V
2769,-61.433502013965445,15.36037680789111,,-50.02164679345935,-50.02164679345935,2,V
2770,-61.43350201396544,15.36040003369647,,-52.05399674338357,-52.05399674338357,2,V
2771,-61.43350201396544,15.360423259501829,,-52.37627954580176,-52.37627954580176,2,V
2772,-61.43350201396544,15.36044648530719,,-55.226970408599385,-55.226970408599385,2,V
2773,-61.43350201396544,15.36046971111255,,-49.86570016381394,-49.86570016381394,2,V
2774,-61.43350201396544,15.360492936917911,,-51.27292524561937,-51.27292524561937,2,V
2775,-61.43350201396544,15.360516162723272,,-47.99017120209707,-47.99017120209707,2,V
2776,-61.43350201396544,15.360539388528634,,-51.621139066154946,-51.621139066154946,2,V
2777,-61.43350201396544,15.360562614333995,,-52.99059900280585,-52.99059900280585,2,V
2778,-61.43350201396544,15.360585840139354,,-53.888724941391914,-53.888724941391914,2,V
2779,-61.43350201396544,15.360609065944715,,-53.865611391334006,-53.865611391334006,2,V
2780,-61.433502013965445,15.360632291750075,,-54.8261155111115,-54.8261155111115,2,V
2781,-61.43350201396544,15.360655517555436,,-55.7598971248439,-55.7598971248439,2,V
2782,-61.43350201396544,15.360678743360797,,-49.36891378113717,-49.36891378113717,2,V
2783,-61.43350201396544,15.360701969166158,,-50.90270568245564,-50.90270568245564,2,V
2784,-61.43350201396544,15.36072519497152,,-52.621575319256905,-52.621575319256905,2,V
2785,-61.43350201396544,15.36074842077688,,-49.71334239264549,-49.71334239264549,2,V
2786,-61.43350201396544,15.36077164658224,,-48.838116045971276,-48.838116045971276,2,V
2787,-61.433502013965445,15.3607948723876,,-51.76939888431254,-51.76939888431254,2,V
2788,-61.43350201396544,15.360818098192961,,-52.921448314845456,-52.921448314845456,2,V
2789,-61.43350201396544,15.360841323998322,,-52.32793512380111,-52.32793512380111,2,V
2790,-61.43350201396544,15.360864549803683,,-51.28838065413626,-51.28838065413626,2,V
2791,-61.43350201396544,15.360887775609044,,-51.02048283827603,-51.02048283827603,2,V
2792,-61.43350201396544,15.360911001414404,,-52.40825876146161,-52.40825876146161,2,V
2793,-61.43350201396544,15.360934227219765,,-51.42032882241932,-51.42032882241932,2,V
2794,-61.43350201396544,15.360957453025126,,-53.524972095157636,-53.524972095157636,2,V
2795,-61.43350201396544,15.360980678830487,,-52.41922531139972,-52.41922531139972,2,V
2796,-61.43350201396544,15.361003904635847,,-49.0515789363811,-49.0515789363811,2,V
2797,-61.43350201396544,15.361027130441208,,-52.18403445418541,-52.18403445418541,2,V
2798,-61.433502013965445,15.361050356246569,,-54.41175529471198,-54.41175529471198,2,V
2799,-61.43350201396544,15.361073582051928,,-49.52331902670523,-49.52331902670523,2,V
2800,-61.43350201396544,15.361096807857288,,-51.142287891250916,-51.142287891250916,2,V
2801,-61.43350201396544,15.361120033662651,,-52.08703278936874,-52.08703278936874,2,V
2802,-61.43350201396544,15.361143259468012,,-50.68297924651137,-50.68297924651137,2,V
2803,-61.43350201396544,15.361166485273372,,-52.15766894113844,-52.15766894113844,2,V
2804,-61.43350201396544,15.361189711078733,,-52.12219278320087,-52.12219278320087,2,V
2805,-61.43350201396544,15.361212936884094,,-54.299507195232636,-54.299507195232636,2,V
2806,-61.43350201396544,15.361236162689453,,-52.49901419048837,-52.49901419048837,2,V
2807,-61.43350201396544,15.361259388494814,,-51.857452689945866,-51.857452689945866,2,V
2808,-61.43350201396544,15.361282614300176,,-49.83360088981346,-49.83360088981346,2,V
2809,-61.433502013965445,15.361305840105537,,-52.32210901493832,-52.32210901493832,2,V
2810,-61.43350201396544,15.361329065910898,,-54.142077330179134,-54.142077330179134,2,V
2811,-61.43350201396544,15.361352291716258,,-53.69316399514277,-53.69316399514277,2,V
2812,-61.43350201396544,15.36137551752162,,-52.2888835477594,-52.2888835477594,2,V
2813,-61.43350201396544,15.361398743326978,,-49.479809946663465,-49.479809946663465,2,V
2814,-61.43350201396544,15.361421969132339,,-52.97028214156923,-52.97028214156923,2,V
2815,-61.43350201396544,15.3614451949377,,-51.33227720482054,-51.33227720482054,2,V
2816,-61.433502013965445,15.36146842074306,,-52.266785722452504,-52.266785722452504,2,V
2817,-61.43350201396544,15.36149164654842,,-51.09949204934435,-51.09949204934435,2,V
2818,-61.43350201396544,15.361514872353784,,-52.74371795266891,-52.74371795266891,2,V
2819,-61.43350201396544,15.361538098159144,,-50.79800551045551,-50.79800551045551,2,V
2820,-61.43350201396544,15.361561323964505,,-53.12824659429383,-53.12824659429383,2,V
2821,-61.43350201396544,15.361584549769864,,-51.95090231296568,-51.95090231296568,2,V
2822,-61.43350201396544,15.361607775575225,,-53.09793858603497,-53.09793858603497,2,V
2823,-61.43350201396544,15.361631001380585,,-52.497860999077076,-52.497860999077076,2,V
2824,-61.43350201396544,15.361654227185944,,-52.43381555302829,-52.43381555302829,2,V
2825,-61.43350201396544,15.361677452991305,,-54.225806109450644,-54.225806109450644,2,V
2826,-61.43350201396544,15.36170067879667,,-51.8449137047263,-51.8449137047263,2,V
2827,-61.433502013965445,15.36172390460203,,-49.35461671969398,-49.35461671969398,2,V
2828,-61.43350201396544,15.36174713040739,,-54.45125673484011,-54.45125673484011,2,V
2829,-61.43350201396544,15.36177035621275,,-50.5781557632499,-50.5781557632499,2,V
2830,-61.43350201396544,15.36179358201811,,-52.22543728574972,-52.22543728574972,2,V
2831,-61.43350201396544,15.36181680782347,,-54.321148254443735,-54.321148254443735,2,V
2832,-61.43350201396544,15.36184003362883,,-52.05034441633753,-52.05034441633753,2,V
2833,-61.43350201396544,15.361863259434191,,-51.95445917404941,-51.95445917404941,2,V
2834,-61.433502013965445,15.361886485239552,,-54.49463993130599,-54.49463993130599,2,V
2835,-61.43350201396544,15.361909711044914,,-55.34965586644557,-55.34965586644557,2,V
2836,-61.43350201396544,15.361932936850273,,-51.24858114946385,-51.24858114946385,2,V
2837,-61.43350201396544,15.361956162655636,,-53.75997173535438,-53.75997173535438,2,V
2838,-61.43350201396544,15.361979388460995,,-50.557611329488736,-50.557611329488736,2,V
2839,-61.43350201396544,15.362002614266355,,-51.16660624951592,-51.16660624951592,2,V
2840,-61.43350201396544,15.362025840071716,,-54.67404595587127,-54.67404595587127,2,V
2841,-61.43350201396544,15.362049065877077,,-50.51017823018668,-50.51017823018668,2,V
2842,-61.43350201396544,15.362072291682438,,-52.23893314134928,-52.23893314134928,2,V
2843,-61.43350201396544,15.362095517487798,,-54.709045296377035,-54.709045296377035,2,V
2844,-61.43350201396544,15.362118743293161,,-50.32453170159285,-50.32453170159285,2,V
2845,-61.433502013965445,15.362141969098522,,-55.68701033804715,-55.68701033804715,2,V
2846,-61.43350201396544,15.36216519490388,,-52.98951802426313,-52.98951802426313,2,V
2847,-61.433502013965445,15.362188420709241,,-52.65268922562747,-52.65268922562747,2,V
2848,-61.43350201396544,15.362211646514602,,-52.012442273166144,-52.012442273166144,2,V
2849,-61.43350201396544,15.362234872319963,,-52.72066414662773,-52.72066414662773,2,V
2850,-61.43350201396544,15.362258098125324,,-53.81218544081148,-53.81218544081148,2,V
2851,-61.43350201396544,15.362281323930684,,-53.103912937347665,-53.103912937347665,2,V
2852,-61.43350201396544,15.362304549736047,,-55.826470473423484,-55.826470473423484,2,V
2853,-61.43350201396544,15.362327775541406,,-48.44626804785619,-48.44626804785619,2,V
2854,-61.433502013965445,15.362351001346767,,-52.62655210439079,-52.62655210439079,2,V
2855,-61.43350201396544,15.362374227152127,,-52.85698259348681,-52.85698259348681,2,V
2856,-61.43350201396544,15.362397452957488,,-53.520785058451345,-53.520785058451345,2,V
2857,-61.43350201396544,15.362420678762849,,-53.05053789222165,-53.05053789222165,2,V
2858,-61.43350201396544,15.36244390456821,,-49.25213577245546,-49.25213577245546,2,V
2859,-61.43350201396544,15.36246713037357,,-50.294755604432865,-50.294755604432865,2,V
2860,-61.43350201396544,15.362490356178931,,-54.386676199690854,-54.386676199690854,2,V
2861,-61.43350201396544,15.362513581984292,,-53.004299921739424,-53.004299921739424,2,V
2862,-61.43350201396544,15.362536807789652,,-51.38546627462517,-51.38546627462517,2,V
2863,-61.43350201396544,15.362560033595013,,-54.021161074604315,-54.021161074604315,2,V
2864,-61.43350201396544,15.362583259400374,,-52.746018418601246,-52.746018418601246,2,V
2865,-61.433502013965445,15.362606485205735,,-52.29842446889535,-52.29842446889535,2,V
2866,-61.43350201396544,15.362629711011095,,-54.21525492284304,-54.21525492284304,2,V
2867,-61.43350201396544,15.362652936816454,,-50.81254135649857,-50.81254135649857,2,V
2868,-61.43350201396544,15.362676162621817,,-55.56114985223926,-55.56114985223926,2,V
2869,-61.43350201396544,15.362699388427178,,-54.91590009545338,-54.91590009545338,2,V
2870,-61.43350201396544,15.362722614232538,,-54.5287060873158,-54.5287060873158,2,V
2871,-61.43350201396544,15.3627458400379,,-56.05216952404137,-56.05216952404137,2,V
2872,-61.433502013965445,15.36276906584326,,-58.656975280927014,-58.656975280927014,2,V
2873,-61.43350201396544,15.36279229164862,,-53.3431100422516,-53.3431100422516,2,V
2874,-61.43350201396544,15.36281551745398,,-54.09323666947568,-54.09323666947568,2,V
2875,-61.43350201396544,15.36283874325934,,-50.30255174397719,-50.30255174397719,2,V
2876,-61.433502013965445,15.362861969064703,,-53.1947800533563,-53.1947800533563,2,V
2877,-61.43350201396544,15.362885194870064,,-51.798180624799954,-51.798180624799954,2,V
2878,-61.43350201396544,15.362908420675424,,-53.90940810832508,-53.90940810832508,2,V
2879,-61.43350201396544,15.362931646480785,,-53.98324589464012,-53.98324589464012,2,V
2880,-61.43350201396544,15.362954872286146,,-52.23989085866561,-52.23989085866561,2,V
2881,-61.43350201396544,15.362978098091505,,-53.28447610544098,-53.28447610544098,2,V
2882,-61.43350201396544,15.363001323896865,,-51.64480586486848,-51.64480586486848,2,V
2883,-61.433502013965445,15.363024549702228,,-51.39077965861054,-51.39077965861054,2,V
2884,-61.43350201396544,15.363047775507587,,-49.60246691896789,-49.60246691896789,2,V
2885,-61.43350201396544,15.36307100131295,,-49.332295872697586,-49.332295872697586,2,V
2886,-61.43350201396544,15.36309422711831,,-52.60613238298495,-52.60613238298495,2,V
2887,-61.43350201396544,15.363117452923671,,-52.19170973758119,-52.19170973758119,2,V
2888,-61.43350201396544,15.36314067872903,,-52.38375749779797,-52.38375749779797,2,V
2889,-61.43350201396544,15.36316390453439,,-52.54661237946282,-52.54661237946282,2,V
2890,-61.43350201396544,15.363187130339753,,-54.496366475074005,-54.496366475074005,2,V
2891,-61.43350201396544,15.363210356145112,,-54.80033094709462,-54.80033094709462,2,V
2892,-61.43350201396544,15.363233581950471,,-52.39637333043338,-52.39637333043338,2,V
2893,-61.43350201396544,15.363256807755835,,-51.17797985665697,-51.17797985665697,2,V
2894,-61.433502013965445,15.363280033561196,,-53.36193070111894,-53.36193070111894,2,V
2895,-61.43350201396544,15.363303259366557,,-51.6659644706705,-51.6659644706705,2,V
2896,-61.43350201396544,15.363326485171916,,-54.21359478036969,-54.21359478036969,2,V
2897,-61.43350201396544,15.363349710977277,,-49.80381094623973,-49.80381094623973,2,V
2898,-61.43350201396544,15.363372936782637,,-52.93486233638108,-52.93486233638108,2,V
2899,-61.43350201396544,15.363396162587996,,-52.25932678769197,-52.25932678769197,2,V
2900,-61.43350201396544,15.363419388393357,,-54.14066329905685,-54.14066329905685,2,V
2901,-61.433502013965445,15.363442614198718,,-58.8945007656982,-58.8945007656982,2,V
2902,-61.43350201396544,15.363465840004082,,-55.715146490409985,-55.715146490409985,2,V
2903,-61.43350201396544,15.363489065809441,,-52.67257768734782,-52.67257768734782,2,V
2904,-61.43350201396544,15.363512291614802,,-55.755511339011456,-55.755511339011456,2,V
2905,-61.43350201396544,15.363535517420162,,-52.64286310153422,-52.64286310153422,2,V
2906,-61.43350201396544,15.363558743225521,,-53.17902107429539,-53.17902107429539,2,V
2907,-61.43350201396544,15.363581969030882,,-52.58684336041972,-52.58684336041972,2,V
2908,-61.43350201396544,15.363605194836243,,-50.69334135035883,-50.69334135035883,2,V
2909,-61.43350201396544,15.363628420641604,,-52.08085762267002,-52.08085762267002,2,V
2910,-61.43350201396544,15.363651646446966,,-53.781823956281634,-53.781823956281634,2,V
2911,-61.43350201396544,15.363674872252325,,-52.28466089525065,-52.28466089525065,2,V
2912,-61.433502013965445,15.363698098057688,,-53.45425655919825,-53.45425655919825,2,V
2913,-61.43350201396544,15.363721323863047,,-54.88258799221218,-54.88258799221218,2,V
2914,-61.43350201396544,15.363744549668407,,-55.41708939845398,-55.41708939845398,2,V
2915,-61.43350201396544,15.363767775473768,,-52.81558417754976,-52.81558417754976,2,V
2916,-61.43350201396544,15.363791001279129,,-52.646126305254576,-52.646126305254576,2,V
2917,-61.43350201396544,15.36381422708449,,-54.26368177082095,-54.26368177082095,2,V
2918,-61.43350201396544,15.36383745288985,,-55.740668426230236,-55.740668426230236,2,V
2919,-61.43350201396544,15.363860678695213,,-54.79537389061156,-54.79537389061156,2,V
2920,-61.43350201396544,15.363883904500574,,-54.46109294973032,-54.46109294973032,2,V
2921,-61.43350201396544,15.363907130305932,,-53.15169954479823,-53.15169954479823,2,V
2922,-61.43350201396544,15.363930356111293,,-53.68847493523289,-53.68847493523289,2,V
2923,-61.433502013965445,15.363953581916654,,-51.51428523008749,-51.51428523008749,2,V
2924,-61.43350201396544,15.363976807722015,,-52.44113367801564,-52.44113367801564,2,V
2925,-61.43350201396544,15.364000033527375,,-57.02727569673137,-57.02727569673137,2,V
2926,-61.43350201396544,15.364023259332736,,-52.931653611323945,-52.931653611323945,2,V
2927,-61.43350201396544,15.364046485138099,,-54.292321030690424,-54.292321030690424,2,V
2928,-61.43350201396544,15.364069710943458,,-49.73617046925391,-49.73617046925391,2,V
2929,-61.43350201396544,15.364092936748818,,-57.14959901416696,-57.14959901416696,2,V
2930,-61.433502013965445,15.36411616255418,,-54.48295281478832,-54.48295281478832,2,V
2931,-61.43350201396544,15.36413938835954,,-53.74213500176597,-53.74213500176597,2,V
2932,-61.43350201396544,15.3641626141649,,-51.53117094126467,-51.53117094126467,2,V
2933,-61.43350201396544,15.364185839970261,,-56.24077824937362,-56.24077824937362,2,V
2934,-61.43350201396544,15.364209065775622,,-54.13168357070266,-54.13168357070266,2,V
2935,-61.43350201396544,15.364232291580983,,-52.67655079775914,-52.67655079775914,2,V
2936,-61.43350201396544,15.364255517386344,,-52.86964396021846,-52.86964396021846,2,V
2937,-61.43350201396544,15.364278743191704,,-56.53371480040923,-56.53371480040923,2,V
2938,-61.43350201396544,15.364301968997065,,-54.3704199770337,-54.3704199770337,2,V
2939,-61.43350201396544,15.364325194802426,,-53.7796587460686,-53.7796587460686,2,V
2940,-61.43350201396544,15.364348420607786,,-50.82487128588171,-50.82487128588171,2,V
2941,-61.433502013965445,15.364371646413147,,-51.632778333910316,-51.632778333910316,2,V
2942,-61.43350201396544,15.364394872218506,,-57.26443887526306,-57.26443887526306,2,V
2943,-61.43350201396544,15.364418098023867,,-52.85733154241562,-52.85733154241562,2,V
2944,-61.43350201396544,15.36444132382923,,-52.81046613130302,-52.81046613130302,2,V
2945,-61.43350201396544,15.36446454963459,,-54.90811063731728,-54.90811063731728,2,V
2946,-61.43350201396544,15.364487775439951,,-53.365630557552834,-53.365630557552834,2,V
2947,-61.43350201396544,15.364511001245312,,-53.955889850763896,-53.955889850763896,2,V
2948,-61.433502013965445,15.364534227050672,,-50.38335876658534,-50.38335876658534,2,V
2949,-61.43350201396544,15.364557452856031,,-53.30321984374062,-53.30321984374062,2,V
2950,-61.43350201396544,15.364580678661392,,-53.51733864876582,-53.51733864876582,2,V
2951,-61.43350201396544,15.364603904466755,,-52.19774485461544,-52.19774485461544,2,V
2952,-61.43350201396544,15.364627130272115,,-53.56352256088168,-53.56352256088168,2,V
2953,-61.43350201396544,15.364650356077476,,-54.6213492430683,-54.6213492430683,2,V
2954,-61.43350201396544,15.364673581882837,,-52.04364467533863,-52.04364467533863,2,V
2955,-61.43350201396544,15.364696807688198,,-53.813067854248985,-53.813067854248985,2,V
2956,-61.43350201396544,15.364720033493557,,-54.1907359176315,-54.1907359176315,2,V
2957,-61.43350201396544,15.364743259298917,,-55.25697062139435,-55.25697062139435,2,V
2958,-61.43350201396544,15.36476648510428,,-54.23019799960778,-54.23019799960778,2,V
2959,-61.433502013965445,15.364789710909639,,-54.07220448097187,-54.07220448097187,2,V
2960,-61.43350201396544,15.364812936714998,,-55.20854601323859,-55.20854601323859,2,V
2961,-61.43350201396544,15.364836162520362,,-54.88113835012994,-54.88113835012994,2,V
2962,-61.43350201396544,15.364859388325723,,-51.57525747727337,-51.57525747727337,2,V
2963,-61.43350201396544,15.364882614131082,,-52.019964818963054,-52.019964818963054,2,V
2964,-61.43350201396544,15.364905839936442,,-51.25460524094272,-51.25460524094272,2,V
2965,-61.43350201396544,15.364929065741805,,-54.74863840428003,-54.74863840428003,2,V
2966,-61.43350201396544,15.364952291547164,,-55.89051685219589,-55.89051685219589,2,V
2967,-61.43350201396544,15.364975517352523,,-52.62278996770281,-52.62278996770281,2,V
2968,-61.43350201396544,15.364998743157884,,-52.84237272859522,-52.84237272859522,2,V
2969,-61.43350201396544,15.365021968963248,,-52.159703329030684,-52.159703329030684,2,V
2970,-61.433502013965445,15.365045194768609,,-51.93633458647766,-51.93633458647766,2,V
2971,-61.43350201396544,15.365068420573968,,-51.81335740823221,-51.81335740823221,2,V
2972,-61.43350201396544,15.36509164637933,,-53.32139205855069,-53.32139205855069,2,V
2973,-61.43350201396544,15.365114872184689,,-55.38844793451567,-55.38844793451567,2,V
2974,-61.43350201396544,15.365138097990048,,-54.754523511699716,-54.754523511699716,2,V
2975,-61.43350201396544,15.365161323795409,,-52.94275182907688,-52.94275182907688,2,V
2976,-61.43350201396544,15.36518454960077,,-56.491271108560134,-56.491271108560134,2,V
2977,-61.433502013965445,15.36520777540613,,-51.58704769863437,-51.58704769863437,2,V
2978,-61.43350201396544,15.365231001211493,,-55.34982231911928,-55.34982231911928,2,V
2979,-61.433502013965445,15.365254227016854,,-54.18364588228746,-54.18364588228746,2,V
2980,-61.43350201396544,15.365277452822214,,-56.071305922453554,-56.071305922453554,2,V
2981,-61.43350201396544,15.365300678627573,,-54.24478963027681,-54.24478963027681,2,V
2982,-61.43350201396544,15.365323904432934,,-53.62311282437084,-53.62311282437084,2,V
2983,-61.43350201396544,15.365347130238295,,-52.990725477337776,-52.990725477337776,2,V
2984,-61.43350201396544,15.365370356043655,,-53.773153124419714,-53.773153124419714,2,V
2985,-61.43350201396544,15.365393581849016,,-55.36743665370203,-55.36743665370203,2,V
2986,-61.43350201396544,15.365416807654377,,-53.573669322159326,-53.573669322159326,2,V
2987,-61.43350201396544,15.36544003345974,,-53.79241563904772,-53.79241563904772,2,V
2988,-61.43350201396544,15.365463259265098,,-55.36084306767808,-55.36084306767808,2,V
2989,-61.43350201396544,15.365486485070459,,-52.41602830673197,-52.41602830673197,2,V
2990,-61.43350201396544,15.36550971087582,,-54.84952666073534,-54.84952666073534,2,V
2991,-61.43350201396544,15.36553293668118,,-58.03804953493292,-58.03804953493292,2,V
2992,-61.43350201396544,15.365556162486541,,-53.427692247861586,-53.427692247861586,2,V
2993,-61.43350201396544,15.365579388291902,,-54.99073161112723,-54.99073161112723,2,V
2994,-61.43350201396544,15.365602614097265,,-59.07008374805138,-59.07008374805138,2,V
2995,-61.433502013965445,15.365625839902625,,-55.01065117862644,-55.01065117862644,2,V
2996,-61.43350201396544,15.365649065707984,,-56.06090266280593,-56.06090266280593,2,V
2997,-61.433502013965445,15.365672291513345,,-54.88212541349535,-54.88212541349535,2,V
2998,-61.43350201396544,15.365695517318706,,-55.74432835397505,-55.74432835397505,2,V
2999,-61.43350201396544,15.365718743124066,,-59.334232388401794,-59.334232388401794,2,V
3000,-61.43350201396544,15.365741968929427,,-51.402000766653416,-51.402000766653416,2,V
3001,-61.43350201396544,15.365765194734788,,-54.08317998978151,-54.08317998978151,2,V
3002,-61.43350201396544,15.365788420540149,,-56.02102137842753,-56.02102137842753,2,V
3003,-61.43350201396544,15.36581164634551,,-53.261610601377996,-53.261610601377996,2,V
3004,-61.43350201396544,15.36583487215087,,-54.763197772466064,-54.763197772466064,2,V
3005,-61.43350201396544,15.365858097956231,,-54.26586591012328,-54.26586591012328,2,V
3006,-61.43350201396544,15.365881323761592,,-57.36878280457989,-57.36878280457989,2,V
3007,-61.43350201396544,15.365904549566952,,-54.26154325561646,-54.26154325561646,2,V
3008,-61.433502013965445,15.365927775372313,,-55.99499148396097,-55.99499148396097,2,V
3009,-61.43350201396544,15.365951001177674,,-56.7717275094493,-56.7717275094493,2,V
3010,-61.43350201396544,15.365974226983033,,-55.61980260312005,-55.61980260312005,2,V
3011,-61.43350201396544,15.365997452788395,,-53.43784512856427,-53.43784512856427,2,V
3012,-61.43350201396544,15.366020678593756,,-53.15817497605636,-53.15817497605636,2,V
3013,-61.43350201396544,15.366043904399117,,-54.14800065431472,-54.14800065431472,2,V
3014,-61.43350201396544,15.366067130204478,,-56.46341183479892,-56.46341183479892,2,V
3015,-61.433502013965445,15.366090356009838,,-53.066160712606234,-53.066160712606234,2,V
3016,-61.43350201396544,15.366113581815199,,-53.43745366391389,-53.43745366391389,2,V
3017,-61.43350201396544,15.366136807620558,,-53.08440631756285,-53.08440631756285,2,V
3018,-61.43350201396544,15.366160033425919,,-56.212519761635846,-56.212519761635846,2,V
3019,-61.43350201396544,15.366183259231281,,-53.16862317658461,-53.16862317658461,2,V
3020,-61.43350201396544,15.366206485036642,,-51.97340177673322,-51.97340177673322,2,V
3021,-61.43350201396544,15.366229710842003,,-49.86999687506573,-49.86999687506573,2,V
3022,-61.43350201396544,15.366252936647363,,-52.65300962330317,-52.65300962330317,2,V
3023,-61.43350201396544,15.366276162452724,,-52.61624315960434,-52.61624315960434,2,V
3024,-61.43350201396544,15.366299388258083,,-52.83494995683122,-52.83494995683122,2,V
3025,-61.43350201396544,15.366322614063444,,-56.51220200808153,-56.51220200808153,2,V
3026,-61.433502013965445,15.366345839868806,,-54.77933563045484,-54.77933563045484,2,V
3027,-61.43350201396544,15.366369065674165,,-54.030044998809934,-54.030044998809934,2,V
3028,-61.43350201396544,15.366392291479528,,-52.69213260627558,-52.69213260627558,2,V
3029,-61.43350201396544,15.366415517284889,,-55.28708195047621,-55.28708195047621,2,V
3030,-61.43350201396544,15.36643874309025,,-53.716498640138084,-53.716498640138084,2,V
3031,-61.43350201396544,15.366461968895608,,-55.22057779947737,-55.22057779947737,2,V
3032,-61.43350201396544,15.366485194700969,,-51.653189208959795,-51.653189208959795,2,V
3033,-61.433502013965445,15.366508420506332,,-52.64301699780569,-52.64301699780569,2,V
3034,-61.43350201396544,15.36653164631169,,-54.70448635040581,-54.70448635040581,2,V
3035,-61.43350201396544,15.36655487211705,,-55.2801391620535,-55.2801391620535,2,V
3036,-61.43350201396544,15.366578097922414,,-54.27274084283506,-54.27274084283506,2,V
3037,-61.433502013965445,15.366601323727775,,-56.88658718565564,-56.88658718565564,2,V
3038,-61.43350201396544,15.366624549533134,,-56.31531810864493,-56.31531810864493,2,V
3039,-61.43350201396544,15.366647775338494,,-51.99645039580417,-51.99645039580417,2,V
3040,-61.43350201396544,15.366671001143857,,-58.32481914541804,-58.32481914541804,2,V
3041,-61.43350201396544,15.366694226949216,,-56.03056736461604,-56.03056736461604,2,V
3042,-61.43350201396544,15.366717452754575,,-54.023441738721196,-54.023441738721196,2,V
3043,-61.43350201396544,15.366740678559935,,-55.367442043302056,-55.367442043302056,2,V
3044,-61.433502013965445,15.366763904365296,,-55.4192228280861,-55.4192228280861,2,V
3045,-61.43350201396544,15.36678713017066,,-57.04961322242237,-57.04961322242237,2,V
3046,-61.43350201396544,15.36681035597602,,-51.997011251641645,-51.997011251641645,2,V
3047,-61.43350201396544,15.366833581781382,,-54.57145101614794,-54.57145101614794,2,V
3048,-61.43350201396544,15.36685680758674,,-51.642189996395736,-51.642189996395736,2,V
3049,-61.43350201396544,15.3668800333921,,-54.777451823083084,-54.777451823083084,2,V
3050,-61.43350201396544,15.36690325919746,,-54.48662766652136,-54.48662766652136,2,V
3051,-61.43350201396544,15.366926485002821,,-54.1585752893563,-54.1585752893563,2,V
3052,-61.43350201396544,15.366949710808182,,-50.5450452373739,-50.5450452373739,2,V
3053,-61.43350201396544,15.366972936613545,,-54.442968488454035,-54.442968488454035,2,V
3054,-61.43350201396544,15.366996162418905,,-56.67641856502589,-56.67641856502589,2,V
3055,-61.433502013965445,15.367019388224266,,-53.91288972238641,-53.91288972238641,2,V
3056,-61.43350201396544,15.367042614029625,,-56.210090677826294,-56.210090677826294,2,V
3057,-61.43350201396544,15.367065839834986,,-53.36561419810872,-53.36561419810872,2,V
3058,-61.43350201396544,15.367089065640346,,-56.70252619517315,-56.70252619517315,2,V
3059,-61.43350201396544,15.367112291445707,,-54.842243768199374,-54.842243768199374,2,V
3060,-61.43350201396544,15.367135517251068,,-53.03159459176362,-53.03159459176362,2,V
3061,-61.43350201396544,15.367158743056429,,-58.68746927878479,-58.68746927878479,2,V
3062,-61.433502013965445,15.367181968861791,,-51.3940015345517,-51.3940015345517,2,V
3063,-61.43350201396544,15.36720519466715,,-56.11383323674742,-56.11383323674742,2,V
3064,-61.43350201396544,15.367228420472511,,-53.82978863455094,-53.82978863455094,2,V
3065,-61.43350201396544,15.367251646277872,,-54.521359569231414,-54.521359569231414,2,V
3066,-61.43350201396544,15.367274872083232,,-57.182868506293204,-57.182868506293204,2,V
3067,-61.43350201396544,15.367298097888593,,-55.30501813907328,-55.30501813907328,2,V
3068,-61.43350201396544,15.367321323693954,,-54.96516929523689,-54.96516929523689,2,V
3069,-61.43350201396544,15.367344549499315,,-58.191438613938224,-58.191438613938224,2,V
3070,-61.43350201396544,15.367367775304677,,-53.29293763264312,-53.29293763264312,2,V
3071,-61.43350201396544,15.367391001110036,,-53.4942852335432,-53.4942852335432,2,V
3072,-61.43350201396544,15.367414226915397,,-57.59776704220867,-57.59776704220867,2,V
3073,-61.433502013965445,15.367437452720758,,-55.99773317992673,-55.99773317992673,2,V
3074,-61.43350201396544,15.367460678526118,,-56.64147288912173,-56.64147288912173,2,V
3075,-61.43350201396544,15.367483904331479,,-54.94226576651518,-54.94226576651518,2,V
3076,-61.43350201396544,15.36750713013684,,-54.84078086063066,-54.84078086063066,2,V
3077,-61.43350201396544,15.3675303559422,,-52.02000967761699,-52.02000967761699,2,V
3078,-61.43350201396544,15.367553581747561,,-56.39275825608622,-56.39275825608622,2,V
3079,-61.43350201396544,15.367576807552922,,-53.610314065400566,-53.610314065400566,2,V
3080,-61.43350201396544,15.367600033358283,,-55.03016987462283,-55.03016987462283,2,V
3081,-61.43350201396544,15.367623259163643,,-53.234238112128075,-53.234238112128075,2,V
3082,-61.43350201396544,15.367646484969004,,-56.812316811594336,-56.812316811594336,2,V
3083,-61.43350201396544,15.367669710774365,,-56.85131513338776,-56.85131513338776,2,V
3084,-61.433502013965445,15.367692936579726,,-55.21277711317439,-55.21277711317439,2,V
3085,-61.43350201396544,15.367716162385085,,-53.659774751744635,-53.659774751744635,2,V
3086,-61.43350201396544,15.367739388190445,,-59.35391688399041,-59.35391688399041,2,V
3087,-61.43350201396544,15.367762613995808,,-52.75652910900559,-52.75652910900559,2,V
3088,-61.43350201396544,15.367785839801169,,-54.73506366804304,-54.73506366804304,2,V
3089,-61.43350201396544,15.36780906560653,,-53.95246599678747,-53.95246599678747,2,V
3090,-61.43350201396544,15.36783229141189,,-56.82836471348581,-56.82836471348581,2,V
3091,-61.433502013965445,15.36785551721725,,-58.160702640503644,-58.160702640503644,2,V
3092,-61.43350201396544,15.36787874302261,,-54.26979647832858,-54.26979647832858,2,V
3093,-61.43350201396544,15.36790196882797,,-55.634716023739905,-55.634716023739905,2,V
3094,-61.43350201396544,15.367925194633333,,-56.220946227073746,-56.220946227073746,2,V
3095,-61.43350201396544,15.367948420438694,,-54.47886475170706,-54.47886475170706,2,V
3096,-61.43350201396544,15.367971646244055,,-53.09628744453796,-53.09628744453796,2,V
3097,-61.43350201396544,15.367994872049415,,-55.50360713013391,-55.50360713013391,2,V
3098,-61.43350201396544,15.368018097854776,,-53.195436357266665,-53.195436357266665,2,V
3099,-61.43350201396544,15.368041323660135,,-56.91589648115398,-56.91589648115398,2,V
3100,-61.43350201396544,15.368064549465496,,-58.04553984353067,-58.04553984353067,2,V
3101,-61.43350201396544,15.368087775270858,,-56.76154502397536,-56.76154502397536,2,V
3102,-61.433502013965445,15.368111001076217,,-57.76394230027785,-57.76394230027785,2,V
3103,-61.43350201396544,15.368134226881576,,-54.46128441658175,-54.46128441658175,2,V
3104,-61.43350201396544,15.36815745268694,,-55.32927315084831,-55.32927315084831,2,V
3105,-61.43350201396544,15.368180678492301,,-56.443987169108794,-56.443987169108794,2,V
3106,-61.43350201396544,15.36820390429766,,-56.0369892616434,-56.0369892616434,2,V
3107,-61.43350201396544,15.36822713010302,,-55.75912095325252,-55.75912095325252,2,V
3108,-61.43350201396544,15.368250355908383,,-61.45631911172663,-61.45631911172663,2,V
3109,-61.433502013965445,15.368273581713742,,-56.24301677149798,-56.24301677149798,2,V
3110,-61.43350201396544,15.368296807519101,,-56.41970997444824,-56.41970997444824,2,V
3111,-61.43350201396544,15.368320033324462,,-55.82102067150878,-55.82102067150878,2,V
3112,-61.43350201396544,15.368343259129826,,-57.039251983986446,-57.039251983986446,2,V
3113,-61.43350201396544,15.368366484935185,,-55.392141914376175,-55.392141914376175,2,V
3114,-61.43350201396544,15.368389710740546,,-56.75732032158662,-56.75732032158662,2,V
3115,-61.43350201396544,15.368412936545909,,-56.54081379065625,-56.54081379065625,2,V
3116,-61.43350201396544,15.368436162351268,,-55.652672599778846,-55.652672599778846,2,V
3117,-61.43350201396544,15.368459388156626,,-54.78611555202065,-54.78611555202065,2,V
3118,-61.43350201396544,15.368482613961987,,-53.94142936231179,-53.94142936231179,2,V
3119,-61.43350201396544,15.368505839767348,,-56.09924376130397,-56.09924376130397,2,V
3120,-61.433502013965445,15.368529065572709,,-54.969771783133424,-54.969771783133424,2,V
3121,-61.43350201396544,15.368552291378071,,-56.31068322694464,-56.31068322694464,2,V
3122,-61.433502013965445,15.368575517183434,,-57.808804011407666,-57.808804011407666,2,V
3123,-61.43350201396544,15.368598742988793,,-58.74603856701035,-58.74603856701035,2,V
3124,-61.43350201396544,15.368621968794152,,-52.07357402397442,-52.07357402397442,2,V
3125,-61.43350201396544,15.368645194599512,,-58.15476431894599,-58.15476431894599,2,V
3126,-61.43350201396544,15.368668420404873,,-56.60088249452983,-56.60088249452983,2,V
3127,-61.43350201396544,15.368691646210234,,-57.503001475283575,-57.503001475283575,2,V
3128,-61.43350201396544,15.368714872015595,,-57.13475712727704,-57.13475712727704,2,V
3129,-61.433502013965445,15.368738097820959,,-57.06379932115914,-57.06379932115914,2,V
3130,-61.43350201396544,15.368761323626318,,-54.357499216156775,-54.357499216156775,2,V
3131,-61.43350201396544,15.368784549431677,,-55.26661974751018,-55.26661974751018,2,V
3132,-61.43350201396544,15.368807775237038,,-59.54781497112386,-59.54781497112386,2,V
3133,-61.43350201396544,15.368831001042398,,-56.039036528093135,-56.039036528093135,2,V
3134,-61.43350201396544,15.368854226847759,,-55.95253050033507,-55.95253050033507,2,V
3135,-61.43350201396544,15.36887745265312,,-55.398589476114594,-55.398589476114594,2,V
3136,-61.43350201396544,15.36890067845848,,-55.13002178650452,-55.13002178650452,2,V
3137,-61.43350201396544,15.368923904263843,,-54.833326533988,-54.833326533988,2,V
3138,-61.43350201396544,15.368947130069202,,-53.934411839576555,-53.934411839576555,2,V
3139,-61.43350201396544,15.368970355874563,,-54.7053397212277,-54.7053397212277,2,V
3140,-61.433502013965445,15.368993581679923,,-52.15116596356139,-52.15116596356139,2,V
3141,-61.43350201396544,15.369016807485284,,-53.838156930513556,-53.838156930513556,2,V
3142,-61.43350201396544,15.369040033290645,,-52.8460256197511,-52.8460256197511,2,V
3143,-61.43350201396544,15.369063259096006,,-58.48750834909201,-58.48750834909201,2,V
3144,-61.43350201396544,15.369086484901366,,-53.73347131907112,-53.73347131907112,2,V
3145,-61.43350201396544,15.369109710706727,,-57.088403979799814,-57.088403979799814,2,V
3146,-61.43350201396544,15.369132936512088,,-55.54104363882478,-55.54104363882478,2,V
3147,-61.433502013965445,15.369156162317449,,-57.657077262155035,-57.657077262155035,2,V
3148,-61.43350201396544,15.36917938812281,,-57.06036384306281,-57.06036384306281,2,V
3149,-61.43350201396544,15.36920261392817,,-52.75928991685112,-52.75928991685112,2,V
3150,-61.43350201396544,15.36922583973353,,-54.6706638627355,-54.6706638627355,2,V
3151,-61.43350201396544,15.369249065538892,,-55.91681188659156,-55.91681188659156,2,V
3152,-61.43350201396544,15.369272291344252,,-55.97106556801917,-55.97106556801917,2,V
3153,-61.43350201396544,15.369295517149611,,-55.18009814787079,-55.18009814787079,2,V
3154,-61.43350201396544,15.369318742954974,,-53.48517994019523,-53.48517994019523,2,V
3155,-61.43350201396544,15.369341968760335,,-55.923352980482264,-55.923352980482264,2,V
3156,-61.43350201396544,15.369365194565695,,-58.72208135605412,-58.72208135605412,2,V
3157,-61.43350201396544,15.369388420371056,,-57.42700241433642,-57.42700241433642,2,V
3158,-61.433502013965445,15.369411646176417,,-56.54914019058242,-56.54914019058242,2,V
3159,-61.43350201396544,15.369434871981777,,-57.74831342180157,-57.74831342180157,2,V
3160,-61.43350201396544,15.369458097787136,,-57.33282665979475,-57.33282665979475,2,V
3161,-61.43350201396544,15.369481323592497,,-58.40353291740253,-58.40353291740253,2,V
3162,-61.43350201396544,15.36950454939786,,-56.30229478416136,-56.30229478416136,2,V
3163,-61.43350201396544,15.36952777520322,,-58.59932276429287,-58.59932276429287,2,V
3164,-61.43350201396544,15.369551001008581,,-57.915222900471534,-57.915222900471534,2,V
3165,-61.43350201396544,15.369574226813942,,-55.80083198841397,-55.80083198841397,2,V
3166,-61.43350201396544,15.369597452619303,,-56.15632978805134,-56.15632978805134,2,V
3167,-61.43350201396544,15.369620678424662,,-56.818740682945,-56.818740682945,2,V
3168,-61.43350201396544,15.369643904230022,,-54.254578978778646,-54.254578978778646,2,V
3169,-61.433502013965445,15.369667130035385,,-56.52451688430766,-56.52451688430766,2,V
3170,-61.43350201396544,15.369690355840746,,-58.576116373726,-58.576116373726,2,V
3171,-61.43350201396544,15.369713581646106,,-56.34723324897009,-56.34723324897009,2,V
3172,-61.43350201396544,15.369736807451467,,-56.753356860652524,-56.753356860652524,2,V
3173,-61.43350201396544,15.369760033256828,,-57.67629934858013,-57.67629934858013,2,V
3174,-61.43350201396544,15.369783259062187,,-56.38010013834939,-56.38010013834939,2,V
3175,-61.43350201396544,15.369806484867548,,-56.76956913303414,-56.76956913303414,2,V
3176,-61.433502013965445,15.36982971067291,,-56.72033736344135,-56.72033736344135,2,V
3177,-61.43350201396544,15.369852936478269,,-57.155991953263815,-57.155991953263815,2,V
3178,-61.43350201396544,15.369876162283628,,-57.24812318019692,-57.24812318019692,2,V
3179,-61.43350201396544,15.36989938808899,,-56.283416889010596,-56.283416889010596,2,V
3180,-61.43350201396544,15.369922613894353,,-51.92154182944827,-51.92154182944827,2,V
3181,-61.43350201396544,15.369945839699712,,-58.13369959014945,-58.13369959014945,2,V
3182,-61.43350201396544,15.369969065505073,,-51.39478538422028,-51.39478538422028,2,V
3183,-61.43350201396544,15.369992291310435,,-57.82048855247892,-57.82048855247892,2,V
3184,-61.43350201396544,15.370015517115794,,-54.371383101733336,-54.371383101733336,2,V
3185,-61.43350201396544,15.370038742921153,,-56.06228140353749,-56.06228140353749,2,V
3186,-61.43350201396544,15.370061968726514,,-57.593510009857575,-57.593510009857575,2,V
3187,-61.433502013965445,15.370085194531876,,-59.31724053087732,-59.31724053087732,2,V
3188,-61.43350201396544,15.370108420337237,,-54.86256537330359,-54.86256537330359,2,V
3189,-61.43350201396544,15.370131646142598,,-56.68345357521524,-56.68345357521524,2,V
3190,-61.43350201396544,15.37015487194796,,-54.47700530454162,-54.47700530454162,2,V
3191,-61.43350201396544,15.37017809775332,,-57.06028540590587,-57.06028540590587,2,V
3192,-61.43350201396544,15.370201323558678,,-56.39896897700882,-56.39896897700882,2,V
3193,-61.43350201396544,15.370224549364039,,-55.15431860854022,-55.15431860854022,2,V
3194,-61.433502013965445,15.3702477751694,,-58.05721726894469,-58.05721726894469,2,V
3195,-61.43350201396544,15.37027100097476,,-53.48116818943756,-53.48116818943756,2,V
3196,-61.43350201396544,15.370294226780123,,-54.76330619788107,-54.76330619788107,2,V
3197,-61.43350201396544,15.370317452585486,,-56.88158237383391,-56.88158237383391,2,V
3198,-61.433502013965445,15.370340678390845,,-58.84429118595176,-58.84429118595176,2,V
3199,-61.43350201396544,15.370363904196203,,-56.780505331143104,-56.780505331143104,2,V
3200,-61.43350201396544,15.370387130001564,,-55.9197161330442,-55.9197161330442,2,V
3201,-61.43350201396544,15.370410355806925,,-56.07623698435841,-56.07623698435841,2,V
3202,-61.43350201396544,15.370433581612286,,-55.32587322755562,-55.32587322755562,2,V
3203,-61.43350201396544,15.370456807417646,,-56.187896248295445,-56.187896248295445,2,V
3204,-61.43350201396544,15.370480033223007,,-56.70572180146263,-56.70572180146263,2,V
3205,-61.433502013965445,15.37050325902837,,-56.759955050719014,-56.759955050719014,2,V
3206,-61.43350201396544,15.370526484833729,,-58.86174997574241,-58.86174997574241,2,V
3207,-61.43350201396544,15.37054971063909,,-56.68122544411721,-56.68122544411721,2,V
3208,-61.43350201396544,15.37057293644445,,-51.4252835958784,-51.4252835958784,2,V
3209,-61.43350201396544,15.37059616224981,,-61.938219249838525,-61.938219249838525,2,V
3210,-61.43350201396544,15.370619388055172,,-51.394092657687075,-51.394092657687075,2,V
3211,-61.43350201396544,15.370642613860532,,-54.835424817714646,-54.835424817714646,2,V
3212,-61.43350201396544,15.370665839665893,,-58.884594904589996,-58.884594904589996,2,V
3213,-61.43350201396544,15.370689065471254,,-55.39363304154957,-55.39363304154957,2,V
3214,-61.43350201396544,15.370712291276615,,-55.219554170321544,-55.219554170321544,2,V
3215,-61.43350201396544,15.370735517081975,,-55.81659457271689,-55.81659457271689,2,V
3216,-61.433502013965445,15.370758742887336,,-58.77398293628629,-58.77398293628629,2,V
3217,-61.43350201396544,15.370781968692697,,-55.60143181993606,-55.60143181993606,2,V
3218,-61.43350201396544,15.370805194498057,,-56.64347370589279,-56.64347370589279,2,V
3219,-61.43350201396544,15.370828420303418,,-60.23851485852903,-60.23851485852903,2,V
3220,-61.43350201396544,15.370851646108779,,-55.23750153780077,-55.23750153780077,2,V
3221,-61.43350201396544,15.37087487191414,,-61.533573955496905,-61.533573955496905,2,V
3222,-61.43350201396544,15.3708980977195,,-54.55236547926389,-54.55236547926389,2,V
3223,-61.433502013965445,15.370921323524861,,-53.36160950052791,-53.36160950052791,2,V
3224,-61.43350201396544,15.370944549330222,,-57.293168773194104,-57.293168773194104,2,V
3225,-61.43350201396544,15.370967775135583,,-57.25389160060743,-57.25389160060743,2,V
3226,-61.43350201396544,15.370991000940943,,-56.71819564778824,-56.71819564778824,2,V
3227,-61.43350201396544,15.371014226746304,,-56.024446610904434,-56.024446610904434,2,V
3228,-61.43350201396544,15.371037452551665,,-58.94251070400453,-58.94251070400453,2,V
3229,-61.43350201396544,15.371060678357026,,-54.63211293108412,-54.63211293108412,2,V
3230,-61.43350201396544,15.371083904162386,,-59.09963195127563,-59.09963195127563,2,V
3231,-61.43350201396544,15.371107129967747,,-57.557479416194965,-57.557479416194965,2,V
3232,-61.43350201396544,15.371130355773108,,-55.212975188160094,-55.212975188160094,2,V
3233,-61.43350201396544,15.371153581578469,,-57.44345282991684,-57.44345282991684,2,V
3234,-61.433502013965445,15.37117680738383,,-54.715260249361314,-54.715260249361314,2,V
3235,-61.43350201396544,15.371200033189188,,-55.81431806813751,-55.81431806813751,2,V
3236,-61.43350201396544,15.371223258994549,,-60.758078905263666,-60.758078905263666,2,V
3237,-61.43350201396544,15.371246484799912,,-57.959848283932544,-57.959848283932544,2,V
3238,-61.43350201396544,15.371269710605272,,-57.52596850759397,-57.52596850759397,2,V
3239,-61.43350201396544,15.371292936410633,,-56.85584983021374,-56.85584983021374,2,V
3240,-61.43350201396544,15.371316162215994,,-56.444444715536974,-56.444444715536974,2,V
3241,-61.43350201396544,15.371339388021354,,-59.13197128262094,-59.13197128262094,2,V
3242,-61.43350201396544,15.371362613826713,,-56.77006844287084,-56.77006844287084,2,V
3243,-61.43350201396544,15.371385839632074,,-58.21146579041542,-58.21146579041542,2,V
3244,-61.43350201396544,15.371409065437437,,-54.293754101383925,-54.293754101383925,2,V
3245,-61.43350201396544,15.371432291242796,,-56.57784993147718,-56.57784993147718,2,V
3246,-61.43350201396544,15.371455517048155,,-57.46698803056271,-57.46698803056271,2,V
3247,-61.43350201396544,15.371478742853519,,-57.58197224948175,-57.58197224948175,2,V
3248,-61.43350201396544,15.37150196865888,,-55.62126454934494,-55.62126454934494,2,V
3249,-61.43350201396544,15.371525194464239,,-54.76313426327605,-54.76313426327605,2,V
3250,-61.43350201396544,15.3715484202696,,-56.19779235973242,-56.19779235973242,2,V
3251,-61.43350201396544,15.371571646074962,,-58.286422356698466,-58.286422356698466,2,V
3252,-61.433502013965445,15.37159487188032,,-54.81266244115049,-54.81266244115049,2,V
3253,-61.43350201396544,15.37161809768568,,-54.93603755212393,-54.93603755212393,2,V
3254,-61.433502013965445,15.371641323491042,,-55.26792936474333,-55.26792936474333,2,V
3255,-61.43350201396544,15.371664549296405,,-56.60483336750886,-56.60483336750886,2,V
3256,-61.43350201396544,15.371687775101764,,-55.96783987066643,-55.96783987066643,2,V
3257,-61.43350201396544,15.371711000907125,,-54.29912295403977,-54.29912295403977,2,V
3258,-61.43350201396544,15.371734226712487,,-54.56569347143473,-54.56569347143473,2,V
3259,-61.43350201396544,15.371757452517846,,-54.835620225867395,-54.835620225867395,2,V
3260,-61.43350201396544,15.371780678323205,,-59.30629791556889,-59.30629791556889,2,V
3261,-61.43350201396544,15.371803904128566,,-55.38499785188204,-55.38499785188204,2,V
3262,-61.43350201396544,15.371827129933928,,-55.85729440786997,-55.85729440786997,2,V
3263,-61.43350201396544,15.371850355739289,,-58.87930841608974,-58.87930841608974,2,V
3264,-61.43350201396544,15.37187358154465,,-59.28625593607832,-59.28625593607832,2,V
3265,-61.43350201396544,15.371896807350012,,-56.25790316061231,-56.25790316061231,2,V
3266,-61.43350201396544,15.371920033155371,,-57.05820058441112,-57.05820058441112,2,V
3267,-61.43350201396544,15.37194325896073,,-57.79039970286728,-57.79039970286728,2,V
3268,-61.43350201396544,15.37196648476609,,-56.209925903343205,-56.209925903343205,2,V
3269,-61.43350201396544,15.371989710571453,,-58.34942551987579,-58.34942551987579,2,V
3270,-61.43350201396544,15.372012936376812,,-55.74643859836726,-55.74643859836726,2,V
3271,-61.43350201396544,15.372036162182173,,-60.24112610314495,-60.24112610314495,2,V
3272,-61.433502013965445,15.372059387987537,,-58.22869983401785,-58.22869983401785,2,V
3273,-61.43350201396544,15.372082613792896,,-57.172440654284586,-57.172440654284586,2,V
3274,-61.43350201396544,15.372105839598255,,-58.07232062159147,-58.07232062159147,2,V
3275,-61.43350201396544,15.372129065403616,,-56.351863766598115,-56.351863766598115,2,V
3276,-61.43350201396544,15.372152291208977,,-55.95495364499277,-55.95495364499277,2,V
3277,-61.43350201396544,15.372175517014337,,-60.25913622370097,-60.25913622370097,2,V
3278,-61.43350201396544,15.372198742819698,,-58.53823373616025,-58.53823373616025,2,V
3279,-61.43350201396544,15.372221968625059,,-58.42286294213292,-58.42286294213292,2,V
3280,-61.43350201396544,15.372245194430421,,-57.72971544986711,-57.72971544986711,2,V
3281,-61.43350201396544,15.37226842023578,,-60.375539570093395,-60.375539570093395,2,V
3282,-61.43350201396544,15.372291646041141,,-59.4413807810987,-59.4413807810987,2,V
3283,-61.433502013965445,15.372314871846502,,-61.20629548671355,-61.20629548671355,2,V
3284,-61.43350201396544,15.372338097651863,,-60.42654047923896,-60.42654047923896,2,V
3285,-61.43350201396544,15.372361323457223,,-59.270550016862686,-59.270550016862686,2,V
3286,-61.43350201396544,15.372384549262584,,-56.242307172220016,-56.242307172220016,2,V
3287,-61.43350201396544,15.372407775067945,,-56.65530027522162,-56.65530027522162,2,V
3288,-61.43350201396544,15.372431000873306,,-58.969766395945584,-58.969766395945584,2,V
3289,-61.43350201396544,15.372454226678666,,-60.51839549151145,-60.51839549151145,2,V
3290,-61.433502013965445,15.372477452484027,,-61.19636993708699,-61.19636993708699,2,V
3291,-61.43350201396544,15.372500678289388,,-58.98811168651635,-58.98811168651635,2,V
3292,-61.43350201396544,15.372523904094749,,-58.38707983721458,-58.38707983721458,2,V
3293,-61.43350201396544,15.37254712990011,,-57.77683515443409,-57.77683515443409,2,V
3294,-61.43350201396544,15.37257035570547,,-58.50605878492144,-58.50605878492144,2,V
3295,-61.43350201396544,15.37259358151083,,-56.6222431038137,-56.6222431038137,2,V
3296,-61.43350201396544,15.372616807316192,,-55.940344131848924,-55.940344131848924,2,V
3297,-61.43350201396544,15.372640033121552,,-58.46195058952091,-58.46195058952091,2,V
3298,-61.43350201396544,15.372663258926913,,-53.92757133262473,-53.92757133262473,2,V
3299,-61.43350201396544,15.372686484732274,,-54.668658886425426,-54.668658886425426,2,V
3300,-61.43350201396544,15.372709710537634,,-61.098701025252225,-61.098701025252225,2,V
3301,-61.433502013965445,15.372732936342995,,-61.152978184475984,-61.152978184475984,2,V
3302,-61.43350201396544,15.372756162148356,,-60.38451219313669,-60.38451219313669,2,V
3303,-61.43350201396544,15.372779387953717,,-53.770992654629495,-53.770992654629495,2,V
3304,-61.43350201396544,15.372802613759077,,-59.1718235081063,-59.1718235081063,2,V
3305,-61.43350201396544,15.372825839564438,,-58.48015017789042,-58.48015017789042,2,V
3306,-61.43350201396544,15.372849065369799,,-59.04368170585006,-59.04368170585006,2,V
3307,-61.43350201396544,15.37287229117516,,-56.46058239353634,-56.46058239353634,2,V
3308,-61.433502013965445,15.37289551698052,,-57.159841883005804,-57.159841883005804,2,V
3309,-61.43350201396544,15.372918742785881,,-62.32565388205578,-62.32565388205578,2,V
3310,-61.43350201396544,15.372941968591242,,-54.432965126391906,-54.432965126391906,2,V
3311,-61.43350201396544,15.3729651943966,,-54.177859609909405,-54.177859609909405,2,V
3312,-61.43350201396544,15.372988420201963,,-56.964995226042305,-56.964995226042305,2,V
3313,-61.43350201396544,15.373011646007322,,-58.429727434956376,-58.429727434956376,2,V
3314,-61.43350201396544,15.373034871812685,,-53.96778900106869,-53.96778900106869,2,V
3315,-61.43350201396544,15.373058097618046,,-57.76819142766119,-57.76819142766119,2,V
3316,-61.43350201396544,15.373081323423406,,-56.38021015292109,-56.38021015292109,2,V
3317,-61.43350201396544,15.373104549228765,,-56.16674986385863,-56.16674986385863,2,V
3318,-61.43350201396544,15.373127775034126,,-58.0974311998305,-58.0974311998305,2,V
3319,-61.433502013965445,15.373151000839488,,-57.73063698614576,-57.73063698614576,2,V
3320,-61.43350201396544,15.373174226644847,,-58.26097026294274,-58.26097026294274,2,V
3321,-61.43350201396544,15.373197452450206,,-60.7208742392457,-60.7208742392457,2,V
3322,-61.43350201396544,15.373220678255569,,-56.61745758790121,-56.61745758790121,2,V
3323,-61.43350201396544,15.373243904060931,,-58.038061913878146,-58.038061913878146,2,V
3324,-61.43350201396544,15.37326712986629,,-59.35922804279589,-59.35922804279589,2,V
3325,-61.43350201396544,15.373290355671651,,-58.67495290158231,-58.67495290158231,2,V
3326,-61.43350201396544,15.373313581477014,,-57.69595826351692,-57.69595826351692,2,V
3327,-61.43350201396544,15.373336807282374,,-55.548991916246884,-55.548991916246884,2,V
3328,-61.43350201396544,15.373360033087732,,-56.263073154141686,-56.263073154141686,2,V
3329,-61.43350201396544,15.373383258893094,,-61.84470239746202,-61.84470239746202,2,V
3330,-61.433502013965445,15.373406484698455,,-58.50528962831908,-58.50528962831908,2,V
3331,-61.43350201396544,15.373429710503816,,-57.82615525435626,-57.82615525435626,2,V
3332,-61.43350201396544,15.373452936309176,,-56.76168030970155,-56.76168030970155,2,V
4138,-61.43350201396544,15.392172935429892,,-70.6396740871212,-70.6396740871212,2,V
4139,-61.43350201396544,15.392196161235253,,-70.97038749299016,-70.97038749299016,2,V
4140,-61.43350201396544,15.392219387040615,,-74.10892603711945,-74.10892603711945,2,V
4141,-61.43350201396544,15.392242612845974,,-66.48883530696706,-66.48883530696706,2,V
4142,-61.43350201396544,15.392265838651333,,-68.45049775843137,-68.45049775843137,2,V
4143,-61.43350201396544,15.392289064456694,,-68.76789511513266,-68.76789511513266,2,V
4144,-61.433502013965445,15.392312290262055,,-67.90340217050115,-67.90340217050115,2,V
4145,-61.43350201396544,15.392335516067416,,-69.50741226144923,-69.50741226144923,2,V
4146,-61.43350201396544,15.392358741872778,,-67.62356125129081,-67.62356125129081,2,V
4147,-61.43350201396544,15.392381967678139,,-67.49554285209254,-67.49554285209254,2,V
4148,-61.43350201396544,15.3924051934835,,-69.16527156657277,-69.16527156657277,2,V
4149,-61.43350201396544,15.392428419288859,,-67.23037608196915,-67.23037608196915,2,V
4150,-61.43350201396544,15.39245164509422,,-71.12170452384304,-71.12170452384304,2,V
4151,-61.433502013965445,15.39247487089958,,-64.75847746824208,-64.75847746824208,2,V
4152,-61.43350201396544,15.39249809670494,,-69.55644247135,-69.55644247135,2,V
4153,-61.43350201396544,15.392521322510301,,-69.99548317493233,-69.99548317493233,2,V
4154,-61.43350201396544,15.392544548315662,,-68.22706446864933,-68.22706446864933,2,V
4155,-61.433502013965445,15.392567774121025,,-70.24813938428879,-70.24813938428879,2,V
4156,-61.43350201396544,15.392590999926384,,-66.96660762010491,-66.96660762010491,2,V
4157,-61.43350201396544,15.392614225731744,,-67.27333957613611,-67.27333957613611,2,V
4158,-61.43350201396544,15.392637451537105,,-70.51454145866347,-70.51454145866347,2,V
4159,-61.43350201396544,15.392660677342466,,-65.79739890105368,-65.79739890105368,2,V
4160,-61.43350201396544,15.392683903147827,,-70.16132171010439,-70.16132171010439,2,V
4161,-61.43350201396544,15.392707128953187,,-74.67752912909738,-74.67752912909738,2,V
4162,-61.433502013965445,15.392730354758548,,-67.79469164653538,-67.79469164653538,2,V
4163,-61.43350201396544,15.392753580563909,,-73.70977197755754,-73.70977197755754,2,V
4164,-61.43350201396544,15.39277680636927,,-70.7531976072539,-70.7531976072539,2,V
4165,-61.43350201396544,15.39280003217463,,-76.26459046564463,-76.26459046564463,2,V
4166,-61.43350201396544,15.392823257979991,,-69.05671647055595,-69.05671647055595,2,V
4167,-61.43350201396544,15.392846483785352,,-68.8322019251579,-68.8322019251579,2,V
4168,-61.43350201396544,15.392869709590713,,-69.54137449296519,-69.54137449296519,2,V
4169,-61.43350201396544,15.392892935396073,,-72.61119860567688,-72.61119860567688,2,V
4170,-61.43350201396544,15.392916161201434,,-68.22913041685018,-68.22913041685018,2,V
4171,-61.43350201396544,15.392939387006793,,-68.67754309486902,-68.67754309486902,2,V
4172,-61.43350201396544,15.392962612812155,,-67.93285729887845,-67.93285729887845,2,V
4173,-61.433502013965445,15.392985838617516,,-69.9422172442691,-69.9422172442691,2,V
4174,-61.43350201396544,15.393009064422877,,-74.62509544592568,-74.62509544592568,2,V
4175,-61.43350201396544,15.393032290228238,,-71.6139755227823,-71.6139755227823,2,V
4176,-61.43350201396544,15.393055516033598,,-65.37052699914398,-65.37052699914398,2,V
4177,-61.43350201396544,15.39307874183896,,-72.28145465505148,-72.28145465505148,2,V
4178,-61.43350201396544,15.393101967644318,,-68.56675961159017,-68.56675961159017,2,V
4179,-61.43350201396544,15.39312519344968,,-68.50558432594559,-68.50558432594559,2,V
4180,-61.433502013965445,15.393148419255041,,-71.99336013684469,-71.99336013684469,2,V
4181,-61.43350201396544,15.393171645060402,,-67.98719956269052,-67.98719956269052,2,V
4182,-61.43350201396544,15.393194870865763,,-67.53452249598631,-67.53452249598631,2,V
4183,-61.43350201396544,15.393218096671124,,-68.48265246929725,-68.48265246929725,2,V
4184,-61.43350201396544,15.393241322476484,,-70.25649362326735,-70.25649362326735,2,V
4185,-61.43350201396544,15.393264548281843,,-72.65555423669734,-72.65555423669734,2,V
4186,-61.43350201396544,15.393287774087206,,-71.52093379386146,-71.52093379386146,2,V
4187,-61.43350201396544,15.393310999892567,,-70.2595585843471,-70.2595585843471,2,V
4188,-61.43350201396544,15.393334225697924,,-66.03055531586833,-66.03055531586833,2,V
4189,-61.43350201396544,15.393357451503288,,-71.94902255992828,-71.94902255992828,2,V
4190,-61.43350201396544,15.393380677308649,,-73.60566630676564,-73.60566630676564,2,V
4191,-61.433502013965445,15.39340390311401,,-73.84968076697203,-73.84968076697203,2,V
4192,-61.43350201396544,15.393427128919368,,-69.975141314353,-69.975141314353,2,V
4193,-61.43350201396544,15.39345035472473,,-66.2174106049107,-66.2174106049107,2,V
4194,-61.43350201396544,15.393473580530092,,-72.97010846233027,-72.97010846233027,2,V
4195,-61.43350201396544,15.393496806335449,,-71.06713840414201,-71.06713840414201,2,V
4196,-61.43350201396544,15.39352003214081,,-68.54630093318211,-68.54630093318211,2,V
4197,-61.43350201396544,15.393543257946174,,-69.64126840892838,-69.64126840892838,2,V
4198,-61.43350201396544,15.393566483751535,,-70.49888524327065,-70.49888524327065,2,V
4199,-61.43350201396544,15.393589709556894,,-71.07997792710968,-71.07997792710968,2,V
4200,-61.43350201396544,15.393612935362254,,-69.35996670739151,-69.35996670739151,2,V
4201,-61.43350201396544,15.393636161167617,,-69.14110792412093,-69.14110792412093,2,V
4202,-61.433502013965445,15.393659386972976,,-67.44662165645936,-67.44662165645936,2,V
4203,-61.43350201396544,15.393682612778335,,-68.77787093145496,-68.77787093145496,2,V
4204,-61.43350201396544,15.393705838583697,,-70.84838095551262,-70.84838095551262,2,V
4205,-61.43350201396544,15.393729064389056,,-67.89767343970098,-67.89767343970098,2,V
4206,-61.43350201396544,15.393752290194419,,-73.22028956495998,-73.22028956495998,2,V
4207,-61.43350201396544,15.39377551599978,,-73.99364398216261,-73.99364398216261,2,V
4208,-61.43350201396544,15.393798741805142,,-72.58838958007424,-72.58838958007424,2,V
4209,-61.433502013965445,15.393821967610501,,-73.36629190199174,-73.36629190199174,2,V
4210,-61.43350201396544,15.39384519341586,,-72.21230097378712,-72.21230097378712,2,V
4211,-61.433502013965445,15.393868419221223,,-68.67138322982369,-68.67138322982369,2,V
4212,-61.43350201396544,15.393891645026581,,-72.1791536943942,-72.1791536943942,2,V
4213,-61.43350201396544,15.393914870831942,,-69.47326300382004,-69.47326300382004,2,V
4214,-61.43350201396544,15.393938096637305,,-72.37626379616044,-72.37626379616044,2,V
4215,-61.43350201396544,15.393961322442667,,-67.76598430598912,-67.76598430598912,2,V
4216,-61.43350201396544,15.393984548248026,,-72.95576779429757,-72.95576779429757,2,V
4217,-61.43350201396544,15.394007774053385,,-70.73896839147741,-70.73896839147741,2,V
4218,-61.43350201396544,15.394030999858746,,-70.68858802792764,-70.68858802792764,2,V
4219,-61.43350201396544,15.394054225664107,,-68.29222996348473,-68.29222996348473,2,V
4220,-61.43350201396544,15.394077451469467,,-69.30194080346953,-69.30194080346953,2,V
4221,-61.43350201396544,15.394100677274828,,-72.47525580203133,-72.47525580203133,2,V
4222,-61.43350201396544,15.394123903080192,,-67.4631976082604,-67.4631976082604,2,V
4223,-61.43350201396544,15.394147128885551,,-69.41547693860572,-69.41547693860572,2,V
4224,-61.43350201396544,15.39417035469091,,-68.99372398375584,-68.99372398375584,2,V
4225,-61.43350201396544,15.394193580496271,,-68.12771511278581,-68.12771511278581,2,V
4226,-61.43350201396544,15.394216806301632,,-71.17833995337553,-71.17833995337553,2,V
4227,-61.433502013965445,15.394240032106993,,-71.34820405393157,-71.34820405393157,2,V
4228,-61.43350201396544,15.394263257912353,,-69.79649065700222,-69.79649065700222,2,V
4229,-61.433502013965445,15.394286483717714,,-71.26743835191508,-71.26743835191508,2,V
4230,-61.43350201396544,15.394309709523075,,-68.93752191457673,-68.93752191457673,2,V
4231,-61.43350201396544,15.394332935328435,,-68.74025796914619,-68.74025796914619,2,V
4232,-61.43350201396544,15.394356161133796,,-72.60388915744912,-72.60388915744912,2,V
4233,-61.43350201396544,15.394379386939157,,-72.82367075700725,-72.82367075700725,2,V
4234,-61.43350201396544,15.394402612744518,,-71.36405760359528,-71.36405760359528,2,V
4235,-61.43350201396544,15.394425838549878,,-69.6267779699359,-69.6267779699359,2,V
4236,-61.43350201396544,15.39444906435524,,-70.21849003023975,-70.21849003023975,2,V
4237,-61.43350201396544,15.3944722901606,,-71.96006589591005,-71.96006589591005,2,V
4238,-61.43350201396544,15.39449551596596,,-70.05432815363388,-70.05432815363388,2,V
4239,-61.43350201396544,15.394518741771321,,-73.27028702925212,-73.27028702925212,2,V
4240,-61.433502013965445,15.394541967576682,,-72.04104019377867,-72.04104019377867,2,V
4241,-61.43350201396544,15.394565193382043,,-70.72411935919479,-70.72411935919479,2,V
4242,-61.43350201396544,15.394588419187404,,-70.40291528636897,-70.40291528636897,2,V
4243,-61.43350201396544,15.394611644992764,,-70.94067327584335,-70.94067327584335,2,V
4244,-61.43350201396544,15.394634870798125,,-69.27399622550077,-69.27399622550077,2,V
4245,-61.43350201396544,15.394658096603486,,-68.7715893209985,-68.7715893209985,2,V
4246,-61.43350201396544,15.394681322408845,,-71.0163714491563,-71.0163714491563,2,V
4247,-61.433502013965445,15.394704548214207,,-74.6476525278076,-74.6476525278076,2,V
4248,-61.43350201396544,15.394727774019568,,-66.85959831993046,-66.85959831993046,2,V
4249,-61.43350201396544,15.394750999824929,,-70.17354526796186,-70.17354526796186,2,V
4250,-61.43350201396544,15.39477422563029,,-70.47368795134491,-70.47368795134491,2,V
4251,-61.43350201396544,15.39479745143565,,-71.92412917174336,-71.92412917174336,2,V
4252,-61.43350201396544,15.394820677241011,,-69.42092051204109,-69.42092051204109,2,V
4253,-61.43350201396544,15.39484390304637,,-72.69087039229218,-72.69087039229218,2,V
4254,-61.43350201396544,15.394867128851732,,-71.75132713324489,-71.75132713324489,2,V
4255,-61.43350201396544,15.394890354657093,,-70.58291075957992,-70.58291075957992,2,V
4256,-61.43350201396544,15.394913580462454,,-71.20867525318027,-71.20867525318027,2,V
4257,-61.43350201396544,15.394936806267815,,-69.91671587202252,-69.91671587202252,2,V
4258,-61.433502013965445,15.394960032073175,,-68.2179729767081,-68.2179729767081,2,V
4259,-61.43350201396544,15.394983257878536,,-73.24266272577408,-73.24266272577408,2,V
4260,-61.43350201396544,15.395006483683895,,-69.63326666147834,-69.63326666147834,2,V
4261,-61.43350201396544,15.395029709489258,,-70.45330221978918,-70.45330221978918,2,V
4262,-61.43350201396544,15.395052935294618,,-71.73853790689152,-71.73853790689152,2,V
4263,-61.43350201396544,15.395076161099976,,-70.27331897951113,-70.27331897951113,2,V
4264,-61.43350201396544,15.39509938690534,,-71.64661533443734,-71.64661533443734,2,V
4265,-61.433502013965445,15.3951226127107,,-70.6052496790896,-70.6052496790896,2,V
4266,-61.43350201396544,15.395145838516061,,-72.95180226234619,-72.95180226234619,2,V
4267,-61.43350201396544,15.39516906432142,,-71.82002662338212,-71.82002662338212,2,V
4268,-61.43350201396544,15.395192290126781,,-70.0332033016144,-70.0332033016144,2,V
4269,-61.43350201396544,15.395215515932144,,-74.79115926746992,-74.79115926746992,2,V
4270,-61.43350201396544,15.3952387417375,,-71.34877294282849,-71.34877294282849,2,V
4271,-61.43350201396544,15.395261967542861,,-76.17236805650266,-76.17236805650266,2,V
4272,-61.43350201396544,15.395285193348224,,-75.71285727757441,-75.71285727757441,2,V
4273,-61.43350201396544,15.395308419153586,,-69.36213843788676,-69.36213843788676,2,V
4274,-61.43350201396544,15.395331644958945,,-68.827132855958,-68.827132855958,2,V
4275,-61.43350201396544,15.395354870764306,,-70.68228888806975,-70.68228888806975,2,V
4276,-61.433502013965445,15.395378096569669,,-73.45009342118075,-73.45009342118075,2,V
4277,-61.43350201396544,15.395401322375028,,-72.37928722495717,-72.37928722495717,2,V
4278,-61.43350201396544,15.395424548180387,,-72.09920546168631,-72.09920546168631,2,V
4279,-61.43350201396544,15.39544777398575,,-72.7740121769754,-72.7740121769754,2,V
4280,-61.43350201396544,15.39547099979111,,-72.67554498063487,-72.67554498063487,2,V
4281,-61.43350201396544,15.39549422559647,,-70.90174512307412,-70.90174512307412,2,V
4282,-61.43350201396544,15.395517451401831,,-70.24324355139746,-70.24324355139746,2,V
4283,-61.43350201396544,15.395540677207194,,-71.81303953853065,-71.81303953853065,2,V
4284,-61.43350201396544,15.395563903012553,,-69.67070594128587,-69.67070594128587,2,V
4285,-61.43350201396544,15.395587128817912,,-70.61212748565887,-70.61212748565887,2,V
4286,-61.43350201396544,15.395610354623274,,-72.65781684433543,-72.65781684433543,2,V
4287,-61.433502013965445,15.395633580428633,,-71.86353959594041,-71.86353959594041,2,V
4288,-61.43350201396544,15.395656806233994,,-73.3233249110903,-73.3233249110903,2,V
4289,-61.43350201396544,15.395680032039357,,-71.67226185271412,-71.67226185271412,2,V
4290,-61.43350201396544,15.395703257844719,,-72.12972768713234,-72.12972768713234,2,V
4291,-61.43350201396544,15.395726483650078,,-72.49615711822425,-72.49615711822425,2,V
4292,-61.43350201396544,15.395749709455437,,-71.58953692430504,-71.58953692430504,2,V
4293,-61.43350201396544,15.395772935260798,,-74.95525631292772,-74.95525631292772,2,V
4294,-61.433502013965445,15.395796161066158,,-73.76223811472714,-73.76223811472714,2,V
4295,-61.43350201396544,15.39581938687152,,-72.68347662149775,-72.68347662149775,2,V
4296,-61.43350201396544,15.39584261267688,,-69.81974218270483,-69.81974218270483,2,V
4297,-61.43350201396544,15.39586583848224,,-73.09725956264813,-73.09725956264813,2,V
4298,-61.43350201396544,15.395889064287603,,-71.93370975148733,-71.93370975148733,2,V
4299,-61.43350201396544,15.395912290092962,,-75.0875481163466,-75.0875481163466,2,V
4300,-61.43350201396544,15.395935515898323,,-74.01702130127052,-74.01702130127052,2,V
4301,-61.43350201396544,15.395958741703684,,-72.1544727446699,-72.1544727446699,2,V
4302,-61.43350201396544,15.395981967509044,,-69.48643922840242,-69.48643922840242,2,V
4303,-61.43350201396544,15.396005193314405,,-73.99023004081094,-73.99023004081094,2,V
4304,-61.43350201396544,15.396028419119766,,-73.62717343940761,-73.62717343940761,2,V
4305,-61.433502013965445,15.396051644925127,,-72.0083085578231,-72.0083085578231,2,V
4306,-61.43350201396544,15.396074870730487,,-69.16116872106196,-69.16116872106196,2,V
4307,-61.43350201396544,15.396098096535848,,-73.7691190410043,-73.7691190410043,2,V
4308,-61.43350201396544,15.396121322341209,,-74.37697162467764,-74.37697162467764,2,V
4309,-61.43350201396544,15.39614454814657,,-68.8962359041608,-68.8962359041608,2,V
4310,-61.43350201396544,15.39616777395193,,-72.01510357071155,-72.01510357071155,2,V
4311,-61.43350201396544,15.396190999757291,,-66.79084597591164,-66.79084597591164,2,V
4312,-61.433502013965445,15.396214225562652,,-71.43862342374382,-71.43862342374382,2,V
4313,-61.43350201396544,15.396237451368012,,-74.96797252891896,-74.96797252891896,2,V
4314,-61.43350201396544,15.396260677173373,,-71.92037904662277,-71.92037904662277,2,V
4315,-61.43350201396544,15.396283902978734,,-73.67420119751681,-73.67420119751681,2,V
4316,-61.433502013965445,15.396307128784095,,-70.91059287525181,-70.91059287525181,2,V
4317,-61.43350201396544,15.396330354589455,,-73.26612756448037,-73.26612756448037,2,V
4318,-61.43350201396544,15.396353580394816,,-73.54408990591877,-73.54408990591877,2,V
4319,-61.43350201396544,15.396376806200177,,-72.82066542604846,-72.82066542604846,2,V
4320,-61.43350201396544,15.396400032005538,,-71.28247459103888,-71.28247459103888,2,V
4321,-61.43350201396544,15.396423257810898,,-70.94082841962472,-70.94082841962472,2,V
4322,-61.43350201396544,15.39644648361626,,-74.11476606763037,-74.11476606763037,2,V
4323,-61.433502013965445,15.39646970942162,,-74.5665246257212,-74.5665246257212,2,V
4324,-61.43350201396544,15.39649293522698,,-70.83000235078464,-70.83000235078464,2,V
4325,-61.43350201396544,15.396516161032341,,-68.90149891571731,-68.90149891571731,2,V
4326,-61.43350201396544,15.396539386837702,,-72.40137095429556,-72.40137095429556,2,V
4327,-61.43350201396544,15.396562612643063,,-74.54422054168643,-74.54422054168643,2,V
4328,-61.43350201396544,15.396585838448422,,-71.32712820589533,-71.32712820589533,2,V
4329,-61.43350201396544,15.396609064253784,,-73.94492790720346,-73.94492790720346,2,V
4330,-61.43350201396544,15.396632290059145,,-71.0725310039995,-71.0725310039995,2,V
4331,-61.43350201396544,15.396655515864504,,-70.30632477878936,-70.30632477878936,2,V
4332,-61.43350201396544,15.396678741669866,,-73.18621559767145,-73.18621559767145,2,V
4333,-61.43350201396544,15.396701967475227,,-75.02470273506707,-75.02470273506707,2,V
4334,-61.433502013965445,15.396725193280588,,-73.60646209815718,-73.60646209815718,2,V
4335,-61.43350201396544,15.396748419085947,,-72.6321789908915,-72.6321789908915,2,V
4336,-61.43350201396544,15.39677164489131,,-74.7415717582862,-74.7415717582862,2,V
4337,-61.43350201396544,15.39679487069667,,-70.7935640122305,-70.7935640122305,2,V
4338,-61.43350201396544,15.39681809650203,,-68.99713552498858,-68.99713552498858,2,V
4339,-61.43350201396544,15.396841322307388,,-70.50880123489875,-70.50880123489875,2,V
4340,-61.43350201396544,15.396864548112752,,-73.73790707909173,-73.73790707909173,2,V
4341,-61.433502013965445,15.396887773918113,,-70.9290447791343,-70.9290447791343,2,V
4342,-61.43350201396544,15.396910999723472,,-70.43626370350277,-70.43626370350277,2,V
4343,-61.43350201396544,15.396934225528833,,-75.06704219713201,-75.06704219713201,2,V
4344,-61.43350201396544,15.396957451334195,,-73.78871284403397,-73.78871284403397,2,V
4345,-61.43350201396544,15.396980677139553,,-71.43979064941757,-71.43979064941757,2,V
4346,-61.43350201396544,15.397003902944913,,-72.7700898401506,-72.7700898401506,2,V
4347,-61.43350201396544,15.397027128750276,,-74.1907965108708,-74.1907965108708,2,V
4348,-61.43350201396544,15.397050354555638,,-70.14695993483244,-70.14695993483244,2,V
4349,-61.43350201396544,15.397073580360997,,-72.87497832768348,-72.87497832768348,2,V
4350,-61.43350201396544,15.397096806166358,,-76.83772823318971,-76.83772823318971,2,V
4351,-61.43350201396544,15.39712003197172,,-73.07060937568308,-73.07060937568308,2,V
4352,-61.433502013965445,15.39714325777708,,-74.39609225344208,-74.39609225344208,2,V
4353,-61.43350201396544,15.397166483582438,,-75.72893286759913,-75.72893286759913,2,V
4354,-61.433502013965445,15.397189709387801,,-70.78255958358854,-70.78255958358854,2,V
4355,-61.43350201396544,15.397212935193162,,-69.36527438126939,-69.36527438126939,2,V
4356,-61.43350201396544,15.39723616099852,,-77.83575849893691,-77.83575849893691,2,V
4357,-61.43350201396544,15.397259386803883,,-72.72607327421406,-72.72607327421406,2,V
4358,-61.43350201396544,15.397282612609246,,-70.19410677670322,-70.19410677670322,2,V
4359,-61.43350201396544,15.397305838414605,,-72.32476032270404,-72.32476032270404,2,V
4360,-61.43350201396544,15.397329064219964,,-74.72001404288675,-74.72001404288675,2,V
4361,-61.433502013965445,15.397352290025326,,-72.71528589679437,-72.71528589679437,2,V
4362,-61.43350201396544,15.397375515830685,,-72.64639882179382,-72.64639882179382,2,V
4363,-61.43350201396544,15.397398741636046,,-74.79828747473958,-74.79828747473958,2,V
4364,-61.43350201396544,15.397421967441407,,-70.23758513611207,-70.23758513611207,2,V
4365,-61.43350201396544,15.39744519324677,,-71.6145213072697,-71.6145213072697,2,V
4366,-61.43350201396544,15.39746841905213,,-72.67791107823876,-72.67791107823876,2,V
4367,-61.43350201396544,15.397491644857489,,-76.00617819389882,-76.00617819389882,2,V
4368,-61.43350201396544,15.39751487066285,,-75.8521152111335,-75.8521152111335,2,V
4369,-61.43350201396544,15.39753809646821,,-71.09341468479849,-71.09341468479849,2,V
4370,-61.43350201396544,15.397561322273571,,-75.59734786927768,-75.59734786927768,2,V
4371,-61.43350201396544,15.397584548078932,,-72.22385031853497,-72.22385031853497,2,V
4372,-61.433502013965445,15.397607773884292,,-75.8361498013921,-75.8361498013921,2,V
4373,-61.43350201396544,15.397630999689653,,-69.57434300464251,-69.57434300464251,2,V
4374,-61.43350201396544,15.397654225495014,,-74.16264899218085,-74.16264899218085,2,V
4375,-61.43350201396544,15.397677451300375,,-72.78228359159877,-72.78228359159877,2,V
4376,-61.43350201396544,15.397700677105735,,-70.14249583003979,-70.14249583003979,2,V
4377,-61.43350201396544,15.397723902911096,,-76.27015076417997,-76.27015076417997,2,V
4378,-61.43350201396544,15.397747128716457,,-70.4333711387063,-70.4333711387063,2,V
4379,-61.433502013965445,15.397770354521818,,-71.65841217612797,-71.65841217612797,2,V
4380,-61.43350201396544,15.397793580327178,,-72.322249807015,-72.322249807015,2,V
4381,-61.43350201396544,15.39781680613254,,-72.76926311864953,-72.76926311864953,2,V
4382,-61.43350201396544,15.3978400319379,,-73.0707317024596,-73.0707317024596,2,V
4383,-61.43350201396544,15.39786325774326,,-76.51773344299065,-76.51773344299065,2,V
4384,-61.43350201396544,15.397886483548621,,-70.3385150492175,-70.3385150492175,2,V
4385,-61.43350201396544,15.397909709353982,,-71.43591075044023,-71.43591075044023,2,V
4386,-61.43350201396544,15.397932935159343,,-75.3307411728716,-75.3307411728716,2,V
4387,-61.43350201396544,15.397956160964704,,-78.97720496005368,-78.97720496005368,2,V
4388,-61.43350201396544,15.397979386770064,,-74.09028422625661,-74.09028422625661,2,V
4389,-61.43350201396544,15.398002612575425,,-74.6133194091859,-74.6133194091859,2,V
4390,-61.433502013965445,15.398025838380786,,-70.47209926661712,-70.47209926661712,2,V
4391,-61.43350201396544,15.398049064186146,,-72.0691987749288,-72.0691987749288,2,V
4392,-61.43350201396544,15.398072289991507,,-76.37188201107205,-76.37188201107205,2,V
4393,-61.43350201396544,15.398095515796868,,-70.3105061485512,-70.3105061485512,2,V
4394,-61.43350201396544,15.398118741602229,,-74.10600721129889,-74.10600721129889,2,V
4395,-61.43350201396544,15.39814196740759,,-75.33104469061679,-75.33104469061679,2,V
4396,-61.43350201396544,15.39816519321295,,-73.86140498023173,-73.86140498023173,2,V
4397,-61.43350201396544,15.398188419018311,,-77.38892164579387,-77.38892164579387,2,V
4398,-61.43350201396544,15.398211644823672,,-72.99861919599921,-72.99861919599921,2,V
4399,-61.43350201396544,15.398234870629032,,-73.0609592680014,-73.0609592680014,2,V
4400,-61.43350201396544,15.398258096434393,,-74.7851219802798,-74.7851219802798,2,V
4401,-61.433502013965445,15.398281322239754,,-75.7991513402148,-75.7991513402148,2,V
4402,-61.43350201396544,15.398304548045115,,-73.00333929294669,-73.00333929294669,2,V
4403,-61.43350201396544,15.398327773850474,,-74.39416607995318,-74.39416607995318,2,V
4404,-61.43350201396544,15.398350999655836,,-69.22457287084158,-69.22457287084158,2,V
4405,-61.43350201396544,15.398374225461197,,-76.08661992683446,-76.08661992683446,2,V
4406,-61.43350201396544,15.398397451266556,,-75.47717984444144,-75.47717984444144,2,V
4407,-61.43350201396544,15.398420677071918,,-74.54790080272062,-74.54790080272062,2,V
4408,-61.433502013965445,15.398443902877279,,-74.61698765775722,-74.61698765775722,2,V
4409,-61.43350201396544,15.39846712868264,,-77.58144605490932,-77.58144605490932,2,V
4410,-61.43350201396544,15.398490354487999,,-74.0146439362494,-74.0146439362494,2,V
4411,-61.43350201396544,15.398513580293361,,-75.69783618181934,-75.69783618181934,2,V
4412,-61.43350201396544,15.398536806098722,,-75.86446099384152,-75.86446099384152,2,V
4413,-61.43350201396544,15.398560031904081,,-72.18717097948745,-72.18717097948745,2,V
4414,-61.43350201396544,15.39858325770944,,-70.69483818368964,-70.69483818368964,2,V
4415,-61.43350201396544,15.398606483514802,,-74.17872652353637,-74.17872652353637,2,V
4416,-61.43350201396544,15.398629709320165,,-74.63859995932177,-74.63859995932177,2,V
4417,-61.43350201396544,15.398652935125524,,-70.46687542061457,-70.46687542061457,2,V
4418,-61.43350201396544,15.398676160930885,,-76.05886572053049,-76.05886572053049,2,V
4419,-61.433502013965445,15.398699386736247,,-77.6809365120045,-77.6809365120045,2,V
4420,-61.43350201396544,15.398722612541606,,-76.2331970642382,-76.2331970642382,2,V
4421,-61.43350201396544,15.398745838346965,,-76.72981659610633,-76.72981659610633,2,V
4422,-61.43350201396544,15.398769064152328,,-74.27569972566918,-74.27569972566918,2,V
4423,-61.43350201396544,15.398792289957688,,-76.0245603242987,-76.0245603242987,2,V
4424,-61.43350201396544,15.398815515763049,,-71.32168432225598,-71.32168432225598,2,V
4425,-61.43350201396544,15.39883874156841,,-73.51433153074929,-73.51433153074929,2,V
4426,-61.433502013965445,15.398861967373772,,-78.307116014109,-78.307116014109,2,V
4427,-61.43350201396544,15.398885193179131,,-74.94435216114837,-74.94435216114837,2,V
4428,-61.43350201396544,15.39890841898449,,-72.72186776795543,-72.72186776795543,2,V
4429,-61.43350201396544,15.398931644789853,,-74.21920401217014,-74.21920401217014,2,V
4430,-61.43350201396544,15.398954870595214,,-72.29846379538283,-72.29846379538283,2,V
4431,-61.43350201396544,15.398978096400572,,-74.1921917952879,-74.1921917952879,2,V
4432,-61.43350201396544,15.399001322205935,,-73.57430746168349,-73.57430746168349,2,V
4433,-61.43350201396544,15.399024548011297,,-76.85493168788713,-76.85493168788713,2,V
4434,-61.43350201396544,15.399047773816656,,-76.26728652941169,-76.26728652941169,2,V
4435,-61.43350201396544,15.399070999622015,,-78.01575406982836,-78.01575406982836,2,V
4436,-61.43350201396544,15.399094225427378,,-76.46392693069122,-76.46392693069122,2,V
4437,-61.433502013965445,15.399117451232739,,-73.49144873861401,-73.49144873861401,2,V
4438,-61.43350201396544,15.399140677038098,,-72.5138718602256,-72.5138718602256,2,V
4439,-61.43350201396544,15.399163902843458,,-75.40072430253879,-75.40072430253879,2,V
4440,-61.43350201396544,15.399187128648819,,-78.37843645317648,-78.37843645317648,2,V
4441,-61.43350201396544,15.399210354454182,,-71.0963944897985,-71.0963944897985,2,V
4442,-61.43350201396544,15.39923358025954,,-76.28490139639793,-76.28490139639793,2,V
4443,-61.43350201396544,15.399256806064901,,-76.38454624462429,-76.38454624462429,2,V
4444,-61.43350201396544,15.399280031870262,,-76.87882999111439,-76.87882999111439,2,V
4445,-61.43350201396544,15.399303257675623,,-73.1863061496578,-73.1863061496578,2,V
4446,-61.43350201396544,15.399326483480984,,-74.75321023058086,-74.75321023058086,2,V
4447,-61.43350201396544,15.399349709286344,,-73.76950376886116,-73.76950376886116,2,V
4448,-61.433502013965445,15.399372935091705,,-77.40405381389644,-77.40405381389644,2,V
4449,-61.43350201396544,15.399396160897066,,-73.490427901378,-73.490427901378,2,V
4450,-61.43350201396544,15.399419386702426,,-72.66466718737892,-72.66466718737892,2,V
4451,-61.43350201396544,15.399442612507787,,-77.34459851492184,-77.34459851492184,2,V
4452,-61.43350201396544,15.399465838313148,,-74.71114924871674,-74.71114924871674,2,V
4453,-61.43350201396544,15.399489064118509,,-74.28055818522871,-74.28055818522871,2,V
4454,-61.43350201396544,15.39951228992387,,-73.17072520561238,-73.17072520561238,2,V
4455,-61.433502013965445,15.39953551572923,,-74.54302539334861,-74.54302539334861,2,V
4456,-61.43350201396544,15.399558741534591,,-71.4119987100259,-71.4119987100259,2,V
4457,-61.43350201396544,15.399581967339952,,-74.76804898342039,-74.76804898342039,2,V
4458,-61.43350201396544,15.399605193145312,,-75.29791428257931,-75.29791428257931,2,V
4459,-61.43350201396544,15.399628418950673,,-72.04071390378664,-72.04071390378664,2,V
4460,-61.43350201396544,15.399651644756034,,-76.49702388576095,-76.49702388576095,2,V
4461,-61.43350201396544,15.399674870561395,,-74.39292452616657,-74.39292452616657,2,V
4462,-61.43350201396544,15.399698096366755,,-76.5890056732513,-76.5890056732513,2,V
4463,-61.43350201396544,15.399721322172116,,-71.43500036100245,-71.43500036100245,2,V
4464,-61.43350201396544,15.399744547977477,,-73.48898636977309,-73.48898636977309,2,V
4465,-61.43350201396544,15.399767773782838,,-75.11916489251618,-75.11916489251618,2,V
4466,-61.433502013965445,15.399790999588198,,-76.21235542565185,-76.21235542565185,2,V
4467,-61.43350201396544,15.399814225393559,,-75.60176683387833,-75.60176683387833,2,V
4468,-61.43350201396544,15.39983745119892,,-72.60804959774963,-72.60804959774963,2,V
4469,-61.43350201396544,15.39986067700428,,-77.80925814117798,-77.80925814117798,2,V
4470,-61.43350201396544,15.399883902809641,,-76.44152262375006,-76.44152262375006,2,V
4471,-61.43350201396544,15.399907128615002,,-76.02288632614939,-76.02288632614939,2,V
4472,-61.43350201396544,15.399930354420363,,-75.42922602536939,-75.42922602536939,2,V
4473,-61.433502013965445,15.399953580225723,,-75.8334612337274,-75.8334612337274,2,V
4474,-61.43350201396544,15.399976806031082,,-76.02341519384244,-76.02341519384244,2,V
4475,-61.43350201396544,15.400000031836445,,-79.69168444911196,-79.69168444911196,2,V
4476,-61.43350201396544,15.400023257641806,,-79.04095437455462,-79.04095437455462,2,V
4477,-61.433502013965445,15.400046483447166,,-77.0377697561388,-77.0377697561388,2,V
4478,-61.43350201396544,15.400069709252527,,-74.34683121734417,-74.34683121734417,2,V
4479,-61.43350201396544,15.400092935057888,,-75.65070435841085,-75.65070435841085,2,V
4480,-61.43350201396544,15.400116160863249,,-80.42431992662291,-80.42431992662291,2,V
4481,-61.43350201396544,15.400139386668608,,-76.49245435377645,-76.49245435377645,2,V
4482,-61.43350201396544,15.400162612473967,,-77.32777303370156,-77.32777303370156,2,V
4483,-61.43350201396544,15.40018583827933,,-74.4964541163702,-74.4964541163702,2,V
4484,-61.433502013965445,15.400209064084692,,-73.0707879646168,-73.0707879646168,2,V
4485,-61.43350201396544,15.40023228989005,,-75.96558008425778,-75.96558008425778,2,V
4486,-61.433502013965445,15.400255515695413,,-75.79742711319875,-75.79742711319875,2,V
4487,-61.43350201396544,15.400278741500774,,-75.9528964856285,-75.9528964856285,2,V
4488,-61.43350201396544,15.400301967306133,,-75.98409782115561,-75.98409782115561,2,V
4489,-61.43350201396544,15.400325193111492,,-75.22853548001754,-75.22853548001754,2,V
4490,-61.43350201396544,15.400348418916854,,-74.17223495138623,-74.17223495138623,2,V
4491,-61.43350201396544,15.400371644722217,,-76.94522248243942,-76.94522248243942,2,V
4492,-61.43350201396544,15.400394870527576,,-77.91005362198342,-77.91005362198342,2,V
4493,-61.43350201396544,15.400418096332936,,-76.62854027236304,-76.62854027236304,2,V
4494,-61.43350201396544,15.400441322138299,,-76.13309769800435,-76.13309769800435,2,V
4495,-61.43350201396544,15.400464547943658,,-73.13977726417818,-73.13977726417818,2,V
4496,-61.43350201396544,15.400487773749017,,-74.84998146747931,-74.84998146747931,2,V
4497,-61.43350201396544,15.40051099955438,,-77.3721722244707,-77.3721722244707,2,V
4498,-61.43350201396544,15.40053422535974,,-74.60108234006401,-74.60108234006401,2,V
4499,-61.43350201396544,15.400557451165099,,-82.4728433397767,-82.4728433397767,2,V
4500,-61.43350201396544,15.400580676970462,,-75.11999528113772,-75.11999528113772,2,V
4501,-61.43350201396544,15.400603902775824,,-79.0225741195307,-79.0225741195307,2,V
4502,-61.433502013965445,15.400627128581183,,-78.82499518383017,-78.82499518383017,2,V
4503,-61.43350201396544,15.400650354386542,,-74.77993475544784,-74.77993475544784,2,V
4504,-61.433502013965445,15.400673580191905,,-74.7727007848436,-74.7727007848436,2,V
4505,-61.43350201396544,15.400696805997265,,-76.0667894570858,-76.0667894570858,2,V
4506,-61.43350201396544,15.400720031802624,,-73.77109146723868,-73.77109146723868,2,V
4507,-61.43350201396544,15.400743257607985,,-76.24499410152931,-76.24499410152931,2,V
4508,-61.43350201396544,15.40076648341335,,-77.27933060542911,-77.27933060542911,2,V
4509,-61.43350201396544,15.400789709218708,,-73.32944055910747,-73.32944055910747,2,V
4510,-61.43350201396544,15.400812935024067,,-75.10545787176693,-75.10545787176693,2,V
4511,-61.433502013965445,15.40083616082943,,-74.24872367998562,-74.24872367998562,2,V
4512,-61.43350201396544,15.40085938663479,,-73.55895939656487,-73.55895939656487,2,V
4513,-61.43350201396544,15.40088261244015,,-74.34777841651818,-74.34777841651818,2,V
4514,-61.43350201396544,15.40090583824551,,-76.07815488570111,-76.07815488570111,2,V
4515,-61.433502013965445,15.400929064050871,,-77.98694392430129,-77.98694392430129,2,V
4516,-61.43350201396544,15.400952289856232,,-77.71368887337218,-77.71368887337218,2,V
4517,-61.43350201396544,15.400975515661592,,-75.73884446698973,-75.73884446698973,2,V
4518,-61.43350201396544,15.400998741466953,,-78.63371499391744,-78.63371499391744,2,V
4519,-61.43350201396544,15.401021967272316,,-74.84477837524426,-74.84477837524426,2,V
4520,-61.43350201396544,15.401045193077675,,-77.74153653087349,-77.74153653087349,2,V
4521,-61.43350201396544,15.401068418883035,,-75.01874528198267,-75.01874528198267,2,V
4522,-61.433502013965445,15.401091644688396,,-75.42503373936682,-75.42503373936682,2,V
4523,-61.43350201396544,15.401114870493757,,-76.92401003830518,-76.92401003830518,2,V
4524,-61.43350201396544,15.401138096299118,,-76.88669824280719,-76.88669824280719,2,V
4525,-61.43350201396544,15.401161322104478,,-76.09600639142658,-76.09600639142658,2,V
4526,-61.43350201396544,15.401184547909839,,-77.18188353307646,-77.18188353307646,2,V
4527,-61.43350201396544,15.4012077737152,,-80.13553005204278,-80.13553005204278,2,V
4528,-61.43350201396544,15.40123099952056,,-74.13833744753533,-74.13833744753533,2,V
4529,-61.43350201396544,15.401254225325921,,-78.96877120793613,-78.96877120793613,2,V
4530,-61.43350201396544,15.401277451131282,,-73.5539949913604,-73.5539949913604,2,V
4531,-61.43350201396544,15.401300676936643,,-75.36716521529763,-75.36716521529763,2,V
4532,-61.43350201396544,15.401323902742003,,-79.48834953522325,-79.48834953522325,2,V
4533,-61.433502013965445,15.401347128547364,,-79.54642391421936,-79.54642391421936,2,V
4534,-61.43350201396544,15.401370354352725,,-75.40657702741757,-75.40657702741757,2,V
4535,-61.43350201396544,15.401393580158086,,-77.67628585509237,-77.67628585509237,2,V
4536,-61.43350201396544,15.401416805963446,,-75.4713016237113,-75.4713016237113,2,V
4537,-61.43350201396544,15.401440031768807,,-71.63127824175086,-71.63127824175086,2,V
4538,-61.43350201396544,15.401463257574168,,-78.63342523699419,-78.63342523699419,2,V
4539,-61.43350201396544,15.401486483379529,,-74.71248774151631,-74.71248774151631,2,V
4540,-61.433502013965445,15.40150970918489,,-77.59660946721495,-77.59660946721495,2,V
4541,-61.43350201396544,15.40153293499025,,-78.16825881095458,-78.16825881095458,2,V
4542,-61.43350201396544,15.40155616079561,,-77.15689923885509,-77.15689923885509,2,V
4543,-61.43350201396544,15.401579386600972,,-75.86940080446746,-75.86940080446746,2,V
4544,-61.43350201396544,15.401602612406332,,-75.93618722904614,-75.93618722904614,2,V
4545,-61.43350201396544,15.401625838211693,,-73.96101671659908,-73.96101671659908,2,V
4546,-61.43350201396544,15.401649064017054,,-74.20699112944143,-74.20699112944143,2,V
4547,-61.43350201396544,15.401672289822415,,-77.99421675748165,-77.99421675748165,2,V
4548,-61.43350201396544,15.401695515627775,,-77.14982373034985,-77.14982373034985,2,V
4549,-61.43350201396544,15.401718741433134,,-76.06264051080166,-76.06264051080166,2,V
4550,-61.43350201396544,15.401741967238497,,-75.90629869302414,-75.90629869302414,2,V
4551,-61.433502013965445,15.401765193043857,,-74.2816426927553,-74.2816426927553,2,V
4552,-61.43350201396544,15.401788418849218,,-74.7107058816647,-74.7107058816647,2,V
4553,-61.43350201396544,15.401811644654579,,-77.78684677410703,-77.78684677410703,2,V
4554,-61.43350201396544,15.40183487045994,,-79.1098900551058,-79.1098900551058,2,V
4555,-61.43350201396544,15.4018580962653,,-79.21825268515657,-79.21825268515657,2,V
4556,-61.43350201396544,15.40188132207066,,-78.81171335457134,-78.81171335457134,2,V
4557,-61.43350201396544,15.401904547876018,,-77.67038810168687,-77.67038810168687,2,V
4558,-61.43350201396544,15.40192777368138,,-74.06470030853991,-74.06470030853991,2,V
4559,-61.43350201396544,15.401950999486743,,-77.12748420838999,-77.12748420838999,2,V
4560,-61.43350201396544,15.401974225292104,,-74.78993996507026,-74.78993996507026,2,V
4561,-61.43350201396544,15.401997451097465,,-75.49270694252408,-75.49270694252408,2,V
4562,-61.433502013965445,15.402020676902826,,-74.4473576889847,-74.4473576889847,2,V
4563,-61.43350201396544,15.402043902708185,,-76.64309116713808,-76.64309116713808,2,V
4564,-61.43350201396544,15.402067128513544,,-78.08644818628936,-78.08644818628936,2,V
4565,-61.43350201396544,15.402090354318906,,-80.9682864238562,-80.9682864238562,2,V
4566,-61.43350201396544,15.402113580124267,,-77.67607642922647,-77.67607642922647,2,V
4567,-61.43350201396544,15.402136805929628,,-81.01159823597754,-81.01159823597754,2,V
4568,-61.43350201396544,15.402160031734988,,-77.24700362307664,-77.24700362307664,2,V
4569,-61.433502013965445,15.40218325754035,,-76.1641679605066,-76.1641679605066,2,V
4570,-61.43350201396544,15.40220648334571,,-79.11170143225625,-79.11170143225625,2,V
4571,-61.43350201396544,15.402229709151069,,-77.9632606767135,-77.9632606767135,2,V
4572,-61.43350201396544,15.402252934956431,,-76.99759553145488,-76.99759553145488,2,V
4573,-61.43350201396544,15.402276160761792,,-74.64599706828415,-74.64599706828415,2,V
4574,-61.43350201396544,15.402299386567151,,-74.14303470602263,-74.14303470602263,2,V
4575,-61.43350201396544,15.402322612372513,,-80.06009847996408,-80.06009847996408,2,V
4576,-61.43350201396544,15.402345838177876,,-74.83875594597684,-74.83875594597684,2,V
4577,-61.43350201396544,15.402369063983235,,-77.87510082626774,-77.87510082626774,2,V
4578,-61.43350201396544,15.402392289788594,,-74.95509281043412,-74.95509281043412,2,V
4579,-61.43350201396544,15.402415515593956,,-81.60402856139916,-81.60402856139916,2,V
4580,-61.433502013965445,15.402438741399317,,-77.92894479304795,-77.92894479304795,2,V
4581,-61.43350201396544,15.402461967204676,,-76.6055557952577,-76.6055557952577,2,V
4582,-61.43350201396544,15.402485193010037,,-76.37840343280041,-76.37840343280041,2,V
4583,-61.43350201396544,15.402508418815398,,-78.67783248054904,-78.67783248054904,2,V
4584,-61.43350201396544,15.40253164462076,,-81.88975155035203,-81.88975155035203,2,V
4585,-61.43350201396544,15.402554870426119,,-76.33237865463141,-76.33237865463141,2,V
4586,-61.43350201396544,15.402578096231482,,-75.70435966979636,-75.70435966979636,2,V
4587,-61.433502013965445,15.402601322036842,,-77.89206077819748,-77.89206077819748,2,V
4588,-61.43350201396544,15.402624547842201,,-80.18449285214614,-80.18449285214614,2,V
4589,-61.43350201396544,15.402647773647562,,-78.40624044069176,-78.40624044069176,2,V
4590,-61.43350201396544,15.402670999452923,,-76.7428108258688,-76.7428108258688,2,V
4591,-61.43350201396544,15.402694225258283,,-77.57124480876907,-77.57124480876907,2,V
4592,-61.43350201396544,15.402717451063644,,-78.73095147894686,-78.73095147894686,2,V
4593,-61.43350201396544,15.402740676869005,,-78.94527968379843,-78.94527968379843,2,V
4594,-61.43350201396544,15.402763902674367,,-78.92557084803822,-78.92557084803822,2,V
4595,-61.43350201396544,15.402787128479726,,-77.48607702281942,-77.48607702281942,2,V
4596,-61.43350201396544,15.402810354285087,,-77.89246298789358,-77.89246298789358,2,V
4597,-61.43350201396544,15.402833580090448,,-77.32507885603539,-77.32507885603539,2,V
4598,-61.433502013965445,15.402856805895809,,-75.40278398257755,-75.40278398257755,2,V
4599,-61.43350201396544,15.40288003170117,,-78.28519846761886,-78.28519846761886,2,V
4600,-61.43350201396544,15.40290325750653,,-77.09507272589721,-77.09507272589721,2,V
4601,-61.43350201396544,15.402926483311893,,-78.82693196320761,-78.82693196320761,2,V
4602,-61.43350201396544,15.402949709117252,,-76.41926087039735,-76.41926087039735,2,V
4603,-61.43350201396544,15.402972934922612,,-76.99336952456119,-76.99336952456119,2,V
4604,-61.43350201396544,15.402996160727973,,-77.68084424384156,-77.68084424384156,2,V
4605,-61.43350201396544,15.403019386533334,,-78.42449612062387,-78.42449612062387,2,V
4606,-61.43350201396544,15.403042612338695,,-76.36287876729843,-76.36287876729843,2,V
4607,-61.43350201396544,15.403065838144055,,-80.25803132209835,-80.25803132209835,2,V
4608,-61.43350201396544,15.403089063949416,,-77.33388568670138,-77.33388568670138,2,V
4609,-61.433502013965445,15.403112289754777,,-73.5165084257926,-73.5165084257926,2,V
4610,-61.43350201396544,15.403135515560137,,-82.33331981060516,-82.33331981060516,2,V
4611,-61.43350201396544,15.403158741365498,,-80.13078035871861,-80.13078035871861,2,V
4612,-61.43350201396544,15.403181967170859,,-78.48201417927216,-78.48201417927216,2,V
4613,-61.43350201396544,15.40320519297622,,-77.54652207466202,-77.54652207466202,2,V
4614,-61.43350201396544,15.40322841878158,,-80.05189084161779,-80.05189084161779,2,V
4615,-61.43350201396544,15.403251644586941,,-76.46934741895043,-76.46934741895043,2,V
4616,-61.433502013965445,15.403274870392302,,-78.30303581790614,-78.30303581790614,2,V
4617,-61.43350201396544,15.40329809619766,,-80.5041322127899,-80.5041322127899,2,V
4618,-61.43350201396544,15.403321322003023,,-77.41559928828369,-77.41559928828369,2,V
4619,-61.43350201396544,15.403344547808384,,-76.13822120236358,-76.13822120236358,2,V
4620,-61.43350201396544,15.403367773613745,,-80.61278949622104,-80.61278949622104,2,V
4621,-61.43350201396544,15.403390999419106,,-79.92072225219353,-79.92072225219353,2,V
4622,-61.43350201396544,15.403414225224466,,-77.43474349921864,-77.43474349921864,2,V
4623,-61.43350201396544,15.403437451029827,,-78.30590720881652,-78.30590720881652,2,V
4624,-61.43350201396544,15.403460676835186,,-77.29929901973115,-77.29929901973115,2,V
4625,-61.43350201396544,15.403483902640545,,-79.5139680808439,-79.5139680808439,2,V
4626,-61.43350201396544,15.40350712844591,,-77.210789483211,-77.210789483211,2,V
4627,-61.43350201396544,15.40353035425127,,-79.7311955556708,-79.7311955556708,2,V
4628,-61.43350201396544,15.40355358005663,,-78.08508914180565,-78.08508914180565,2,V
4629,-61.43350201396544,15.403576805861992,,-76.04545395516357,-76.04545395516357,2,V
4630,-61.43350201396544,15.403600031667352,,-74.83729734153292,-74.83729734153292,2,V
4631,-61.43350201396544,15.403623257472711,,-81.32973809030133,-81.32973809030133,2,V
4632,-61.43350201396544,15.40364648327807,,-75.47141033931621,-75.47141033931621,2,V
4633,-61.43350201396544,15.403669709083433,,-81.11263488933538,-81.11263488933538,2,V
4634,-61.433502013965445,15.403692934888795,,-76.24852035030037,-76.24852035030037,2,V
4635,-61.43350201396544,15.403716160694156,,-78.45555539374753,-78.45555539374753,2,V
4636,-61.433502013965445,15.403739386499517,,-77.58477515869183,-77.58477515869183,2,V
4637,-61.43350201396544,15.403762612304877,,-82.66854967080025,-82.66854967080025,2,V
4638,-61.43350201396544,15.403785838110236,,-79.62712126810267,-79.62712126810267,2,V
4639,-61.43350201396544,15.403809063915595,,-80.99096813673512,-80.99096813673512,2,V
4640,-61.43350201396544,15.403832289720958,,-76.98754383875594,-76.98754383875594,2,V
4641,-61.43350201396544,15.403855515526319,,-79.36871567148351,-79.36871567148351,2,V
4642,-61.43350201396544,15.403878741331678,,-78.4829646070438,-78.4829646070438,2,V
4643,-61.43350201396544,15.40390196713704,,-77.67753562816632,-77.67753562816632,2,V
4644,-61.43350201396544,15.403925192942403,,-76.39324378909446,-76.39324378909446,2,V
4645,-61.43350201396544,15.403948418747762,,-80.05927945038542,-80.05927945038542,2,V
4646,-61.43350201396544,15.40397164455312,,-82.13401740063276,-82.13401740063276,2,V
4647,-61.433502013965445,15.403994870358483,,-80.24826120716811,-80.24826120716811,2,V
4648,-61.43350201396544,15.404018096163844,,-75.84153329130115,-75.84153329130115,2,V
4649,-61.43350201396544,15.404041321969203,,-74.05822105070509,-74.05822105070509,2,V
4650,-61.43350201396544,15.404064547774563,,-78.21384502348859,-78.21384502348859,2,V
4651,-61.43350201396544,15.404087773579928,,-77.65436958297333,-77.65436958297333,2,V
4652,-61.43350201396544,15.404110999385287,,-76.79887709702132,-76.79887709702132,2,V
7654,-61.43350201396544,15.473834867078075,,-139.18388820522992,-139.18388820522992,2,V
7655,-61.43350201396544,15.473858092883436,,-139.05860332598735,-139.05860332598735,2,V
7656,-61.43350201396544,15.473881318688797,,-143.66141986646127,-143.66141986646127,2,V
7657,-61.43350201396544,15.473904544494157,,-142.18153932834625,-142.18153932834625,2,V
7658,-61.43350201396544,15.473927770299518,,-141.44132284111066,-141.44132284111066,2,V
7659,-61.43350201396544,15.473950996104879,,-141.82357848779284,-141.82357848779284,2,V
7660,-61.43350201396544,15.47397422191024,,-139.35290520019757,-139.35290520019757,2,V
7661,-61.43350201396544,15.4739974477156,,-140.86184733365155,-140.86184733365155,2,V
7662,-61.43350201396544,15.474020673520961,,-141.37967941221015,-141.37967941221015,2,V
7663,-61.43350201396544,15.474043899326322,,-143.07305013013573,-143.07305013013573,2,V
7664,-61.433502013965445,15.474067125131683,,-142.0569991667102,-142.0569991667102,2,V
7665,-61.43350201396544,15.474090350937043,,-143.78424304220013,-143.78424304220013,2,V
7666,-61.43350201396544,15.474113576742404,,-142.91413387476538,-142.91413387476538,2,V
7667,-61.43350201396544,15.474136802547765,,-143.06728963915953,-143.06728963915953,2,V
7668,-61.43350201396544,15.474160028353126,,-139.91911557650002,-139.91911557650002,2,V
7669,-61.43350201396544,15.474183254158486,,-143.19592299663597,-143.19592299663597,2,V
7670,-61.43350201396544,15.474206479963847,,-145.24935543856628,-145.24935543856628,2,V
7671,-61.433502013965445,15.474229705769208,,-141.62935372549376,-141.62935372549376,2,V
7672,-61.43350201396544,15.474252931574568,,-143.9764847418414,-143.9764847418414,2,V
7673,-61.43350201396544,15.47427615737993,,-145.23466781189012,-145.23466781189012,2,V
7674,-61.43350201396544,15.47429938318529,,-144.1227052193424,-144.1227052193424,2,V
7675,-61.43350201396544,15.47432260899065,,-140.5233213316214,-140.5233213316214,2,V
7676,-61.43350201396544,15.47434583479601,,-140.77950550105857,-140.77950550105857,2,V
7677,-61.43350201396544,15.474369060601372,,-139.32079811383574,-139.32079811383574,2,V
7678,-61.43350201396544,15.474392286406733,,-141.41241360458005,-141.41241360458005,2,V
7679,-61.43350201396544,15.474415512212094,,-143.41990689231773,-143.41990689231773,2,V
7680,-61.43350201396544,15.474438738017454,,-142.98828742859817,-142.98828742859817,2,V
7681,-61.43350201396544,15.474461963822813,,-142.75884897656624,-142.75884897656624,2,V
7682,-61.433502013965445,15.474485189628176,,-141.3773349062896,-141.3773349062896,2,V
7683,-61.43350201396544,15.474508415433535,,-145.16313512280615,-145.16313512280615,2,V
7684,-61.43350201396544,15.474531641238896,,-143.0578819437539,-143.0578819437539,2,V
7685,-61.43350201396544,15.474554867044258,,-142.66461631631208,-142.66461631631208,2,V
7686,-61.43350201396544,15.474578092849619,,-142.18239481598852,-142.18239481598852,2,V
7687,-61.43350201396544,15.474601318654976,,-142.70597740442176,-142.70597740442176,2,V
7688,-61.43350201396544,15.474624544460337,,-144.67425677280232,-144.67425677280232,2,V
7689,-61.43350201396544,15.474647770265701,,-140.4943016015586,-140.4943016015586,2,V
7690,-61.43350201396544,15.474670996071062,,-145.09268705990937,-145.09268705990937,2,V
7691,-61.43350201396544,15.47469422187642,,-145.80049694684075,-145.80049694684075,2,V
7692,-61.43350201396544,15.474717447681783,,-143.38114809488397,-143.38114809488397,2,V
7693,-61.433502013965445,15.474740673487144,,-143.43635896562873,-143.43635896562873,2,V
7694,-61.43350201396544,15.474763899292501,,-144.00956161287593,-144.00956161287593,2,V
7695,-61.43350201396544,15.474787125097862,,-140.80356989666348,-140.80356989666348,2,V
7696,-61.43350201396544,15.474810350903224,,-140.8714833305073,-140.8714833305073,2,V
7697,-61.43350201396544,15.474833576708585,,-143.7894036185782,-143.7894036185782,2,V
7698,-61.43350201396544,15.474856802513946,,-144.36564083447686,-144.36564083447686,2,V
7699,-61.43350201396544,15.474880028319308,,-144.80061342564738,-144.80061342564738,2,V
7700,-61.433502013965445,15.47490325412467,,-141.8412820439503,-141.8412820439503,2,V
7701,-61.43350201396544,15.474926479930026,,-142.75727385312084,-142.75727385312084,2,V
7702,-61.43350201396544,15.474949705735387,,-141.26389817508215,-141.26389817508215,2,V
7703,-61.43350201396544,15.47497293154075,,-144.96049128879812,-144.96049128879812,2,V
7704,-61.43350201396544,15.47499615734611,,-144.23333297435687,-144.23333297435687,2,V
7705,-61.43350201396544,15.47501938315147,,-139.9919940579682,-139.9919940579682,2,V
7706,-61.43350201396544,15.475042608956832,,-141.78114373759033,-141.78114373759033,2,V
7707,-61.43350201396544,15.475065834762194,,-143.1617389434057,-143.1617389434057,2,V
7708,-61.43350201396544,15.475089060567552,,-143.25002062984956,-143.25002062984956,2,V
7709,-61.43350201396544,15.475112286372912,,-140.97241723796455,-140.97241723796455,2,V
7710,-61.43350201396544,15.475135512178273,,-142.2120786756394,-142.2120786756394,2,V
7711,-61.433502013965445,15.475158737983636,,-140.5393743325767,-140.5393743325767,2,V
7712,-61.43350201396544,15.475181963788994,,-140.487451724104,-140.487451724104,2,V
7713,-61.43350201396544,15.475205189594355,,-144.49016583736412,-144.49016583736412,2,V
7714,-61.43350201396544,15.475228415399718,,-143.0264322189526,-143.0264322189526,2,V
7715,-61.43350201396544,15.475251641205077,,-142.4656083090792,-142.4656083090792,2,V
7716,-61.43350201396544,15.475274867010437,,-138.35814297897878,-138.35814297897878,2,V
7717,-61.43350201396544,15.475298092815798,,-145.2246217027177,-145.2246217027177,2,V
7718,-61.433502013965445,15.475321318621159,,-143.73806767860924,-143.73806767860924,2,V
7719,-61.43350201396544,15.47534454442652,,-144.4096277054151,-144.4096277054151,2,V
7720,-61.43350201396544,15.47536777023188,,-142.94939859584107,-142.94939859584107,2,V
7721,-61.43350201396544,15.475390996037241,,-142.58546530719465,-142.58546530719465,2,V
7722,-61.43350201396544,15.475414221842602,,-139.9858741511511,-139.9858741511511,2,V
7723,-61.43350201396544,15.475437447647963,,-142.9918325411215,-142.9918325411215,2,V
7724,-61.43350201396544,15.475460673453323,,-144.1562004205591,-144.1562004205591,2,V
7725,-61.43350201396544,15.475483899258684,,-141.49285734565535,-141.49285734565535,2,V
7726,-61.43350201396544,15.475507125064045,,-139.34046887103176,-139.34046887103176,2,V
7727,-61.43350201396544,15.475530350869406,,-142.70746736057043,-142.70746736057043,2,V
7728,-61.43350201396544,15.475553576674766,,-142.93208451233542,-142.93208451233542,2,V
7729,-61.433502013965445,15.475576802480127,,-145.25243122420318,-145.25243122420318,2,V
7730,-61.43350201396544,15.475600028285488,,-139.7286586756811,-139.7286586756811,2,V
7731,-61.43350201396544,15.475623254090848,,-141.29380896509213,-141.29380896509213,2,V
7732,-61.43350201396544,15.47564647989621,,-144.42680697418947,-144.42680697418947,2,V
7733,-61.43350201396544,15.47566970570157,,-140.89446189099417,-140.89446189099417,2,V
7734,-61.43350201396544,15.47569293150693,,-143.93501747009952,-143.93501747009952,2,V
7735,-61.43350201396544,15.475716157312291,,-141.71931882884977,-141.71931882884977,2,V
7736,-61.43350201396544,15.475739383117652,,-143.77221289826537,-143.77221289826537,2,V
7737,-61.43350201396544,15.475762608923013,,-148.57529797261375,-148.57529797261375,2,V
7738,-61.43350201396544,15.475785834728374,,-143.40180681597786,-143.40180681597786,2,V
7739,-61.43350201396544,15.475809060533734,,-142.60887583855947,-142.60887583855947,2,V
7740,-61.433502013965445,15.475832286339095,,-143.4461654913235,-143.4461654913235,2,V
7741,-61.43350201396544,15.475855512144456,,-141.5303619505689,-141.5303619505689,2,V
7742,-61.43350201396544,15.475878737949817,,-143.32829761605518,-143.32829761605518,2,V
7743,-61.43350201396544,15.475901963755177,,-145.3453357048377,-145.3453357048377,2,V
7744,-61.43350201396544,15.475925189560538,,-142.24558301182094,-142.24558301182094,2,V
7745,-61.43350201396544,15.475948415365899,,-144.24411973957578,-144.24411973957578,2,V
7746,-61.43350201396544,15.47597164117126,,-141.69460932376296,-141.69460932376296,2,V
7747,-61.433502013965445,15.47599486697662,,-139.12285861464676,-139.12285861464676,2,V
7748,-61.43350201396544,15.476018092781981,,-145.71451738251773,-145.71451738251773,2,V
7749,-61.433502013965445,15.476041318587342,,-141.47731361525882,-141.47731361525882,2,V
7750,-61.43350201396544,15.476064544392703,,-145.69363613189643,-145.69363613189643,2,V
7751,-61.43350201396544,15.476087770198061,,-141.20019263125204,-141.20019263125204,2,V
7752,-61.43350201396544,15.476110996003422,,-141.91569709727256,-141.91569709727256,2,V
7753,-61.43350201396544,15.476134221808785,,-146.05284583997116,-146.05284583997116,2,V
7754,-61.43350201396544,15.476157447614145,,-145.4651793713571,-145.4651793713571,2,V
7755,-61.43350201396544,15.476180673419506,,-148.92132053092763,-148.92132053092763,2,V
7756,-61.43350201396544,15.476203899224863,,-142.65235578153747,-142.65235578153747,2,V
7757,-61.43350201396544,15.476227125030228,,-141.3727732183114,-141.3727732183114,2,V
7758,-61.43350201396544,15.476250350835587,,-142.03819338859273,-142.03819338859273,2,V
7759,-61.43350201396544,15.476273576640947,,-145.8068806477204,-145.8068806477204,2,V
7760,-61.433502013965445,15.47629680244631,,-143.53172405139952,-143.53172405139952,2,V
7761,-61.43350201396544,15.47632002825167,,-141.09902564273355,-141.09902564273355,2,V
7762,-61.43350201396544,15.476343254057031,,-143.92858591771838,-143.92858591771838,2,V
7763,-61.43350201396544,15.476366479862389,,-144.50692459179467,-144.50692459179467,2,V
7764,-61.43350201396544,15.476389705667751,,-143.82300220812195,-143.82300220812195,2,V
7765,-61.433502013965445,15.476412931473114,,-145.2919733404113,-145.2919733404113,2,V
7766,-61.43350201396544,15.476436157278473,,-142.2655257303942,-142.2655257303942,2,V
7767,-61.433502013965445,15.476459383083835,,-144.1433099871425,-144.1433099871425,2,V
7768,-61.43350201396544,15.476482608889196,,-143.6645305408599,-143.6645305408599,2,V
7769,-61.43350201396544,15.476505834694553,,-141.25593779877707,-141.25593779877707,2,V
7770,-61.43350201396544,15.476529060499914,,-146.85002922888813,-146.85002922888813,2,V
7771,-61.43350201396544,15.476552286305276,,-144.61344606086487,-144.61344606086487,2,V
7772,-61.43350201396544,15.476575512110637,,-141.59841865992578,-141.59841865992578,2,V
7773,-61.43350201396544,15.476598737915996,,-139.62138267365341,-139.62138267365341,2,V
7774,-61.43350201396544,15.47662196372136,,-141.80622910264202,-141.80622910264202,2,V
7775,-61.43350201396544,15.476645189526721,,-144.26503187334666,-144.26503187334666,2,V
7776,-61.43350201396544,15.476668415332078,,-145.64640124570974,-145.64640124570974,2,V
7777,-61.43350201396544,15.476691641137439,,-144.46147979356797,-144.46147979356797,2,V
7778,-61.433502013965445,15.476714866942801,,-140.0325622631773,-140.0325622631773,2,V
7779,-61.43350201396544,15.476738092748162,,-145.28464549564478,-145.28464549564478,2,V
7780,-61.43350201396544,15.476761318553521,,-142.46486653362734,-142.46486653362734,2,V
7781,-61.43350201396544,15.476784544358882,,-141.29000773281962,-141.29000773281962,2,V
7782,-61.43350201396544,15.476807770164246,,-145.11525564835003,-145.11525564835003,2,V
7783,-61.43350201396544,15.476830995969603,,-143.27010655319128,-143.27010655319128,2,V
7784,-61.43350201396544,15.476854221774964,,-148.26861371906028,-148.26861371906028,2,V
7785,-61.433502013965445,15.476877447580325,,-143.3582106032501,-143.3582106032501,2,V
7786,-61.43350201396544,15.476900673385687,,-144.22598178265036,-144.22598178265036,2,V
7787,-61.43350201396544,15.476923899191046,,-144.46184717147383,-144.46184717147383,2,V
7788,-61.43350201396544,15.476947124996407,,-144.52829137947754,-144.52829137947754,2,V
7789,-61.43350201396544,15.47697035080177,,-146.10674387636868,-146.10674387636868,2,V
7790,-61.43350201396544,15.476993576607128,,-144.02575213675047,-144.02575213675047,2,V
7791,-61.43350201396544,15.47701680241249,,-141.57145632167732,-141.57145632167732,2,V
7792,-61.43350201396544,15.47704002821785,,-144.13077709811483,-144.13077709811483,2,V
7793,-61.43350201396544,15.47706325402321,,-144.28094832550886,-144.28094832550886,2,V
7794,-61.43350201396544,15.477086479828571,,-143.9485810236448,-143.9485810236448,2,V
7795,-61.43350201396544,15.477109705633932,,-146.39473612768776,-146.39473612768776,2,V
7796,-61.433502013965445,15.477132931439295,,-140.648856172274,-140.648856172274,2,V
7797,-61.43350201396544,15.477156157244654,,-143.73483825476467,-143.73483825476467,2,V
7798,-61.43350201396544,15.477179383050014,,-141.93720542725382,-141.93720542725382,2,V
7799,-61.43350201396544,15.477202608855375,,-144.01861528318534,-144.01861528318534,2,V
7800,-61.43350201396544,15.477225834660736,,-141.42302196486557,-141.42302196486557,2,V
7801,-61.43350201396544,15.477249060466097,,-143.20085332761013,-143.20085332761013,2,V
7802,-61.43350201396544,15.477272286271457,,-144.48608972129603,-144.48608972129603,2,V
7803,-61.43350201396544,15.477295512076818,,-145.1930928149086,-145.1930928149086,2,V
7804,-61.43350201396544,15.477318737882179,,-147.38607489209738,-147.38607489209738,2,V
7805,-61.43350201396544,15.47734196368754,,-148.65462584883323,-148.65462584883323,2,V
7806,-61.43350201396544,15.4773651894929,,-145.22824899421087,-145.22824899421087,2,V
7807,-61.433502013965445,15.477388415298261,,-144.4288020020003,-144.4288020020003,2,V
7808,-61.43350201396544,15.477411641103622,,-145.57425724308177,-145.57425724308177,2,V
7809,-61.43350201396544,15.477434866908983,,-142.68521017326455,-142.68521017326455,2,V
7810,-61.43350201396544,15.477458092714343,,-143.24625206380864,-143.24625206380864,2,V
7811,-61.43350201396544,15.477481318519704,,-142.75846941111104,-142.75846941111104,2,V
7812,-61.43350201396544,15.477504544325065,,-142.74535871455717,-142.74535871455717,2,V
7813,-61.43350201396544,15.477527770130425,,-143.17040882395233,-143.17040882395233,2,V
7814,-61.433502013965445,15.477550995935786,,-145.44500077421728,-145.44500077421728,2,V
7815,-61.433502013965445,15.477574221741147,,-146.04713957083578,-146.04713957083578,2,V
7816,-61.43350201396544,15.477597447546508,,-145.94912128108317,-145.94912128108317,2,V
7817,-61.43350201396544,15.477620673351868,,-146.65000068139156,-146.65000068139156,2,V
7818,-61.43350201396544,15.47764389915723,,-144.84786409643155,-144.84786409643155,2,V
7819,-61.43350201396544,15.477667124962588,,-143.13498837892337,-143.13498837892337,2,V
7820,-61.43350201396544,15.47769035076795,,-145.16867513841342,-145.16867513841342,2,V
7821,-61.43350201396544,15.477713576573311,,-143.59297229582228,-143.59297229582228,2,V
7822,-61.43350201396544,15.477736802378672,,-142.9527231595139,-142.9527231595139,2,V
7823,-61.43350201396544,15.477760028184033,,-142.46151900533462,-142.46151900533462,2,V
7824,-61.43350201396544,15.477783253989394,,-140.66092233320393,-140.66092233320393,2,V
7825,-61.433502013965445,15.477806479794754,,-143.6921043843349,-143.6921043843349,2,V
7826,-61.43350201396544,15.477829705600113,,-142.3401668920943,-142.3401668920943,2,V
7827,-61.43350201396544,15.477852931405474,,-144.36451077980297,-144.36451077980297,2,V
7828,-61.43350201396544,15.477876157210837,,-146.29494330148884,-146.29494330148884,2,V
7829,-61.43350201396544,15.477899383016197,,-144.41586886450156,-144.41586886450156,2,V
7830,-61.43350201396544,15.477922608821558,,-145.1413081595893,-145.1413081595893,2,V
7831,-61.43350201396544,15.477945834626915,,-143.0001073299513,-143.0001073299513,2,V
7832,-61.433502013965445,15.47796906043228,,-145.52102447437034,-145.52102447437034,2,V
7833,-61.43350201396544,15.477992286237638,,-144.26130766817,-144.26130766817,2,V
7834,-61.43350201396544,15.478015512043,,-147.78788932078828,-147.78788932078828,2,V
7835,-61.43350201396544,15.478038737848362,,-147.60488273411713,-147.60488273411713,2,V
7836,-61.43350201396544,15.478061963653722,,-145.80138407129473,-145.80138407129473,2,V
7837,-61.43350201396544,15.478085189459083,,-146.6352398537944,-146.6352398537944,2,V
7838,-61.43350201396544,15.47810841526444,,-144.78813627232267,-144.78813627232267,2,V
7839,-61.43350201396544,15.478131641069803,,-145.62397077587113,-145.62397077587113,2,V
7840,-61.43350201396544,15.478154866875165,,-145.41437869354974,-145.41437869354974,2,V
7841,-61.43350201396544,15.478178092680524,,-144.90769062012433,-144.90769062012433,2,V
7842,-61.43350201396544,15.478201318485887,,-143.88849683319654,-143.88849683319654,2,V
7843,-61.433502013965445,15.478224544291248,,-146.7528404923175,-146.7528404923175,2,V
7844,-61.43350201396544,15.478247770096605,,-145.53777715215026,-145.53777715215026,2,V
7845,-61.43350201396544,15.478270995901966,,-143.57510906155247,-143.57510906155247,2,V
7846,-61.43350201396544,15.478294221707328,,-142.5050955380279,-142.5050955380279,2,V
7847,-61.43350201396544,15.478317447512689,,-145.53881635950162,-145.53881635950162,2,V
7848,-61.43350201396544,15.478340673318048,,-144.96559658303636,-144.96559658303636,2,V
7849,-61.43350201396544,15.478363899123412,,-145.78635862820582,-145.78635862820582,2,V
7850,-61.43350201396544,15.478387124928773,,-141.67043610829347,-141.67043610829347,2,V
7851,-61.43350201396544,15.47841035073413,,-142.4219081713916,-142.4219081713916,2,V
7852,-61.43350201396544,15.47843357653949,,-144.07189953751404,-144.07189953751404,2,V
7853,-61.43350201396544,15.478456802344851,,-145.49489606843972,-145.49489606843972,2,V
7854,-61.433502013965445,15.478480028150214,,-144.78818852762927,-144.78818852762927,2,V
7855,-61.43350201396544,15.478503253955573,,-144.68660198391353,-144.68660198391353,2,V
7856,-61.43350201396544,15.478526479760934,,-142.51708616924986,-142.51708616924986,2,V
7857,-61.43350201396544,15.478549705566296,,-142.15208320461522,-142.15208320461522,2,V
7858,-61.43350201396544,15.478572931371655,,-145.55041572509617,-145.55041572509617,2,V
7859,-61.43350201396544,15.478596157177016,,-143.89419916241562,-143.89419916241562,2,V
7860,-61.43350201396544,15.478619382982377,,-145.89877990284012,-145.89877990284012,2,V
7861,-61.433502013965445,15.478642608787737,,-143.52299158893342,-143.52299158893342,2,V
7862,-61.43350201396544,15.478665834593098,,-142.8229647384547,-142.8229647384547,2,V
7863,-61.43350201396544,15.478689060398459,,-144.21341472497832,-144.21341472497832,2,V
7864,-61.43350201396544,15.478712286203821,,-144.02365472319957,-144.02365472319957,2,V
7865,-61.43350201396544,15.47873551200918,,-143.1944007756249,-143.1944007756249,2,V
7866,-61.43350201396544,15.478758737814541,,-141.80360138784224,-141.80360138784224,2,V
7867,-61.43350201396544,15.478781963619902,,-144.14989214954994,-144.14989214954994,2,V
7868,-61.43350201396544,15.478805189425263,,-141.8241343874177,-141.8241343874177,2,V
7869,-61.43350201396544,15.478828415230623,,-145.27613843664307,-145.27613843664307,2,V
7870,-61.43350201396544,15.478851641035984,,-143.77968856838666,-143.77968856838666,2,V
7871,-61.43350201396544,15.478874866841347,,-146.40009386785343,-146.40009386785343,2,V
7872,-61.433502013965445,15.478898092646705,,-143.61568993786807,-143.61568993786807,2,V
7873,-61.43350201396544,15.478921318452066,,-147.53201859664128,-147.53201859664128,2,V
7874,-61.43350201396544,15.478944544257427,,-147.834226038515,-147.834226038515,2,V
7875,-61.43350201396544,15.478967770062788,,-143.03179118214345,-143.03179118214345,2,V
7876,-61.43350201396544,15.478990995868148,,-144.0741545068733,-144.0741545068733,2,V
7877,-61.43350201396544,15.47901422167351,,-144.7561220924034,-144.7561220924034,2,V
7878,-61.43350201396544,15.47903744747887,,-146.17316545165852,-146.17316545165852,2,V
7879,-61.433502013965445,15.47906067328423,,-143.71413668618553,-143.71413668618553,2,V
7880,-61.43350201396544,15.479083899089591,,-145.79216607657355,-145.79216607657355,2,V
7881,-61.43350201396544,15.479107124894952,,-145.04772618497904,-145.04772618497904,2,V
7882,-61.43350201396544,15.479130350700313,,-144.08741054684023,-144.08741054684023,2,V
7883,-61.43350201396544,15.479153576505674,,-144.3836156663879,-144.3836156663879,2,V
7884,-61.43350201396544,15.479176802311034,,-146.6898784892863,-146.6898784892863,2,V
7885,-61.43350201396544,15.479200028116395,,-144.92490763249637,-144.92490763249637,2,V
7886,-61.43350201396544,15.479223253921756,,-145.16582312859913,-145.16582312859913,2,V
7887,-61.43350201396544,15.479246479727117,,-150.4526871015235,-150.4526871015235,2,V
7888,-61.43350201396544,15.479269705532477,,-145.09080876288186,-145.09080876288186,2,V
7889,-61.43350201396544,15.479292931337838,,-143.4653012938106,-143.4653012938106,2,V
7890,-61.43350201396545,15.4793161571432,,-144.30255974697198,-144.30255974697198,2,V
7891,-61.43350201396544,15.47933938294856,,-142.62939050842846,-142.62939050842846,2,V
7892,-61.433502013965445,15.47936260875392,,-142.98930200901657,-142.98930200901657,2,V
7893,-61.43350201396544,15.479385834559281,,-142.5672327667768,-142.5672327667768,2,V
7894,-61.43350201396544,15.47940906036464,,-144.57275387852053,-144.57275387852053,2,V
7895,-61.43350201396544,15.47943228617,,-147.05834093178498,-147.05834093178498,2,V
7896,-61.43350201396544,15.479455511975363,,-141.95103485203674,-141.95103485203674,2,V
7897,-61.43350201396544,15.479478737780724,,-142.54239537881887,-142.54239537881887,2,V
7898,-61.43350201396544,15.479501963586085,,-148.6643153318469,-148.6643153318469,2,V
7899,-61.433502013965445,15.479525189391444,,-148.66628701393068,-148.66628701393068,2,V
7900,-61.43350201396544,15.479548415196804,,-145.00771368169862,-145.00771368169862,2,V
7901,-61.43350201396544,15.479571641002165,,-147.63551306231653,-147.63551306231653,2,V
7902,-61.43350201396544,15.479594866807526,,-141.94015777064615,-141.94015777064615,2,V
7903,-61.43350201396544,15.479618092612888,,-144.72567780493793,-144.72567780493793,2,V
7904,-61.43350201396544,15.479641318418249,,-143.98387953044318,-143.98387953044318,2,V
7905,-61.43350201396544,15.47966454422361,,-143.97671998988739,-143.97671998988739,2,V
7906,-61.43350201396544,15.479687770028967,,-145.51763806624584,-145.51763806624584,2,V
7907,-61.43350201396544,15.47971099583433,,-145.72980188269153,-145.72980188269153,2,V
7908,-61.43350201396544,15.47973422163969,,-148.05010645332473,-148.05010645332473,2,V
7909,-61.43350201396544,15.479757447445051,,-145.49420016138475,-145.49420016138475,2,V
7910,-61.433502013965445,15.479780673250414,,-148.03218270473008,-148.03218270473008,2,V
7911,-61.43350201396544,15.479803899055774,,-142.56886334386397,-142.56886334386397,2,V
7912,-61.43350201396544,15.479827124861133,,-145.3749434921704,-145.3749434921704,2,V
7913,-61.43350201396544,15.479850350666492,,-144.1257344941767,-144.1257344941767,2,V
7914,-61.43350201396544,15.479873576471855,,-145.99716332570162,-145.99716332570162,2,V
7915,-61.433502013965445,15.479896802277217,,-145.68646450350377,-145.68646450350377,2,V
7916,-61.43350201396544,15.479920028082576,,-145.31879440844565,-145.31879440844565,2,V
7917,-61.433502013965445,15.479943253887937,,-146.1892738968145,-146.1892738968145,2,V
7918,-61.43350201396544,15.4799664796933,,-147.624650163784,-147.624650163784,2,V
7919,-61.43350201396544,15.479989705498658,,-145.40600818864894,-145.40600818864894,2,V
7920,-61.43350201396544,15.480012931304017,,-146.34110933478465,-146.34110933478465,2,V
7921,-61.433502013965445,15.48003615710938,,-146.25231342186848,-146.25231342186848,2,V
7922,-61.43350201396544,15.48005938291474,,-145.15024416454872,-145.15024416454872,2,V
7923,-61.43350201396544,15.4800826087201,,-142.5725585251277,-142.5725585251277,2,V
7924,-61.433502013965445,15.480105834525462,,-147.13343867659657,-147.13343867659657,2,V
7925,-61.43350201396544,15.480129060330823,,-144.90450028980348,-144.90450028980348,2,V
7926,-61.43350201396544,15.480152286136182,,-146.63670853360398,-146.63670853360398,2,V
7927,-61.43350201396544,15.480175511941543,,-143.92174095104394,-143.92174095104394,2,V
7928,-61.433502013965445,15.480198737746905,,-147.87841834108582,-147.87841834108582,2,V
7929,-61.43350201396544,15.480221963552266,,-144.39271148559496,-144.39271148559496,2,V
7930,-61.43350201396544,15.480245189357625,,-145.74543188531436,-145.74543188531436,2,V
7931,-61.43350201396544,15.480268415162985,,-145.7628198789772,-145.7628198789772,2,V
7932,-61.43350201396544,15.480291640968348,,-146.82589939224067,-146.82589939224067,2,V
7933,-61.43350201396544,15.480314866773707,,-145.59382874230252,-145.59382874230252,2,V
7934,-61.43350201396544,15.480338092579068,,-146.28716618305168,-146.28716618305168,2,V
7935,-61.433502013965445,15.480361318384428,,-145.29610281623766,-145.29610281623766,2,V
7936,-61.43350201396544,15.480384544189791,,-148.61097091653306,-148.61097091653306,2,V
7937,-61.43350201396544,15.48040776999515,,-148.93710070651798,-148.93710070651798,2,V
7938,-61.43350201396544,15.48043099580051,,-142.09213936798108,-142.09213936798108,2,V
7939,-61.433502013965445,15.480454221605873,,-145.52010485907374,-145.52010485907374,2,V
7940,-61.433502013965445,15.480477447411232,,-148.24719085533928,-148.24719085533928,2,V
7941,-61.43350201396544,15.480500673216593,,-146.9609503512914,-146.9609503512914,2,V
7942,-61.43350201396544,15.480523899021954,,-148.29266014647246,-148.29266014647246,2,V
7943,-61.43350201396544,15.480547124827314,,-144.45016747890523,-144.45016747890523,2,V
7944,-61.43350201396544,15.480570350632675,,-147.45781058906462,-147.45781058906462,2,V
7945,-61.43350201396544,15.480593576438036,,-149.67058347839364,-149.67058347839364,2,V
7946,-61.433502013965445,15.480616802243398,,-148.11659093218694,-148.11659093218694,2,V
7947,-61.43350201396544,15.480640028048757,,-146.43485518085038,-146.43485518085038,2,V
7948,-61.43350201396544,15.480663253854118,,-149.12963614415756,-149.12963614415756,2,V
7949,-61.43350201396544,15.480686479659479,,-148.4378867551149,-148.4378867551149,2,V
7950,-61.43350201396544,15.48070970546484,,-145.47480331949382,-145.47480331949382,2,V
7951,-61.43350201396544,15.4807329312702,,-145.89146049102254,-145.89146049102254,2,V
7952,-61.43350201396544,15.480756157075561,,-145.67216019640128,-145.67216019640128,2,V
7953,-61.433502013965445,15.480779382880923,,-151.73899511437435,-151.73899511437435,2,V
7954,-61.43350201396544,15.480802608686282,,-147.58235998496312,-147.58235998496312,2,V
7955,-61.43350201396544,15.480825834491643,,-149.67294174329416,-149.67294174329416,2,V
7956,-61.43350201396544,15.480849060297004,,-144.58987612271594,-144.58987612271594,2,V
7957,-61.433502013965445,15.480872286102365,,-149.26390224253393,-149.26390224253393,2,V
7958,-61.43350201396544,15.480895511907725,,-141.62761903827192,-141.62761903827192,2,V
7959,-61.43350201396544,15.480918737713086,,-144.2280666575484,-144.2280666575484,2,V
7960,-61.43350201396544,15.480941963518447,,-147.62604430289613,-147.62604430289613,2,V
7961,-61.43350201396544,15.480965189323808,,-147.93588461256982,-147.93588461256982,2,V
7962,-61.43350201396544,15.480988415129167,,-148.996714495241,-148.996714495241,2,V
7963,-61.43350201396544,15.481011640934527,,-146.57358795894618,-146.57358795894618,2,V
7964,-61.433502013965445,15.48103486673989,,-148.31825758077682,-148.31825758077682,2,V
7965,-61.433502013965445,15.48105809254525,,-142.73221021596154,-142.73221021596154,2,V
7966,-61.43350201396544,15.481081318350611,,-152.98969896565265,-152.98969896565265,2,V
7967,-61.43350201396544,15.48110454415597,,-148.6108090314201,-148.6108090314201,2,V
7968,-61.433502013965445,15.481127769961333,,-147.4663855996734,-147.4663855996734,2,V
7969,-61.43350201396544,15.481150995766692,,-146.14208222459487,-146.14208222459487,2,V
7970,-61.43350201396544,15.481174221572052,,-148.83384490419238,-148.83384490419238,2,V
7971,-61.43350201396544,15.481197447377415,,-149.57380960885232,-149.57380960885232,2,V
7972,-61.43350201396544,15.481220673182776,,-145.41544716740282,-145.41544716740282,2,V
7973,-61.43350201396544,15.481243898988136,,-147.07668250520112,-147.07668250520112,2,V
7974,-61.43350201396544,15.481267124793495,,-145.32860869771721,-145.32860869771721,2,V
7975,-61.433502013965445,15.481290350598856,,-144.84371223547336,-144.84371223547336,2,V
7976,-61.43350201396544,15.481313576404217,,-147.42263096404076,-147.42263096404076,2,V
7977,-61.43350201396544,15.481336802209578,,-147.90711511148183,-147.90711511148183,2,V
7978,-61.43350201396544,15.48136002801494,,-146.19713077536377,-146.19713077536377,2,V
7979,-61.43350201396544,15.481383253820301,,-146.94184526802078,-146.94184526802078,2,V
7980,-61.43350201396544,15.48140647962566,,-147.1176837624021,-147.1176837624021,2,V
7981,-61.43350201396544,15.481429705431019,,-147.70764957857983,-147.70764957857983,2,V
7982,-61.433502013965445,15.481452931236381,,-145.1648625394468,-145.1648625394468,2,V
7983,-61.43350201396544,15.481476157041742,,-145.60235514048398,-145.60235514048398,2,V
7984,-61.43350201396544,15.481499382847103,,-145.62245277523195,-145.62245277523195,2,V
7985,-61.43350201396544,15.481522608652465,,-144.01764848935701,-144.01764848935701,2,V
7986,-61.433502013965445,15.481545834457826,,-143.3512118455355,-143.3512118455355,2,V
7987,-61.43350201396544,15.481569060263185,,-146.11984643164175,-146.11984643164175,2,V
7988,-61.43350201396544,15.481592286068544,,-148.0215924639303,-148.0215924639303,2,V
7989,-61.43350201396544,15.481615511873906,,-146.80749567463445,-146.80749567463445,2,V
7990,-61.43350201396544,15.481638737679269,,-146.94752133277825,-146.94752133277825,2,V
7991,-61.43350201396544,15.481661963484628,,-148.08297401813758,-148.08297401813758,2,V
7992,-61.43350201396544,15.481685189289989,,-144.0063312980997,-144.0063312980997,2,V
7993,-61.433502013965445,15.481708415095351,,-146.75408554101236,-146.75408554101236,2,V
7994,-61.43350201396544,15.48173164090071,,-144.92361205490266,-144.92361205490266,2,V
7995,-61.43350201396544,15.48175486670607,,-146.32308628006402,-146.32308628006402,2,V
7996,-61.43350201396544,15.481778092511432,,-146.66077898961208,-146.66077898961208,2,V
7997,-61.43350201396544,15.481801318316792,,-148.4603449755852,-148.4603449755852,2,V
7998,-61.43350201396544,15.481824544122151,,-145.42107746310265,-145.42107746310265,2,V
7999,-61.43350201396544,15.481847769927514,,-150.4486160833994,-150.4486160833994,2,V
8000,-61.433502013965445,15.481870995732875,,-148.4295921580131,-148.4295921580131,2,V
8001,-61.43350201396544,15.481894221538235,,-147.44349409724614,-147.44349409724614,2,V
8002,-61.43350201396544,15.481917447343594,,-146.39501445848236,-146.39501445848236,2,V
8003,-61.43350201396544,15.481940673148955,,-144.20898830752503,-144.20898830752503,2,V
8004,-61.433502013965445,15.481963898954318,,-147.3936281691782,-147.3936281691782,2,V
8005,-61.43350201396544,15.481987124759677,,-147.87345114344555,-147.87345114344555,2,V
8006,-61.43350201396544,15.482010350565037,,-145.5489057045497,-145.5489057045497,2,V
8007,-61.43350201396544,15.4820335763704,,-147.99135922602605,-147.99135922602605,2,V
8008,-61.43350201396544,15.482056802175759,,-146.91491587930744,-146.91491587930744,2,V
8009,-61.43350201396544,15.48208002798112,,-146.11201720572484,-146.11201720572484,2,V
8010,-61.43350201396544,15.48210325378648,,-148.63779461401106,-148.63779461401106,2,V
8011,-61.433502013965445,15.482126479591841,,-143.46728509206878,-143.46728509206878,2,V
8012,-61.43350201396544,15.482149705397202,,-146.4263127693095,-146.4263127693095,2,V
8013,-61.43350201396544,15.482172931202562,,-145.62551471425695,-145.62551471425695,2,V
8014,-61.43350201396544,15.482196157007925,,-149.1189930564594,-149.1189930564594,2,V
8015,-61.43350201396545,15.482219382813284,,-148.36712727015149,-148.36712727015149,2,V
8016,-61.43350201396544,15.482242608618645,,-145.5110306586675,-145.5110306586675,2,V
8017,-61.43350201396544,15.482265834424005,,-146.766000776902,-146.766000776902,2,V
8018,-61.43350201396544,15.482289060229366,,-144.88733282882703,-144.88733282882703,2,V
8019,-61.43350201396544,15.482312286034727,,-145.93732715805805,-145.93732715805805,2,V
8020,-61.43350201396544,15.482335511840088,,-149.59109785950739,-149.59109785950739,2,V
8021,-61.43350201396544,15.48235873764545,,-145.8604238544927,-145.8604238544927,2,V
8022,-61.433502013965445,15.482381963450809,,-146.42074845874947,-146.42074845874947,2,V
8023,-61.43350201396544,15.48240518925617,,-149.6809020184976,-149.6809020184976,2,V
8024,-61.433502013965445,15.48242841506153,,-147.57429932116298,-147.57429932116298,2,V
8025,-61.43350201396544,15.482451640866891,,-144.46002594574202,-144.46002594574202,2,V
8026,-61.43350201396543,15.482474866672252,,-144.82649701834873,-144.82649701834873,2,V
8027,-61.43350201396544,15.482498092477613,,-145.6867956514645,-145.6867956514645,2,V
8028,-61.43350201396544,15.482521318282974,,-149.08898721721428,-149.08898721721428,2,V
8029,-61.433502013965445,15.482544544088334,,-147.0031736825215,-147.0031736825215,2,V
8030,-61.43350201396544,15.482567769893693,,-142.55540517113212,-142.55540517113212,2,V
8031,-61.43350201396544,15.482590995699056,,-149.2181072682463,-149.2181072682463,2,V
8032,-61.43350201396544,15.482614221504416,,-143.729810916699,-143.729810916699,2,V
8033,-61.43350201396544,15.482637447309777,,-149.0422441175042,-149.0422441175042,2,V
8034,-61.43350201396544,15.482660673115138,,-147.33637431718054,-147.33637431718054,2,V
8035,-61.43350201396544,15.482683898920499,,-147.2136952061997,-147.2136952061997,2,V
8036,-61.433502013965445,15.48270712472586,,-151.25565167604682,-151.25565167604682,2,V
8037,-61.43350201396544,15.482730350531218,,-142.59740590685485,-142.59740590685485,2,V
8038,-61.43350201396544,15.482753576336581,,-148.15922708902013,-148.15922708902013,2,V
8039,-61.43350201396544,15.482776802141942,,-144.88716275209322,-144.88716275209322,2,V
8040,-61.433502013965445,15.482800027947302,,-150.07444328439476,-150.07444328439476,2,V
8041,-61.43350201396544,15.482823253752663,,-145.7507069603661,-145.7507069603661,2,V
8042,-61.43350201396544,15.482846479558022,,-149.06926852546323,-149.06926852546323,2,V
8043,-61.43350201396544,15.482869705363383,,-147.55299260359973,-147.55299260359973,2,V
8044,-61.43350201396544,15.482892931168744,,-146.36497771896148,-146.36497771896148,2,V
8045,-61.43350201396544,15.482916156974104,,-145.86854320610632,-145.86854320610632,2,V
8046,-61.43350201396544,15.482939382779467,,-147.65466861566657,-147.65466861566657,2,V
8047,-61.433502013965445,15.482962608584828,,-148.8164203813751,-148.8164203813751,2,V
8048,-61.43350201396544,15.482985834390188,,-146.01996355890134,-146.01996355890134,2,V
8049,-61.43350201396544,15.483009060195547,,-147.62059770233165,-147.62059770233165,2,V
8050,-61.43350201396544,15.483032286000908,,-145.16413367962548,-145.16413367962548,2,V
8051,-61.43350201396544,15.483055511806267,,-150.39982774505447,-150.39982774505447,2,V
8052,-61.43350201396544,15.48307873761163,,-146.26406841692295,-146.26406841692295,2,V
8053,-61.433502013965445,15.483101963416992,,-148.95337393900698,-148.95337393900698,2,V
8054,-61.433502013965445,15.483125189222353,,-143.6582878155241,-143.6582878155241,2,V
8055,-61.43350201396544,15.483148415027712,,-144.55263883997964,-144.55263883997964,2,V
8056,-61.43350201396544,15.483171640833072,,-144.7916491590284,-144.7916491590284,2,V
8057,-61.43350201396544,15.483194866638433,,-146.3614234011924,-146.3614234011924,2,V
8058,-61.43350201396544,15.483218092443792,,-147.64926246170467,-147.64926246170467,2,V
8059,-61.43350201396544,15.483241318249155,,-147.19294607015664,-147.19294607015664,2,V
8060,-61.43350201396544,15.483264544054515,,-148.68895637209442,-148.68895637209442,2,V
8061,-61.43350201396544,15.483287769859878,,-147.9162332148518,-147.9162332148518,2,V
8062,-61.43350201396544,15.483310995665237,,-144.9475891921707,-144.9475891921707,2,V
8063,-61.43350201396544,15.483334221470596,,-149.6294399114298,-149.6294399114298,2,V
8064,-61.43350201396544,15.483357447275958,,-147.04983439900266,-147.04983439900266,2,V
8065,-61.433502013965445,15.483380673081319,,-149.14028092871052,-149.14028092871052,2,V
8066,-61.43350201396544,15.483403898886678,,-148.98911800996595,-148.98911800996595,2,V
8067,-61.43350201396544,15.48342712469204,,-146.75287411744912,-146.75287411744912,2,V
8068,-61.43350201396544,15.483450350497401,,-146.44904401103844,-146.44904401103844,2,V
8069,-61.43350201396544,15.483473576302762,,-146.85623002464618,-146.85623002464618,2,V
8070,-61.43350201396544,15.483496802108121,,-150.01608807118473,-150.01608807118473,2,V
8071,-61.433502013965445,15.483520027913483,,-146.6248124062416,-146.6248124062416,2,V
8072,-61.433502013965445,15.483543253718844,,-143.90644310202129,-143.90644310202129,2,V
8073,-61.43350201396544,15.483566479524203,,-144.72849543577695,-144.72849543577695,2,V
8074,-61.43350201396544,15.483589705329566,,-148.62090616302297,-148.62090616302297,2,V
8075,-61.43350201396544,15.483612931134926,,-149.81116197453014,-149.81116197453014,2,V
8076,-61.43350201396544,15.483636156940285,,-147.4033674741271,-147.4033674741271,2,V
8077,-61.43350201396544,15.483659382745646,,-148.09786274987732,-148.09786274987732,2,V
8078,-61.433502013965445,15.483682608551007,,-142.80839397940412,-142.80839397940412,2,V
8079,-61.43350201396544,15.48370583435637,,-151.0055713468816,-151.0055713468816,2,V
8080,-61.43350201396544,15.483729060161728,,-145.6835959070285,-145.6835959070285,2,V
8081,-61.43350201396544,15.483752285967089,,-145.6441711184678,-145.6441711184678,2,V
8082,-61.433502013965445,15.483775511772452,,-148.04193064550748,-148.04193064550748,2,V
8083,-61.43350201396544,15.48379873757781,,-146.25778235972896,-146.25778235972896,2,V
8084,-61.43350201396544,15.483821963383171,,-149.9866912001966,-149.9866912001966,2,V
8085,-61.43350201396544,15.483845189188532,,-146.29099742650436,-146.29099742650436,2,V
8086,-61.43350201396544,15.483868414993895,,-150.9252265029704,-150.9252265029704,2,V
8087,-61.43350201396544,15.483891640799254,,-147.06711741198907,-147.06711741198907,2,V
8088,-61.43350201396544,15.483914866604614,,-147.95738085073089,-147.95738085073089,2,V
8089,-61.433502013965445,15.483938092409977,,-144.14359364789638,-144.14359364789638,2,V
8090,-61.433502013965445,15.483961318215336,,-145.5618319031891,-145.5618319031891,2,V
8091,-61.43350201396544,15.483984544020696,,-151.87416000447567,-151.87416000447567,2,V
8092,-61.43350201396544,15.484007769826057,,-150.0978014326229,-150.0978014326229,2,V
8093,-61.43350201396544,15.484030995631418,,-145.23082241993387,-145.23082241993387,2,V
8094,-61.43350201396544,15.484054221436779,,-145.82019151419092,-145.82019151419092,2,V
8095,-61.43350201396544,15.48407744724214,,-146.3784866118207,-146.3784866118207,2,V
8096,-61.433502013965445,15.484100673047502,,-146.74265059875182,-146.74265059875182,2,V
8097,-61.43350201396544,15.484123898852861,,-148.92595933475778,-148.92595933475778,2,V
8098,-61.43350201396544,15.484147124658222,,-147.26030476606988,-147.26030476606988,2,V
8099,-61.43350201396544,15.484170350463582,,-150.45469387104512,-150.45469387104512,2,V
8100,-61.433502013965445,15.484193576268943,,-148.53786017697152,-148.53786017697152,2,V
8101,-61.43350201396544,15.484216802074304,,-151.7008791731785,-151.7008791731785,2,V
8102,-61.43350201396544,15.484240027879665,,-149.88672009224962,-149.88672009224962,2,V
8103,-61.43350201396544,15.484263253685025,,-146.7186564372685,-146.7186564372685,2,V
8104,-61.43350201396544,15.484286479490386,,-145.6210096499362,-145.6210096499362,2,V
8105,-61.43350201396544,15.484309705295745,,-146.4470300842592,-146.4470300842592,2,V
8106,-61.43350201396544,15.484332931101108,,-149.51699469796344,-149.51699469796344,2,V
8107,-61.433502013965445,15.484356156906468,,-149.63765093823824,-149.63765093823824,2,V
8108,-61.43350201396544,15.484379382711827,,-148.63457025040958,-148.63457025040958,2,V
8109,-61.43350201396544,15.48440260851719,,-148.5030022996557,-148.5030022996557,2,V
8110,-61.43350201396544,15.48442583432255,,-141.35294112083474,-141.35294112083474,2,V
8111,-61.43350201396544,15.484449060127911,,-150.046101032915,-150.046101032915,2,V
8112,-61.43350201396544,15.48447228593327,,-149.93341441077226,-149.93341441077226,2,V
8113,-61.43350201396544,15.484495511738633,,-149.1766207717903,-149.1766207717903,2,V
8114,-61.433502013965445,15.484518737543993,,-147.9055764182873,-147.9055764182873,2,V
8115,-61.43350201396544,15.484541963349354,,-147.30349382600804,-147.30349382600804,2,V
8116,-61.43350201396544,15.484565189154715,,-149.4728581178822,-149.4728581178822,2,V
8117,-61.43350201396544,15.484588414960076,,-147.1007686613096,-147.1007686613096,2,V
8118,-61.433502013965445,15.484611640765435,,-149.27396936996695,-149.27396936996695,2,V
8119,-61.43350201396544,15.484634866570795,,-150.58521846276733,-150.58521846276733,2,V
8120,-61.433502013965445,15.484658092376156,,-147.751489406937,-147.751489406937,2,V
8121,-61.43350201396544,15.484681318181519,,-147.20310444802493,-147.20310444802493,2,V
8122,-61.43350201396544,15.48470454398688,,-144.78773829729016,-144.78773829729016,2,V
8123,-61.43350201396544,15.484727769792238,,-144.60266619743922,-144.60266619743922,2,V
8124,-61.43350201396544,15.484750995597599,,-148.68567974385303,-148.68567974385303,2,V
8125,-61.433502013965445,15.48477422140296,,-149.72828478150416,-149.72828478150416,2,V
8126,-61.43350201396544,15.484797447208319,,-149.27655902987055,-149.27655902987055,2,V
8127,-61.43350201396544,15.484820673013681,,-147.76055360426685,-147.76055360426685,2,V
8128,-61.43350201396544,15.484843898819044,,-151.33031657278303,-151.33031657278303,2,V
8129,-61.433502013965445,15.484867124624405,,-147.93770376909464,-147.93770376909464,2,V
8130,-61.43350201396544,15.484890350429763,,-148.68654494216224,-148.68654494216224,2,V
8131,-61.43350201396544,15.484913576235122,,-149.0403135245503,-149.0403135245503,2,V
8132,-61.43350201396544,15.484936802040485,,-150.16408923012517,-150.16408923012517,2,V
8133,-61.43350201396544,15.484960027845844,,-144.69961750225224,-144.69961750225224,2,V
8134,-61.43350201396544,15.484983253651206,,-149.42704994228967,-149.42704994228967,2,V
8135,-61.43350201396544,15.485006479456567,,-147.62953730346052,-147.62953730346052,2,V
8136,-61.433502013965445,15.48502970526193,,-150.36363695921133,-150.36363695921133,2,V
8137,-61.43350201396544,15.485052931067289,,-147.5996316461653,-147.5996316461653,2,V
8138,-61.433502013965445,15.485076156872648,,-147.72379806423285,-147.72379806423285,2,V
8139,-61.43350201396544,15.48509938267801,,-151.35908720954652,-151.35908720954652,2,V
8140,-61.43350201396544,15.48512260848337,,-148.54170572838441,-148.54170572838441,2,V
8141,-61.43350201396544,15.48514583428873,,-148.60066110980034,-148.60066110980034,2,V
8142,-61.43350201396544,15.485169060094092,,-147.69179553077166,-147.69179553077166,2,V
8143,-61.433502013965445,15.485192285899453,,-148.50924135192832,-148.50924135192832,2,V
8144,-61.43350201396544,15.485215511704814,,-147.71421485206568,-147.71421485206568,2,V
8145,-61.43350201396544,15.485238737510173,,-151.72645447734575,-151.72645447734575,2,V
8146,-61.43350201396544,15.485261963315534,,-151.0208613126937,-151.0208613126937,2,V
8147,-61.433502013965445,15.485285189120896,,-147.6928348883702,-147.6928348883702,2,V
8148,-61.43350201396544,15.485308414926255,,-149.3234605459807,-149.3234605459807,2,V
8149,-61.43350201396544,15.485331640731617,,-145.49655159813943,-145.49655159813943,2,V
8150,-61.43350201396544,15.485354866536978,,-149.92656985289852,-149.92656985289852,2,V
8151,-61.43350201396543,15.485378092342337,,-145.8353967383678,-145.8353967383678,2,V
8152,-61.43350201396544,15.485401318147698,,-147.74842449933755,-147.74842449933755,2,V
8153,-61.43350201396544,15.485424543953059,,-148.34393358771803,-148.34393358771803,2,V
8154,-61.433502013965445,15.485447769758421,,-150.55949501344557,-150.55949501344557,2,V
8155,-61.43350201396544,15.48547099556378,,-145.36722220666172,-145.36722220666172,2,V
8156,-61.433502013965445,15.48549422136914,,-149.0613083864306,-149.0613083864306,2,V
8157,-61.43350201396544,15.485517447174503,,-150.87345571445135,-150.87345571445135,2,V
8158,-61.43350201396544,15.485540672979862,,-149.81388245094496,-149.81388245094496,2,V
8159,-61.43350201396544,15.485563898785223,,-149.06730882494833,-149.06730882494833,2,V
8160,-61.43350201396544,15.485587124590584,,-146.5188801934852,-146.5188801934852,2,V
8161,-61.433502013965445,15.485610350395945,,-147.71269356325868,-147.71269356325868,2,V
8162,-61.43350201396544,15.485633576201305,,-149.01991781487894,-149.01991781487894,2,V
8163,-61.43350201396544,15.485656802006666,,-149.5068666882275,-149.5068666882275,2,V
8164,-61.43350201396544,15.485680027812029,,-146.68881700777854,-146.68881700777854,2,V
8165,-61.433502013965445,15.485703253617388,,-150.67343192740003,-150.67343192740003,2,V
8166,-61.43350201396544,15.485726479422748,,-147.75528762014102,-147.75528762014102,2,V
8167,-61.433502013965445,15.485749705228109,,-150.23250491591935,-150.23250491591935,2,V
8168,-61.43350201396544,15.48577293103347,,-150.03821384696673,-150.03821384696673,2,V
8169,-61.43350201396544,15.48579615683883,,-147.14232388848745,-147.14232388848745,2,V
8170,-61.43350201396544,15.485819382644191,,-148.13270739755728,-148.13270739755728,2,V
8171,-61.43350201396544,15.485842608449552,,-147.05534795558808,-147.05534795558808,2,V
8172,-61.433502013965445,15.485865834254913,,-145.85338763145654,-145.85338763145654,2,V
8173,-61.43350201396544,15.485889060060272,,-146.0920750799372,-146.0920750799372,2,V
8174,-61.43350201396544,15.485912285865634,,-149.69039128773392,-149.69039128773392,2,V
8175,-61.43350201396544,15.485935511670995,,-148.0090265257999,-148.0090265257999,2,V
8176,-61.43350201396544,15.485958737476356,,-146.4845366325749,-146.4845366325749,2,V
8177,-61.43350201396544,15.485981963281716,,-148.72232518832504,-148.72232518832504,2,V
8178,-61.43350201396544,15.486005189087077,,-147.15993895284345,-147.15993895284345,2,V
8179,-61.433502013965445,15.486028414892438,,-147.87474451675283,-147.87474451675283,2,V
8180,-61.43350201396544,15.486051640697797,,-147.7398777000882,-147.7398777000882,2,V
8181,-61.43350201396544,15.48607486650316,,-148.4296372529624,-148.4296372529624,2,V
8182,-61.43350201396544,15.48609809230852,,-148.74339587780665,-148.74339587780665,2,V
8183,-61.43350201396544,15.486121318113879,,-149.69364037772587,-149.69364037772587,2,V
8184,-61.43350201396544,15.486144543919242,,-145.44728819542073,-145.44728819542073,2,V
8185,-61.433502013965445,15.486167769724602,,-151.15537930522353,-151.15537930522353,2,V
8186,-61.433502013965445,15.486190995529963,,-151.69657893057652,-151.69657893057652,2,V
8187,-61.43350201396544,15.486214221335322,,-152.89086247347245,-152.89086247347245,2,V
8188,-61.43350201396544,15.486237447140683,,-150.8682487385984,-150.8682487385984,2,V
8189,-61.43350201396544,15.486260672946045,,-145.66994309351196,-145.66994309351196,2,V
8190,-61.433502013965445,15.486283898751406,,-150.8234735056905,-150.8234735056905,2,V
8191,-61.43350201396544,15.486307124556767,,-148.79632280393284,-148.79632280393284,2,V
8192,-61.43350201396544,15.486330350362127,,-148.0506550113962,-148.0506550113962,2,V
8193,-61.43350201396544,15.486353576167486,,-147.66452794103895,-147.66452794103895,2,V
8194,-61.43350201396544,15.486376801972847,,-151.2092350851589,-151.2092350851589,2,V
8195,-61.43350201396544,15.486400027778208,,-146.97831593123428,-146.97831593123428,2,V
8196,-61.43350201396544,15.48642325358357,,-150.51678718339056,-150.51678718339056,2,V
8197,-61.433502013965445,15.486446479388931,,-146.58534941839886,-146.58534941839886,2,V
8198,-61.43350201396544,15.48646970519429,,-150.62813430777092,-150.62813430777092,2,V
8199,-61.43350201396544,15.486492930999653,,-145.09814581531305,-145.09814581531305,2,V
8200,-61.43350201396544,15.486516156805012,,-150.9541985787828,-150.9541985787828,2,V
10251,-61.43350201396544,15.534152283599784,,-161.4805439001189,-161.4805439001189,2,V
10252,-61.43350201396544,15.534175509405147,,-167.70681443636983,-167.70681443636983,2,V
10253,-61.43350201396544,15.534198735210508,,-167.2262258921708,-167.2262258921708,2,V
10254,-61.433502013965445,15.53422196101587,,-170.68667512707734,-170.68667512707734,2,V
10255,-61.43350201396544,15.534245186821229,,-165.68924851238054,-165.68924851238054,2,V
10256,-61.43350201396544,15.534268412626588,,-164.09705803209494,-164.09705803209494,2,V
10257,-61.43350201396544,15.53429163843195,,-167.85163421937165,-167.85163421937165,2,V
10258,-61.43350201396544,15.53431486423731,,-162.955293031525,-162.955293031525,2,V
10259,-61.43350201396544,15.53433809004267,,-163.69652483880358,-163.69652483880358,2,V
10260,-61.433502013965445,15.534361315848033,,-164.33442624271646,-164.33442624271646,2,V
10261,-61.433502013965445,15.534384541653393,,-161.684676586131,-161.684676586131,2,V
10262,-61.43350201396544,15.534407767458754,,-164.66926736619322,-164.66926736619322,2,V
10263,-61.43350201396544,15.534430993264113,,-164.35641877688917,-164.35641877688917,2,V
10264,-61.43350201396544,15.534454219069474,,-165.9391785089824,-165.9391785089824,2,V
10265,-61.43350201396544,15.534477444874835,,-166.35639355735935,-166.35639355735935,2,V
10266,-61.43350201396544,15.534500670680195,,-162.70961808495423,-162.70961808495423,2,V
10267,-61.433502013965445,15.534523896485558,,-165.12255529002545,-165.12255529002545,2,V
10268,-61.43350201396544,15.534547122290919,,-165.23784380623528,-165.23784380623528,2,V
10269,-61.43350201396544,15.534570348096276,,-164.22535663374958,-164.22535663374958,2,V
10270,-61.43350201396544,15.534593573901638,,-167.59680529231335,-167.59680529231335,2,V
10271,-61.43350201396544,15.534616799706999,,-168.95536501175397,-168.95536501175397,2,V
10272,-61.43350201396544,15.53464002551236,,-162.5869785334741,-162.5869785334741,2,V
10273,-61.43350201396544,15.53466325131772,,-166.52670887597824,-166.52670887597824,2,V
10274,-61.43350201396544,15.534686477123081,,-162.50051466524906,-162.50051466524906,2,V
10275,-61.43350201396544,15.534709702928444,,-170.1403959735942,-170.1403959735942,2,V
10276,-61.43350201396544,15.534732928733801,,-165.8651916319347,-165.8651916319347,2,V
10277,-61.43350201396544,15.534756154539163,,-164.77782611010875,-164.77782611010875,2,V
10278,-61.433502013965445,15.534779380344524,,-167.49502582830723,-167.49502582830723,2,V
10279,-61.433502013965445,15.534802606149885,,-165.09787513600392,-165.09787513600392,2,V
10280,-61.43350201396544,15.534825831955246,,-167.4598435553662,-167.4598435553662,2,V
10281,-61.43350201396544,15.534849057760606,,-166.7875472024869,-166.7875472024869,2,V
10282,-61.43350201396544,15.534872283565969,,-168.25000793934802,-168.25000793934802,2,V
10283,-61.43350201396544,15.534895509371326,,-167.4762378187856,-167.4762378187856,2,V
10284,-61.43350201396544,15.534918735176687,,-165.2619684209801,-165.2619684209801,2,V
10285,-61.433502013965445,15.53494196098205,,-167.31151835116077,-167.31151835116077,2,V
10286,-61.43350201396544,15.53496518678741,,-170.2769321931047,-170.2769321931047,2,V
10287,-61.43350201396544,15.53498841259277,,-164.0481463679881,-164.0481463679881,2,V
10288,-61.43350201396544,15.535011638398132,,-164.72639687291843,-164.72639687291843,2,V
10289,-61.433502013965445,15.535034864203492,,-166.53497607271194,-166.53497607271194,2,V
10290,-61.43350201396544,15.535058090008851,,-166.64565026124345,-166.64565026124345,2,V
10291,-61.43350201396544,15.535081315814212,,-165.5453587933983,-165.5453587933983,2,V
10292,-61.43350201396544,15.535104541619575,,-164.16490729495376,-164.16490729495376,2,V
10293,-61.43350201396544,15.535127767424935,,-166.8684209518083,-166.8684209518083,2,V
10294,-61.43350201396544,15.535150993230294,,-166.12854040928522,-166.12854040928522,2,V
10295,-61.43350201396544,15.535174219035657,,-169.24419100930962,-169.24419100930962,2,V
10296,-61.433502013965445,15.535197444841018,,-162.78386525508836,-162.78386525508836,2,V
10297,-61.43350201396544,15.535220670646376,,-167.43057064893136,-167.43057064893136,2,V
10298,-61.43350201396544,15.535243896451737,,-166.66274444413114,-166.66274444413114,2,V
10299,-61.43350201396544,15.535267122257098,,-165.15732407130423,-165.15732407130423,2,V
10300,-61.43350201396544,15.53529034806246,,-165.28694280715004,-165.28694280715004,2,V
10301,-61.43350201396544,15.53531357386782,,-169.95947456991394,-169.95947456991394,2,V
10302,-61.43350201396544,15.535336799673182,,-167.83087491252962,-167.83087491252962,2,V
10303,-61.433502013965445,15.535360025478541,,-166.48906259710603,-166.48906259710603,2,V
10304,-61.43350201396544,15.535383251283902,,-167.63136671094836,-167.63136671094836,2,V
10305,-61.43350201396544,15.535406477089262,,-165.44539956010738,-165.44539956010738,2,V
10306,-61.43350201396544,15.535429702894623,,-166.52811747971617,-166.52811747971617,2,V
10307,-61.433502013965445,15.535452928699986,,-166.4707175599491,-166.4707175599491,2,V
10308,-61.43350201396544,15.535476154505345,,-164.34888650323091,-164.34888650323091,2,V
10309,-61.43350201396544,15.535499380310705,,-165.5830109907983,-165.5830109907983,2,V
10310,-61.43350201396544,15.535522606116066,,-165.14491083304722,-165.14491083304722,2,V
10311,-61.43350201396544,15.535545831921427,,-167.8151779731063,-167.8151779731063,2,V
10312,-61.43350201396544,15.535569057726788,,-164.41821400412223,-164.41821400412223,2,V
10313,-61.43350201396544,15.535592283532148,,-166.44988346840375,-166.44988346840375,2,V
10314,-61.433502013965445,15.535615509337509,,-168.9615395959777,-168.9615395959777,2,V
10315,-61.43350201396544,15.53563873514287,,-166.33742245552628,-166.33742245552628,2,V
10316,-61.43350201396544,15.53566196094823,,-163.1713333126213,-163.1713333126213,2,V
10317,-61.43350201396544,15.535685186753591,,-163.2395601955164,-163.2395601955164,2,V
10318,-61.433502013965445,15.535708412558952,,-165.94771206348403,-165.94771206348403,2,V
10319,-61.43350201396544,15.535731638364311,,-164.90319816049129,-164.90319816049129,2,V
10320,-61.43350201396544,15.535754864169673,,-165.96917834893804,-165.96917834893804,2,V
10321,-61.433502013965445,15.535778089975034,,-163.92041414234907,-163.92041414234907,2,V
10322,-61.43350201396544,15.535801315780395,,-165.1457507512406,-165.1457507512406,2,V
10323,-61.43350201396544,15.535824541585756,,-164.56234770795857,-164.56234770795857,2,V
10324,-61.43350201396544,15.535847767391115,,-167.4527570575587,-167.4527570575587,2,V
10325,-61.433502013965445,15.535870993196477,,-164.14501340364936,-164.14501340364936,2,V
10326,-61.43350201396544,15.535894219001836,,-167.67918685097789,-167.67918685097789,2,V
10327,-61.433502013965445,15.535917444807199,,-166.71048688043948,-166.71048688043948,2,V
10328,-61.43350201396544,15.53594067061256,,-167.35834344170237,-167.35834344170237,2,V
10329,-61.43350201396544,15.53596389641792,,-167.09612792490907,-167.09612792490907,2,V
10330,-61.43350201396544,15.53598712222328,,-166.84147121158952,-166.84147121158952,2,V
10331,-61.43350201396544,15.53601034802864,,-163.8286834923645,-163.8286834923645,2,V
10332,-61.433502013965445,15.536033573834002,,-165.55496191308683,-165.55496191308683,2,V
10333,-61.43350201396544,15.536056799639361,,-167.40306236333277,-167.40306236333277,2,V
10334,-61.43350201396544,15.536080025444722,,-166.39354985648737,-166.39354985648737,2,V
10335,-61.43350201396544,15.536103251250085,,-163.75579980570737,-163.75579980570737,2,V
10336,-61.433502013965445,15.536126477055445,,-166.95931574402942,-166.95931574402942,2,V
10337,-61.43350201396544,15.536149702860806,,-165.41158679293514,-165.41158679293514,2,V
10338,-61.43350201396544,15.536172928666165,,-164.02996032186672,-164.02996032186672,2,V
10339,-61.433502013965445,15.536196154471526,,-168.9762052422792,-168.9762052422792,2,V
10340,-61.43350201396543,15.536219380276886,,-163.16703409841614,-163.16703409841614,2,V
10341,-61.43350201396544,15.536242606082247,,-164.08259013485554,-164.08259013485554,2,V
10342,-61.43350201396544,15.53626583188761,,-166.5292575423798,-166.5292575423798,2,V
10343,-61.433502013965445,15.53628905769297,,-165.30806131757063,-165.30806131757063,2,V
10344,-61.43350201396544,15.536312283498328,,-168.59792086714506,-168.59792086714506,2,V
10345,-61.433502013965445,15.53633550930369,,-164.16271334912756,-164.16271334912756,2,V
10346,-61.43350201396544,15.53635873510905,,-167.51760446912172,-167.51760446912172,2,V
10347,-61.43350201396544,15.536381960914412,,-166.704187376931,-166.704187376931,2,V
10348,-61.43350201396544,15.536405186719772,,-166.74975186557037,-166.74975186557037,2,V
10349,-61.43350201396544,15.536428412525133,,-169.32308718490864,-169.32308718490864,2,V
10350,-61.433502013965445,15.536451638330496,,-166.63898335816066,-166.63898335816066,2,V
10351,-61.43350201396544,15.536474864135853,,-164.23228621226414,-164.23228621226414,2,V
10352,-61.43350201396544,15.536498089941215,,-167.36822436062505,-167.36822436062505,2,V
10353,-61.43350201396544,15.536521315746576,,-169.4208787755856,-169.4208787755856,2,V
10354,-61.433502013965445,15.536544541551937,,-162.8723375774651,-162.8723375774651,2,V
10355,-61.43350201396544,15.536567767357297,,-169.40211453683926,-169.40211453683926,2,V
10356,-61.433502013965445,15.536590993162658,,-161.33359001992125,-161.33359001992125,2,V
10357,-61.433502013965445,15.53661421896802,,-167.5935912296378,-167.5935912296378,2,V
10358,-61.43350201396543,15.536637444773378,,-164.1044185049914,-164.1044185049914,2,V
10359,-61.43350201396544,15.536660670578739,,-164.7099108841958,-164.7099108841958,2,V
10360,-61.43350201396544,15.536683896384101,,-161.9901298465958,-161.9901298465958,2,V
10361,-61.433502013965445,15.536707122189462,,-165.77993701000943,-165.77993701000943,2,V
10362,-61.43350201396544,15.536730347994823,,-168.1969123479772,-168.1969123479772,2,V
10363,-61.433502013965445,15.536753573800183,,-166.59477698409918,-166.59477698409918,2,V
10364,-61.43350201396544,15.536776799605544,,-166.30778243558368,-166.30778243558368,2,V
10365,-61.43350201396544,15.536800025410903,,-166.18821031548754,-166.18821031548754,2,V
10366,-61.43350201396544,15.536823251216264,,-163.53400803967074,-163.53400803967074,2,V
10367,-61.43350201396544,15.536846477021626,,-169.57115611774256,-169.57115611774256,2,V
10368,-61.433502013965445,15.536869702826987,,-166.28458688093727,-166.28458688093727,2,V
10369,-61.43350201396544,15.536892928632346,,-167.3501332348414,-167.3501332348414,2,V
10370,-61.43350201396544,15.536916154437709,,-168.7519768813108,-168.7519768813108,2,V
10371,-61.43350201396544,15.53693938024307,,-163.0545269161594,-163.0545269161594,2,V
10372,-61.43350201396544,15.536962606048428,,-162.74388040322125,-162.74388040322125,2,V
10373,-61.43350201396544,15.536985831853789,,-167.8190536155516,-167.8190536155516,2,V
10374,-61.433502013965445,15.53700905765915,,-168.7320213920557,-168.7320213920557,2,V
10375,-61.433502013965445,15.537032283464512,,-167.49502129612395,-167.49502129612395,2,V
10376,-61.43350201396543,15.537055509269871,,-167.80952875116722,-167.80952875116722,2,V
10377,-61.43350201396544,15.537078735075234,,-167.4051826437601,-167.4051826437601,2,V
10378,-61.43350201396544,15.537101960880594,,-166.8968486163735,-166.8968486163735,2,V
10379,-61.433502013965445,15.537125186685953,,-168.92386378405334,-168.92386378405334,2,V
10380,-61.43350201396544,15.537148412491314,,-164.32817860346708,-164.32817860346708,2,V
10381,-61.433502013965445,15.537171638296675,,-168.32045692661697,-168.32045692661697,2,V
10382,-61.43350201396544,15.537194864102037,,-164.4442148981953,-164.4442148981953,2,V
10383,-61.43350201396544,15.537218089907396,,-167.07047436842956,-167.07047436842956,2,V
10384,-61.43350201396544,15.537241315712757,,-166.8234597594172,-166.8234597594172,2,V
10385,-61.43350201396544,15.537264541518118,,-166.64952429755428,-166.64952429755428,2,V
10386,-61.433502013965445,15.537287767323479,,-165.50078587985908,-165.50078587985908,2,V
10387,-61.43350201396544,15.53731099312884,,-166.19852971551126,-166.19852971551126,2,V
10388,-61.43350201396544,15.5373342189342,,-165.6245759538262,-165.6245759538262,2,V
10389,-61.43350201396544,15.53735744473956,,-164.8411815198266,-164.8411815198266,2,V
10390,-61.43350201396544,15.537380670544922,,-166.6212141104557,-166.6212141104557,2,V
10391,-61.43350201396544,15.537403896350282,,-164.0308206312707,-164.0308206312707,2,V
10392,-61.433502013965445,15.537427122155641,,-167.03389753226267,-167.03389753226267,2,V
10393,-61.433502013965445,15.537450347961004,,-169.3123512147844,-169.3123512147844,2,V
10394,-61.43350201396544,15.537473573766363,,-167.66517784885457,-167.66517784885457,2,V
10395,-61.43350201396544,15.537496799571725,,-167.9847911194891,-167.9847911194891,2,V
10396,-61.43350201396544,15.537520025377086,,-161.81805021791112,-161.81805021791112,2,V
10397,-61.43350201396544,15.537543251182447,,-166.1996915805247,-166.1996915805247,2,V
10398,-61.43350201396544,15.537566476987807,,-164.34863671523254,-164.34863671523254,2,V
10399,-61.433502013965445,15.537589702793166,,-167.16736491278039,-167.16736491278039,2,V
10400,-61.43350201396544,15.537612928598529,,-164.1520725171354,-164.1520725171354,2,V
10401,-61.43350201396544,15.537636154403888,,-164.85824432140004,-164.85824432140004,2,V
10402,-61.43350201396544,15.537659380209249,,-161.92182513742975,-161.92182513742975,2,V
10403,-61.433502013965445,15.537682606014611,,-165.98623853114356,-165.98623853114356,2,V
10404,-61.433502013965445,15.537705831819972,,-166.6737287995984,-166.6737287995984,2,V
10405,-61.43350201396544,15.537729057625333,,-167.04174094143414,-167.04174094143414,2,V
10406,-61.43350201396544,15.537752283430692,,-163.74862112300002,-163.74862112300002,2,V
10407,-61.43350201396544,15.537775509236052,,-165.55119182408896,-165.55119182408896,2,V
10408,-61.43350201396544,15.537798735041413,,-168.19932671740295,-168.19932671740295,2,V
10409,-61.43350201396544,15.537821960846774,,-170.20784593372386,-170.20784593372386,2,V
10410,-61.433502013965445,15.537845186652136,,-167.51407196970248,-167.51407196970248,2,V
10411,-61.433502013965445,15.537868412457497,,-166.38176951141182,-166.38176951141182,2,V
10412,-61.43350201396544,15.537891638262856,,-165.57058554861132,-165.57058554861132,2,V
10413,-61.43350201396544,15.537914864068217,,-166.0942510524918,-166.0942510524918,2,V
10414,-61.43350201396544,15.537938089873577,,-166.70001740993143,-166.70001740993143,2,V
10415,-61.43350201396544,15.537961315678938,,-167.94627144577387,-167.94627144577387,2,V
10416,-61.43350201396544,15.537984541484299,,-164.27616212602078,-164.27616212602078,2,V
10417,-61.433502013965445,15.53800776728966,,-168.1547762312033,-168.1547762312033,2,V
10418,-61.43350201396544,15.538030993095022,,-165.74138087741775,-165.74138087741775,2,V
10419,-61.43350201396544,15.538054218900381,,-164.64664351084213,-164.64664351084213,2,V
10420,-61.43350201396544,15.538077444705742,,-162.17816381790115,-162.17816381790115,2,V
10421,-61.433502013965445,15.538100670511103,,-166.15525196777386,-166.15525196777386,2,V
10422,-61.43350201396544,15.538123896316463,,-163.88766067250032,-163.88766067250032,2,V
10423,-61.43350201396544,15.538147122121824,,-168.30348580597163,-168.30348580597163,2,V
10424,-61.43350201396544,15.538170347927185,,-164.63137378568138,-164.63137378568138,2,V
10425,-61.43350201396544,15.538193573732547,,-163.92538609103497,-163.92538609103497,2,V
10426,-61.43350201396544,15.538216799537905,,-164.6922021576399,-164.6922021576399,2,V
10427,-61.43350201396544,15.538240025343267,,-162.5744277626529,-162.5744277626529,2,V
10428,-61.433502013965445,15.538263251148628,,-165.72142156163392,-165.72142156163392,2,V
10429,-61.433502013965445,15.538286476953989,,-167.83994879843584,-167.83994879843584,2,V
10430,-61.43350201396544,15.53830970275935,,-164.7924239439011,-164.7924239439011,2,V
10431,-61.43350201396544,15.53833292856471,,-164.69076886911918,-164.69076886911918,2,V
10432,-61.43350201396544,15.53835615437007,,-164.83698112555805,-164.83698112555805,2,V
10433,-61.43350201396544,15.53837938017543,,-168.21996837054297,-168.21996837054297,2,V
10434,-61.43350201396544,15.53840260598079,,-161.77520289431695,-161.77520289431695,2,V
10435,-61.433502013965445,15.538425831786153,,-164.3493041180421,-164.3493041180421,2,V
10436,-61.43350201396544,15.538449057591514,,-168.22020490009254,-168.22020490009254,2,V
10437,-61.43350201396544,15.538472283396874,,-168.42002430061342,-168.42002430061342,2,V
10438,-61.43350201396544,15.538495509202235,,-166.9202023718328,-166.9202023718328,2,V
10439,-61.433502013965445,15.538518735007596,,-166.7575007751006,-166.7575007751006,2,V
10440,-61.43350201396544,15.538541960812955,,-166.60318710442596,-166.60318710442596,2,V
10441,-61.433502013965445,15.538565186618316,,-168.54408073757787,-168.54408073757787,2,V
10442,-61.43350201396544,15.538588412423676,,-164.55103972770684,-164.55103972770684,2,V
10443,-61.43350201396544,15.538611638229039,,-164.93754217113988,-164.93754217113988,2,V
10444,-61.43350201396544,15.538634864034398,,-163.99854937764857,-163.99854937764857,2,V
10445,-61.43350201396544,15.53865808983976,,-167.7505536324016,-167.7505536324016,2,V
10446,-61.433502013965445,15.538681315645121,,-165.22836795462578,-165.22836795462578,2,V
10447,-61.43350201396544,15.538704541450478,,-165.48570930155407,-165.48570930155407,2,V
10448,-61.43350201396544,15.53872776725584,,-167.85657235588226,-167.85657235588226,2,V
10449,-61.43350201396544,15.538750993061202,,-165.28138919688868,-165.28138919688868,2,V
10450,-61.433502013965445,15.538774218866564,,-165.06177882587397,-165.06177882587397,2,V
10451,-61.43350201396544,15.538797444671923,,-167.93959781061133,-167.93959781061133,2,V
10452,-61.43350201396544,15.538820670477284,,-164.02265324500655,-164.02265324500655,2,V
10453,-61.433502013965445,15.538843896282646,,-167.11070422476791,-167.11070422476791,2,V
10454,-61.43350201396544,15.538867122088005,,-166.31882016434807,-166.31882016434807,2,V
10455,-61.43350201396544,15.538890347893366,,-165.22723489590308,-165.22723489590308,2,V
10456,-61.43350201396544,15.538913573698727,,-164.13513187058686,-164.13513187058686,2,V
10457,-61.433502013965445,15.538936799504087,,-167.40989304614857,-167.40989304614857,2,V
10458,-61.43350201396544,15.538960025309448,,-164.90325798596604,-164.90325798596604,2,V
10459,-61.433502013965445,15.538983251114809,,-164.00426634576226,-164.00426634576226,2,V
10460,-61.43350201396544,15.539006476920171,,-163.19869701028807,-163.19869701028807,2,V
10461,-61.43350201396544,15.53902970272553,,-165.8234041747586,-165.8234041747586,2,V
10462,-61.43350201396544,15.53905292853089,,-167.7410296776894,-167.7410296776894,2,V
10463,-61.43350201396544,15.539076154336252,,-163.76759762854036,-163.76759762854036,2,V
10464,-61.433502013965445,15.539099380141613,,-166.60520645671414,-166.60520645671414,2,V
10465,-61.43350201396544,15.539122605946973,,-169.48868892061728,-169.48868892061728,2,V
10466,-61.43350201396544,15.539145831752334,,-165.6993081760585,-165.6993081760585,2,V
10467,-61.43350201396544,15.539169057557693,,-169.6248422910711,-169.6248422910711,2,V
10468,-61.433502013965445,15.539192283363056,,-167.24746326608428,-167.24746326608428,2,V
10469,-61.43350201396544,15.539215509168415,,-167.48907686597866,-167.48907686597866,2,V
10470,-61.43350201396544,15.539238734973777,,-167.61772773717843,-167.61772773717843,2,V
10471,-61.433502013965445,15.539261960779138,,-168.70063467767392,-168.70063467767392,2,V
10472,-61.43350201396543,15.539285186584497,,-165.0404801680744,-165.0404801680744,2,V
10473,-61.43350201396544,15.53930841238986,,-168.67866891251836,-168.67866891251836,2,V
10474,-61.43350201396544,15.539331638195218,,-166.25159546088616,-166.25159546088616,2,V
10475,-61.433502013965445,15.53935486400058,,-166.80945109045263,-166.80945109045263,2,V
10476,-61.43350201396544,15.53937808980594,,-169.0301760182949,-169.0301760182949,2,V
10477,-61.433502013965445,15.5394013156113,,-166.79968191377978,-166.79968191377978,2,V
10478,-61.43350201396544,15.539424541416663,,-168.06144033131088,-168.06144033131088,2,V
10479,-61.433502013965445,15.539447767222024,,-167.02161996478065,-167.02161996478065,2,V
10480,-61.43350201396544,15.539470993027384,,-164.871246945474,-164.871246945474,2,V
10481,-61.43350201396544,15.539494218832743,,-165.23544882515318,-165.23544882515318,2,V
10482,-61.433502013965445,15.539517444638104,,-164.5850487767568,-164.5850487767568,2,V
10483,-61.43350201396544,15.539540670443465,,-168.51908007647054,-168.51908007647054,2,V
10484,-61.43350201396544,15.539563896248826,,-162.90708355086355,-162.90708355086355,2,V
10485,-61.43350201396544,15.539587122054188,,-166.7804949368012,-166.7804949368012,2,V
10486,-61.433502013965445,15.539610347859549,,-159.90770231283656,-159.90770231283656,2,V
10487,-61.43350201396544,15.539633573664908,,-165.58071840973855,-165.58071840973855,2,V
10488,-61.433502013965445,15.539656799470269,,-166.0038919449783,-166.0038919449783,2,V
10489,-61.433502013965445,15.53968002527563,,-161.27411174010123,-161.27411174010123,2,V
10490,-61.43350201396543,15.53970325108099,,-164.66378645528135,-164.66378645528135,2,V
10491,-61.43350201396544,15.53972647688635,,-164.5514998168032,-164.5514998168032,2,V
10492,-61.43350201396544,15.539749702691712,,-166.60991220003157,-166.60991220003157,2,V
10493,-61.433502013965445,15.539772928497074,,-165.79208203839428,-165.79208203839428,2,V
10494,-61.43350201396544,15.539796154302433,,-167.39475209096935,-167.39475209096935,2,V
10495,-61.433502013965445,15.539819380107794,,-164.1144418948659,-164.1144418948659,2,V
10496,-61.43350201396544,15.539842605913154,,-168.92363644631695,-168.92363644631695,2,V
10497,-61.43350201396544,15.539865831718513,,-164.3906630505652,-164.3906630505652,2,V
10498,-61.43350201396544,15.539889057523876,,-162.59535151031503,-162.59535151031503,2,V
10499,-61.43350201396544,15.539912283329237,,-165.11038991497887,-165.11038991497887,2,V
10500,-61.433502013965445,15.5399355091346,,-168.2547855275787,-168.2547855275787,2,V
10501,-61.43350201396544,15.539958734939958,,-166.2518735386785,-166.2518735386785,2,V
10502,-61.43350201396544,15.539981960745317,,-166.497774364145,-166.497774364145,2,V
10503,-61.43350201396544,15.54000518655068,,-168.4240377613065,-168.4240377613065,2,V
10504,-61.433502013965445,15.54002841235604,,-168.77413110966884,-168.77413110966884,2,V
10505,-61.43350201396544,15.540051638161401,,-167.92813924987198,-167.92813924987198,2,V
10506,-61.433502013965445,15.540074863966762,,-165.89258733402636,-165.89258733402636,2,V
10507,-61.43350201396544,15.540098089772123,,-166.21491039418157,-166.21491039418157,2,V
10508,-61.43350201396544,15.540121315577482,,-165.20923584227444,-165.20923584227444,2,V
10509,-61.43350201396544,15.540144541382842,,-168.28884791105142,-168.28884791105142,2,V
10510,-61.43350201396544,15.540167767188205,,-166.17770605923084,-166.17770605923084,2,V
10511,-61.433502013965445,15.540190992993566,,-169.5617453372839,-169.5617453372839,2,V
10512,-61.43350201396544,15.540214218798925,,-167.5249940721377,-167.5249940721377,2,V
10513,-61.43350201396544,15.540237444604287,,-166.85940487239097,-166.85940487239097,2,V
10514,-61.43350201396544,15.540260670409648,,-164.86544135735153,-164.86544135735153,2,V
10515,-61.43350201396544,15.540283896215007,,-163.11698550157894,-163.11698550157894,2,V
10516,-61.43350201396544,15.540307122020367,,-166.1589958359881,-166.1589958359881,2,V
10517,-61.433502013965445,15.540330347825728,,-170.64521486241003,-170.64521486241003,2,V
10518,-61.433502013965445,15.54035357363109,,-166.46670358233078,-166.46670358233078,2,V
10519,-61.43350201396544,15.54037679943645,,-168.32233374350486,-168.32233374350486,2,V
10520,-61.43350201396544,15.540400025241812,,-165.2972210706169,-165.2972210706169,2,V
10521,-61.43350201396544,15.540423251047173,,-165.9075703560451,-165.9075703560451,2,V
10522,-61.43350201396544,15.54044647685253,,-167.1568263924971,-167.1568263924971,2,V
10523,-61.43350201396544,15.540469702657893,,-164.04976620787127,-164.04976620787127,2,V
10524,-61.433502013965445,15.540492928463253,,-167.73526529813677,-167.73526529813677,2,V
10525,-61.433502013965445,15.540516154268616,,-164.43471799718475,-164.43471799718475,2,V
10526,-61.43350201396544,15.540539380073975,,-168.62837011455562,-168.62837011455562,2,V
10527,-61.43350201396544,15.540562605879336,,-163.44936864322838,-163.44936864322838,2,V
10528,-61.43350201396544,15.540585831684698,,-165.44195542646466,-165.44195542646466,2,V
10529,-61.433502013965445,15.540609057490057,,-167.34031650455083,-167.34031650455083,2,V
10530,-61.43350201396544,15.540632283295418,,-163.59243221852554,-163.59243221852554,2,V
10531,-61.433502013965445,15.540655509100779,,-165.4422382943309,-165.4422382943309,2,V
10532,-61.43350201396544,15.54067873490614,,-166.8007812921786,-166.8007812921786,2,V
10533,-61.43350201396544,15.5407019607115,,-169.37097558635568,-169.37097558635568,2,V
10534,-61.43350201396544,15.54072518651686,,-166.81691001523356,-166.81691001523356,2,V
10535,-61.433502013965445,15.540748412322223,,-172.53951483852808,-172.53951483852808,2,V
10536,-61.433502013965445,15.540771638127582,,-165.70872500170006,-165.70872500170006,2,V
10537,-61.43350201396544,15.540794863932941,,-168.5735445185635,-168.5735445185635,2,V
10538,-61.43350201396544,15.540818089738304,,-168.61438087904796,-168.61438087904796,2,V
10539,-61.43350201396544,15.540841315543664,,-166.62872505111952,-166.62872505111952,2,V
10540,-61.43350201396544,15.540864541349025,,-170.1216898771953,-170.1216898771953,2,V
10541,-61.43350201396544,15.540887767154386,,-167.31495028292056,-167.31495028292056,2,V
10542,-61.433502013965445,15.540910992959745,,-168.16972742099992,-168.16972742099992,2,V
10543,-61.43350201396544,15.540934218765107,,-170.4310919564526,-170.4310919564526,2,V
10544,-61.43350201396544,15.540957444570466,,-169.67204184259924,-169.67204184259924,2,V
10545,-61.43350201396544,15.540980670375829,,-165.6675937022233,-165.6675937022233,2,V
10546,-61.43350201396544,15.54100389618119,,-167.68320750582197,-167.68320750582197,2,V
10547,-61.43350201396544,15.541027121986549,,-170.42994015228416,-170.42994015228416,2,V
10548,-61.43350201396544,15.541050347791911,,-163.79349078696873,-163.79349078696873,2,V
10549,-61.43350201396544,15.54107357359727,,-165.67893302467118,-165.67893302467118,2,V
10550,-61.43350201396544,15.541096799402633,,-164.89265778457204,-164.89265778457204,2,V
10551,-61.43350201396544,15.541120025207992,,-169.0544024032888,-169.0544024032888,2,V
10552,-61.43350201396544,15.541143251013352,,-164.89935846035513,-164.89935846035513,2,V
10553,-61.433502013965445,15.541166476818715,,-166.8731495640718,-166.8731495640718,2,V
10554,-61.433502013965445,15.541189702624076,,-167.3726301473225,-167.3726301473225,2,V
10555,-61.43350201396544,15.541212928429436,,-164.4368060198352,-164.4368060198352,2,V
10556,-61.43350201396544,15.541236154234795,,-166.32568511010456,-166.32568511010456,2,V
10557,-61.43350201396544,15.541259380040156,,-167.22679184066732,-167.22679184066732,2,V
10558,-61.43350201396544,15.541282605845517,,-169.7482051831206,-169.7482051831206,2,V
10559,-61.43350201396544,15.541305831650877,,-165.94846855891595,-165.94846855891595,2,V
10560,-61.433502013965445,15.54132905745624,,-168.03135446710684,-168.03135446710684,2,V
10561,-61.43350201396544,15.5413522832616,,-165.78496747500105,-165.78496747500105,2,V
10562,-61.43350201396544,15.54137550906696,,-163.13365308144802,-163.13365308144802,2,V
10563,-61.43350201396544,15.54139873487232,,-168.5610103649168,-168.5610103649168,2,V
10564,-61.433502013965445,15.541421960677681,,-168.46814930862652,-168.46814930862652,2,V
10565,-61.43350201396544,15.541445186483042,,-165.53567186659907,-165.53567186659907,2,V
10566,-61.43350201396544,15.541468412288403,,-170.05539138883225,-170.05539138883225,2,V
10567,-61.43350201396544,15.541491638093763,,-168.7716138420673,-168.7716138420673,2,V
10568,-61.43350201396544,15.541514863899126,,-165.73349812586207,-165.73349812586207,2,V
10569,-61.43350201396544,15.541538089704485,,-165.93406575208104,-165.93406575208104,2,V
10570,-61.43350201396544,15.541561315509846,,-165.37913417459697,-165.37913417459697,2,V
10571,-61.433502013965445,15.541584541315206,,-166.03183308956915,-166.03183308956915,2,V
10572,-61.43350201396544,15.541607767120565,,-167.74791186850527,-167.74791186850527,2,V
10573,-61.43350201396544,15.541630992925928,,-163.27394824709452,-163.27394824709452,2,V
10574,-61.43350201396544,15.541654218731288,,-160.76756163904952,-160.76756163904952,2,V
10575,-61.43350201396544,15.541677444536651,,-164.84951053064265,-164.84951053064265,2,V
10576,-61.43350201396544,15.54170067034201,,-166.9229052226833,-166.9229052226833,2,V
10577,-61.43350201396544,15.541723896147369,,-166.13606474850974,-166.13606474850974,2,V
10578,-61.433502013965445,15.541747121952731,,-167.50144115467094,-167.50144115467094,2,V
10579,-61.43350201396544,15.541770347758092,,-167.95481352706125,-167.95481352706125,2,V
10580,-61.43350201396544,15.541793573563453,,-171.08518583216124,-171.08518583216124,2,V
10581,-61.43350201396544,15.541816799368814,,-168.30860913785583,-168.30860913785583,2,V
10582,-61.433502013965445,15.541840025174174,,-168.86220270563206,-168.86220270563206,2,V
10583,-61.43350201396544,15.541863250979535,,-168.74697109407745,-168.74697109407745,2,V
10584,-61.43350201396544,15.541886476784894,,-167.48744153824518,-167.48744153824518,2,V
10585,-61.43350201396544,15.541909702590257,,-167.5788723488166,-167.5788723488166,2,V
10586,-61.43350201396544,15.541932928395617,,-165.29669656946572,-165.29669656946572,2,V
10587,-61.43350201396544,15.541956154200976,,-168.7393241991416,-168.7393241991416,2,V
10588,-61.43350201396544,15.541979380006339,,-167.60957044957087,-167.60957044957087,2,V
10589,-61.433502013965445,15.5420026058117,,-170.70902621383067,-170.70902621383067,2,V
10590,-61.43350201396544,15.542025831617059,,-166.54123863766247,-166.54123863766247,2,V
10591,-61.43350201396544,15.54204905742242,,-163.94994455235388,-163.94994455235388,2,V
10592,-61.43350201396544,15.54207228322778,,-165.26046176825164,-165.26046176825164,2,V
10593,-61.43350201396544,15.542095509033143,,-164.62405892825262,-164.62405892825262,2,V
10594,-61.43350201396544,15.542118734838501,,-168.67023223067338,-168.67023223067338,2,V
10595,-61.43350201396544,15.542141960643864,,-166.8761103651698,-166.8761103651698,2,V
10596,-61.433502013965445,15.542165186449225,,-167.9933892567987,-167.9933892567987,2,V
10597,-61.43350201396543,15.542188412254582,,-166.34190709006702,-166.34190709006702,2,V
10598,-61.43350201396544,15.542211638059944,,-167.28373456129736,-167.28373456129736,2,V
10599,-61.43350201396544,15.542234863865305,,-164.89778051918694,-164.89778051918694,2,V
10600,-61.433502013965445,15.542258089670668,,-168.32082005485387,-168.32082005485387,2,V
10601,-61.43350201396544,15.542281315476027,,-172.8509622419594,-172.8509622419594,2,V
10602,-61.433502013965445,15.542304541281387,,-164.2311013095882,-164.2311013095882,2,V
10603,-61.43350201396544,15.54232776708675,,-165.26054655377038,-165.26054655377038,2,V
10604,-61.43350201396544,15.542350992892109,,-169.14818498695794,-169.14818498695794,2,V
10605,-61.43350201396544,15.542374218697468,,-169.35152470798414,-169.35152470798414,2,V
10606,-61.43350201396544,15.54239744450283,,-170.4748317822081,-170.4748317822081,2,V
10607,-61.433502013965445,15.542420670308191,,-168.44357648123614,-168.44357648123614,2,V
10608,-61.43350201396544,15.542443896113552,,-171.55524323167586,-171.55524323167586,2,V
10609,-61.43350201396544,15.542467121918913,,-168.4832333546941,-168.4832333546941,2,V
10610,-61.43350201396544,15.542490347724275,,-165.82776740609472,-165.82776740609472,2,V
10611,-61.433502013965445,15.542513573529634,,-166.45090455852542,-166.45090455852542,2,V
10612,-61.43350201396544,15.542536799334993,,-164.56106519129173,-164.56106519129173,2,V
10613,-61.43350201396544,15.542560025140356,,-164.84960942357037,-164.84960942357037,2,V
10614,-61.433502013965445,15.542583250945716,,-168.21369881775482,-168.21369881775482,2,V
10615,-61.43350201396544,15.542606476751075,,-167.35988332154676,-167.35988332154676,2,V
10616,-61.43350201396544,15.542629702556438,,-166.77193078462008,-166.77193078462008,2,V
10617,-61.43350201396544,15.542652928361798,,-170.48078279223935,-170.48078279223935,2,V
10618,-61.433502013965445,15.54267615416716,,-166.2768651469637,-166.2768651469637,2,V
10619,-61.43350201396544,15.542699379972518,,-166.0495939937827,-166.0495939937827,2,V
10620,-61.433502013965445,15.542722605777879,,-166.0484124608632,-166.0484124608632,2,V
10621,-61.43350201396544,15.542745831583241,,-167.65159338926853,-167.65159338926853,2,V
10622,-61.43350201396543,15.5427690573886,,-169.96028210848695,-169.96028210848695,2,V
10623,-61.43350201396544,15.542792283193963,,-168.96740050021887,-168.96740050021887,2,V
10624,-61.43350201396544,15.542815508999322,,-165.04289128210254,-165.04289128210254,2,V
10625,-61.433502013965445,15.542838734804683,,-166.3886199157315,-166.3886199157315,2,V
10626,-61.43350201396544,15.542861960610043,,-164.83218693706107,-164.83218693706107,2,V
10627,-61.43350201396544,15.542885186415404,,-165.88071538030556,-165.88071538030556,2,V
10628,-61.43350201396544,15.542908412220767,,-170.19104906452156,-170.19104906452156,2,V
10629,-61.433502013965445,15.542931638026127,,-166.60051384342714,-166.60051384342714,2,V
10630,-61.43350201396544,15.542954863831486,,-164.80795705352725,-164.80795705352725,2,V
10631,-61.43350201396544,15.542978089636847,,-167.47909430845343,-167.47909430845343,2,V
10632,-61.433502013965445,15.543001315442208,,-167.59234709268458,-167.59234709268458,2,V
10633,-61.43350201396543,15.543024541247568,,-166.8270496682991,-166.8270496682991,2,V
10634,-61.43350201396544,15.54304776705293,,-167.74460816279822,-167.74460816279822,2,V
10635,-61.43350201396544,15.54307099285829,,-165.09911419528498,-165.09911419528498,2,V
10636,-61.433502013965445,15.543094218663652,,-167.02346786282487,-167.02346786282487,2,V
10637,-61.43350201396544,15.543117444469011,,-167.95568987665857,-167.95568987665857,2,V
10638,-61.433502013965445,15.543140670274372,,-166.93018930964564,-166.93018930964564,2,V
10639,-61.43350201396544,15.543163896079733,,-163.92258158615,-163.92258158615,2,V
10640,-61.43350201396544,15.543187121885092,,-167.93282019992594,-167.93282019992594,2,V
10641,-61.43350201396544,15.543210347690454,,-168.35480927896702,-168.35480927896702,2,V
10642,-61.43350201396544,15.543233573495815,,-171.3219568629988,-171.3219568629988,2,V
10643,-61.433502013965445,15.543256799301178,,-164.63833602027253,-164.63833602027253,2,V
10644,-61.43350201396544,15.543280025106537,,-169.1265105950055,-169.1265105950055,2,V
10645,-61.43350201396544,15.543303250911896,,-167.38444752557976,-167.38444752557976,2,V
10646,-61.43350201396544,15.543326476717258,,-166.17184039988345,-166.17184039988345,2,V
10647,-61.43350201396544,15.543349702522617,,-166.799601983928,-166.799601983928,2,V
10648,-61.43350201396544,15.54337292832798,,-169.0182440955527,-169.0182440955527,2,V
10649,-61.433502013965445,15.54339615413334,,-167.14569287385842,-167.14569287385842,2,V
10650,-61.433502013965445,15.543419379938701,,-166.91837351436814,-166.91837351436814,2,V
10651,-61.43350201396543,15.543442605744062,,-168.83896412819314,-168.83896412819314,2,V
10652,-61.43350201396544,15.54346583154942,,-166.010836203726,-166.010836203726,2,V
10653,-61.43350201396544,15.543489057354783,,-168.69288997760964,-168.69288997760964,2,V
10654,-61.433502013965445,15.543512283160144,,-165.445916568383,-165.445916568383,2,V
10655,-61.43350201396544,15.543535508965503,,-166.84936994976232,-166.84936994976232,2,V
10656,-61.433502013965445,15.543558734770865,,-169.0119258580391,-169.0119258580391,2,V
10657,-61.43350201396544,15.543581960576226,,-168.52609735945086,-168.52609735945086,2,V
10658,-61.43350201396544,15.543605186381587,,-165.41878984517433,-165.41878984517433,2,V
10659,-61.43350201396544,15.543628412186946,,-167.99504109279852,-167.99504109279852,2,V
10660,-61.43350201396544,15.543651637992307,,-166.74960111633501,-166.74960111633501,2,V
10661,-61.433502013965445,15.54367486379767,,-166.93689959471322,-166.93689959471322,2,V
10662,-61.43350201396544,15.543698089603028,,-165.39772844132926,-165.39772844132926,2,V
10663,-61.43350201396544,15.54372131540839,,-167.58935605850402,-167.58935605850402,2,V
10664,-61.43350201396544,15.543744541213751,,-166.66582125835916,-166.66582125835916,2,V
10665,-61.43350201396544,15.54376776701911,,-164.5922003587712,-164.5922003587712,2,V
10666,-61.43350201396544,15.543790992824471,,-163.23495953887996,-163.23495953887996,2,V
10667,-61.433502013965445,15.543814218629832,,-169.22192177776398,-169.22192177776398,2,V
10668,-61.433502013965445,15.543837444435194,,-167.31445835752967,-167.31445835752967,2,V
10669,-61.43350201396544,15.543860670240553,,-167.7837140436825,-167.7837140436825,2,V
10670,-61.43350201396544,15.543883896045914,,-168.32342692129475,-168.32342692129475,2,V
10671,-61.43350201396544,15.543907121851277,,-168.48574196705755,-168.48574196705755,2,V
10672,-61.43350201396544,15.543930347656634,,-168.06797134352297,-168.06797134352297,2,V
10673,-61.43350201396544,15.543953573461996,,-165.84941757449727,-165.84941757449727,2,V
10674,-61.433502013965445,15.543976799267357,,-168.96949847846668,-168.96949847846668,2,V
10675,-61.43350201396544,15.544000025072718,,-170.55549207405227,-170.55549207405227,2,V
10676,-61.43350201396544,15.544023250878078,,-168.3497075187647,-168.3497075187647,2,V
10677,-61.43350201396544,15.54404647668344,,-164.13542969368325,-164.13542969368325,2,V
10678,-61.433502013965445,15.544069702488802,,-168.4832132243896,-168.4832132243896,2,V
10679,-61.433502013965445,15.54409292829416,,-168.31394622135429,-168.31394622135429,2,V
10680,-61.43350201396544,15.54411615409952,,-168.16099627774898,-168.16099627774898,2,V
10681,-61.43350201396544,15.544139379904882,,-169.66893322761186,-169.66893322761186,2,V
10682,-61.43350201396544,15.544162605710243,,-166.81567388329728,-166.81567388329728,2,V
10683,-61.43350201396544,15.544185831515604,,-166.44525749581177,-166.44525749581177,2,V
10684,-61.43350201396544,15.544209057320964,,-170.75075072805913,-170.75075072805913,2,V
10685,-61.433502013965445,15.544232283126325,,-167.54140873902927,-167.54140873902927,2,V
10686,-61.433502013965445,15.544255508931686,,-168.73088751608535,-168.73088751608535,2,V
10687,-61.43350201396544,15.544278734737045,,-172.04350457647527,-172.04350457647527,2,V
10688,-61.43350201396544,15.544301960542407,,-167.4151241453516,-167.4151241453516,2,V
10689,-61.43350201396544,15.544325186347768,,-166.11557626367042,-166.11557626367042,2,V
10690,-61.43350201396544,15.544348412153127,,-169.03103933103637,-169.03103933103637,2,V
10691,-61.43350201396544,15.54437163795849,,-168.0303743648053,-168.0303743648053,2,V
10692,-61.433502013965445,15.54439486376385,,-166.995640198152,-166.995640198152,2,V
10693,-61.43350201396544,15.544418089569211,,-163.75101704739012,-163.75101704739012,2,V
10694,-61.43350201396544,15.54444131537457,,-169.85940687382367,-169.85940687382367,2,V
10695,-61.43350201396544,15.54446454117993,,-169.08763584825866,-169.08763584825866,2,V
10696,-61.433502013965445,15.544487766985293,,-166.14394918072304,-166.14394918072304,2,V
10697,-61.43350201396544,15.544510992790652,,-165.71550886273621,-165.71550886273621,2,V
10698,-61.43350201396544,15.544534218596015,,-168.09126520259906,-168.09126520259906,2,V
10699,-61.43350201396544,15.544557444401375,,-164.53339593910206,-164.53339593910206,2,V
10700,-61.43350201396544,15.544580670206734,,-167.60677293597166,-167.60677293597166,2,V
10701,-61.43350201396544,15.544603896012095,,-169.75642173155504,-169.75642173155504,2,V
10702,-61.43350201396544,15.544627121817456,,-171.78111272465958,-171.78111272465958,2,V
10703,-61.433502013965445,15.544650347622818,,-166.18558296228997,-166.18558296228997,2,V
10704,-61.433502013965445,15.54467357342818,,-166.6881710128066,-166.6881710128066,2,V
10705,-61.43350201396544,15.544696799233538,,-168.00038854101874,-168.00038854101874,2,V
10706,-61.43350201396544,15.544720025038899,,-168.38986679636437,-168.38986679636437,2,V
10707,-61.43350201396544,15.54474325084426,,-168.88982617458274,-168.88982617458274,2,V
10708,-61.43350201396544,15.54476647664962,,-170.83113577218526,-170.83113577218526,2,V
10709,-61.43350201396544,15.544789702454981,,-168.3828887142372,-168.3828887142372,2,V
10710,-61.433502013965445,15.544812928260342,,-168.5622795219973,-168.5622795219973,2,V
10711,-61.43350201396544,15.544836154065704,,-162.84833855378864,-162.84833855378864,2,V
10712,-61.43350201396544,15.544859379871063,,-166.55736073454986,-166.55736073454986,2,V
10713,-61.43350201396544,15.544882605676424,,-169.11115705314296,-169.11115705314296,2,V
10714,-61.433502013965445,15.544905831481785,,-166.695374797608,-166.695374797608,2,V
10715,-61.43350201396544,15.544929057287144,,-166.90597415045394,-166.90597415045394,2,V
10716,-61.433502013965445,15.544952283092506,,-167.88835696772756,-167.88835696772756,2,V
10717,-61.43350201396544,15.544975508897867,,-169.77675971234393,-169.77675971234393,2,V
10718,-61.43350201396544,15.54499873470323,,-166.73700148201846,-166.73700148201846,2,V
10719,-61.43350201396544,15.545021960508588,,-168.66536652383473,-168.66536652383473,2,V
10720,-61.43350201396544,15.545045186313947,,-171.114173972369,-171.114173972369,2,V
10721,-61.433502013965445,15.54506841211931,,-171.1488423237992,-171.1488423237992,2,V
10722,-61.43350201396544,15.545091637924669,,-166.06964222039358,-166.06964222039358,2,V
10723,-61.43350201396544,15.545114863730031,,-169.6997899744496,-169.6997899744496,2,V
10724,-61.43350201396544,15.545138089535392,,-169.60313959907887,-169.60313959907887,2,V
10725,-61.433502013965445,15.545161315340753,,-170.24177327799282,-170.24177327799282,2,V
10726,-61.43350201396544,15.545184541146114,,-169.34864330304939,-169.34864330304939,2,V
10727,-61.43350201396544,15.545207766951473,,-164.5413407303535,-164.5413407303535,2,V
10728,-61.433502013965445,15.545230992756835,,-163.82683398580974,-163.82683398580974,2,V
10729,-61.43350201396544,15.545254218562196,,-167.48196401481653,-167.48196401481653,2,V
10730,-61.43350201396544,15.545277444367555,,-168.4650327942323,-168.4650327942323,2,V
10731,-61.43350201396544,15.545300670172917,,-167.3502665282893,-167.3502665282893,2,V
10732,-61.433502013965445,15.545323895978278,,-170.23811688801499,-170.23811688801499,2,V
10733,-61.43350201396544,15.545347121783639,,-167.32234495751206,-167.32234495751206,2,V
10734,-61.433502013965445,15.545370347588998,,-169.27512016219356,-169.27512016219356,2,V
10735,-61.43350201396544,15.545393573394358,,-168.15102505570542,-168.15102505570542,2,V
10736,-61.43350201396544,15.545416799199721,,-169.4170904441038,-169.4170904441038,2,V
10737,-61.43350201396544,15.54544002500508,,-165.92791136056005,-165.92791136056005,2,V
10738,-61.43350201396544,15.545463250810442,,-167.5409656562832,-167.5409656562832,2,V
10739,-61.433502013965445,15.545486476615803,,-169.00915236181802,-169.00915236181802,2,V
10740,-61.43350201396544,15.545509702421162,,-167.95793789808383,-167.95793789808383,2,V
10741,-61.43350201396544,15.545532928226523,,-165.8524853045587,-165.8524853045587,2,V
10742,-61.43350201396544,15.545556154031884,,-169.28223312107784,-169.28223312107784,2,V
10743,-61.433502013965445,15.545579379837246,,-166.96527964547073,-166.96527964547073,2,V
10744,-61.43350201396544,15.545602605642605,,-169.20383395966664,-169.20383395966664,2,V
10745,-61.43350201396544,15.545625831447966,,-167.75367572622864,-167.75367572622864,2,V
10746,-61.433502013965445,15.545649057253328,,-169.17867829857386,-169.17867829857386,2,V
10747,-61.43350201396543,15.545672283058687,,-164.54753968966958,-164.54753968966958,2,V
10748,-61.43350201396544,15.545695508864048,,-168.81897223626802,-168.81897223626802,2,V
10749,-61.43350201396544,15.545718734669409,,-169.39634480392124,-169.39634480392124,2,V
10750,-61.433502013965445,15.54574196047477,,-170.67350113661854,-170.67350113661854,2,V
10751,-61.43350201396544,15.54576518628013,,-168.34008101110135,-168.34008101110135,2,V
10752,-61.433502013965445,15.545788412085491,,-165.14105205278105,-165.14105205278105,2,V
10753,-61.43350201396544,15.545811637890854,,-169.18772629004903,-169.18772629004903,2,V
10754,-61.43350201396544,15.545834863696212,,-174.08675254885424,-174.08675254885424,2,V
10755,-61.43350201396544,15.545858089501571,,-169.62672527291866,-169.62672527291866,2,V
10756,-61.43350201396544,15.545881315306934,,-168.5861475754308,-168.5861475754308,2,V
10757,-61.433502013965445,15.545904541112295,,-167.95516989783363,-167.95516989783363,2,V
10758,-61.43350201396544,15.545927766917655,,-167.9994001166469,-167.9994001166469,2,V
10759,-61.43350201396544,15.545950992723016,,-167.7520447897525,-167.7520447897525,2,V
10760,-61.43350201396544,15.545974218528377,,-166.77065182280683,-166.77065182280683,2,V
10761,-61.433502013965445,15.545997444333738,,-167.65921923447996,-167.65921923447996,2,V
10762,-61.43350201396544,15.546020670139097,,-168.16417426150932,-168.16417426150932,2,V
10763,-61.433502013965445,15.54604389594446,,-167.099841591603,-167.099841591603,2,V
10764,-61.433502013965445,15.54606712174982,,-163.52619769222395,-163.52619769222395,2,V
10765,-61.43350201396543,15.546090347555179,,-165.25301819200766,-165.25301819200766,2,V
10766,-61.43350201396544,15.546113573360541,,-164.91943888125402,-164.91943888125402,2,V
10767,-61.43350201396544,15.546136799165902,,-167.87261410344746,-167.87261410344746,2,V
10768,-61.433502013965445,15.546160024971263,,-166.4140652329697,-166.4140652329697,2,V
10769,-61.43350201396544,15.546183250776622,,-164.99538798981294,-164.99538798981294,2,V
10770,-61.433502013965445,15.546206476581983,,-161.45378862154465,-161.45378862154465,2,V
10771,-61.43350201396544,15.546229702387345,,-166.94477361233805,-166.94477361233805,2,V
10772,-61.43350201396544,15.546252928192704,,-167.50891318646995,-167.50891318646995,2,V
10773,-61.43350201396544,15.546276153998067,,-168.41004290070435,-168.41004290070435,2,V
10774,-61.43350201396544,15.546299379803427,,-170.53908828873247,-170.53908828873247,2,V
10775,-61.433502013965445,15.546322605608786,,-166.73237246333545,-166.73237246333545,2,V
10776,-61.43350201396544,15.546345831414147,,-167.82385255917438,-167.82385255917438,2,V
10777,-61.43350201396544,15.546369057219508,,-167.63434460972564,-167.63434460972564,2,V
10778,-61.43350201396544,15.54639228302487,,-167.61247287954848,-167.61247287954848,2,V
10779,-61.433502013965445,15.546415508830231,,-171.4427371789844,-171.4427371789844,2,V
10780,-61.43350201396544,15.54643873463559,,-170.42741302286305,-170.42741302286305,2,V
10781,-61.433502013965445,15.546461960440952,,-168.20025294248234,-168.20025294248234,2,V
10782,-61.433502013965445,15.546485186246311,,-168.28783351444486,-168.28783351444486,2,V
10783,-61.43350201396543,15.546508412051672,,-168.56799667537132,-168.56799667537132,2,V
10784,-61.43350201396544,15.546531637857033,,-168.42893500636822,-168.42893500636822,2,V
10785,-61.43350201396544,15.546554863662394,,-166.9276940431125,-166.9276940431125,2,V
10786,-61.433502013965445,15.546578089467756,,-167.00779228693597,-167.00779228693597,2,V
10787,-61.43350201396544,15.546601315273115,,-170.8965659848935,-170.8965659848935,2,V
10788,-61.433502013965445,15.546624541078476,,-170.54142387539568,-170.54142387539568,2,V
10789,-61.43350201396544,15.546647766883837,,-166.0347179524638,-166.0347179524638,2,V
10790,-61.43350201396544,15.546670992689196,,-167.63738371031485,-167.63738371031485,2,V
10791,-61.43350201396544,15.546694218494558,,-167.23749900560438,-167.23749900560438,2,V
10792,-61.43350201396544,15.546717444299919,,-167.87016339015946,-167.87016339015946,2,V
10793,-61.433502013965445,15.54674067010528,,-166.12446569238466,-166.12446569238466,2,V
10794,-61.43350201396544,15.54676389591064,,-168.2984511434042,-168.2984511434042,2,V
10795,-61.43350201396544,15.546787121716,,-167.92952934502563,-167.92952934502563,2,V
10796,-61.43350201396544,15.546810347521362,,-164.69116981177888,-164.69116981177888,2,V
10797,-61.43350201396544,15.54683357332672,,-168.48832179305492,-168.48832179305492,2,V
10798,-61.43350201396544,15.546856799132081,,-167.81456846433508,-167.81456846433508,2,V
10799,-61.433502013965445,15.546880024937444,,-167.0424057587472,-167.0424057587472,2,V
10800,-61.433502013965445,15.546903250742805,,-169.5253374124527,-169.5253374124527,2,V
10801,-61.43350201396544,15.546926476548165,,-168.704338191434,-168.704338191434,2,V
10802,-61.43350201396544,15.546949702353524,,-168.53573737819983,-168.53573737819983,2,V
10803,-61.43350201396544,15.546972928158885,,-164.67445608601386,-164.67445608601386,2,V
10804,-61.433502013965445,15.546996153964248,,-167.94777066562733,-167.94777066562733,2,V
10805,-61.43350201396544,15.547019379769607,,-166.84662427960055,-166.84662427960055,2,V
10806,-61.433502013965445,15.547042605574969,,-168.56480746805576,-168.56480746805576,2,V
10807,-61.43350201396544,15.54706583138033,,-167.52117734207596,-167.52117734207596,2,V
10808,-61.43350201396544,15.547089057185689,,-167.99427716832153,-167.99427716832153,2,V
10809,-61.43350201396544,15.54711228299105,,-166.83202299765645,-166.83202299765645,2,V
10810,-61.433502013965445,15.54713550879641,,-171.3842974195871,-171.3842974195871,2,V
10811,-61.433502013965445,15.547158734601773,,-168.15828830266287,-168.15828830266287,2,V
10812,-61.43350201396544,15.547181960407132,,-170.9200048113669,-170.9200048113669,2,V
10813,-61.43350201396544,15.547205186212492,,-170.87761947899693,-170.87761947899693,2,V
10814,-61.43350201396544,15.547228412017855,,-167.17695216956758,-167.17695216956758,2,V
10815,-61.43350201396544,15.547251637823214,,-167.29699200891224,-167.29699200891224,2,V
10816,-61.43350201396544,15.547274863628575,,-168.49540939029825,-168.49540939029825,2,V
10817,-61.433502013965445,15.547298089433935,,-166.02830111819685,-166.02830111819685,2,V
10818,-61.433502013965445,15.547321315239296,,-165.9990405065347,-165.9990405065347,2,V
10819,-61.43350201396544,15.547344541044657,,-170.30214574072178,-170.30214574072178,2,V
10820,-61.43350201396544,15.547367766850018,,-169.1707348860985,-169.1707348860985,2,V
10821,-61.43350201396544,15.54739099265538,,-166.35890063917773,-166.35890063917773,2,V
10822,-61.43350201396544,15.54741421846074,,-168.8932295338442,-168.8932295338442,2,V
10823,-61.43350201396544,15.547437444266098,,-167.4792862085016,-167.4792862085016,2,V
10824,-61.433502013965445,15.54746067007146,,-165.88559664396382,-165.88559664396382,2,V
10825,-61.43350201396544,15.547483895876821,,-170.9281912533005,-170.9281912533005,2,V
10826,-61.43350201396544,15.547507121682182,,-169.08637478853112,-169.08637478853112,2,V
10827,-61.43350201396544,15.547530347487543,,-164.99424870321945,-164.99424870321945,2,V
10828,-61.433502013965445,15.547553573292904,,-170.33426262091845,-170.33426262091845,2,V
10829,-61.433502013965445,15.547576799098264,,-165.5625797995317,-165.5625797995317,2,V
10830,-61.433502013965445,15.547600024903623,,-167.7677622181758,-167.7677622181758,2,V
10831,-61.43350201396544,15.547623250708986,,-166.4032105140592,-166.4032105140592,2,V
10832,-61.43350201396544,15.547646476514347,,-167.35513966437324,-167.35513966437324,2,V
10833,-61.43350201396544,15.547669702319705,,-168.5732503024715,-168.5732503024715,2,V
10834,-61.43350201396544,15.547692928125068,,-171.7239372517939,-171.7239372517939,2,V
10835,-61.433502013965445,15.547716153930429,,-166.07895881797134,-166.07895881797134,2,V
10836,-61.433502013965445,15.54773937973579,,-169.227424292973,-169.227424292973,2,V
10837,-61.43350201396544,15.547762605541148,,-166.8907988219349,-166.8907988219349,2,V
10838,-61.43350201396544,15.54778583134651,,-168.29571153400227,-168.29571153400227,2,V
10839,-61.433502013965445,15.547809057151872,,-166.93186249354432,-166.93186249354432,2,V
10840,-61.43350201396544,15.54783228295723,,-166.4087466263159,-166.4087466263159,2,V
10841,-61.43350201396544,15.547855508762593,,-168.1224040946792,-168.1224040946792,2,V
10842,-61.433502013965445,15.547878734567954,,-166.15851750015494,-166.15851750015494,2,V
10843,-61.43350201396544,15.547901960373313,,-168.800170898969,-168.800170898969,2,V
10844,-61.43350201396544,15.547925186178674,,-166.03922630996544,-166.03922630996544,2,V
10845,-61.43350201396544,15.547948411984034,,-169.0129932652775,-169.0129932652775,2,V
10846,-61.433502013965445,15.547971637789397,,-167.79929198601369,-167.79929198601369,2,V
10847,-61.43350201396544,15.547994863594756,,-167.91485452474643,-167.91485452474643,2,V
10848,-61.433502013965445,15.548018089400117,,-173.62548407693748,-173.62548407693748,2,V
10849,-61.43350201396544,15.548041315205479,,-171.98793243269876,-171.98793243269876,2,V
10850,-61.43350201396544,15.548064541010838,,-167.9355269032171,-167.9355269032171,2,V
10851,-61.43350201396544,15.548087766816199,,-168.37294692163852,-168.37294692163852,2,V
10852,-61.43350201396544,15.54811099262156,,-167.41114998590754,-167.41114998590754,2,V
10853,-61.433502013965445,15.54813421842692,,-165.7070309932119,-165.7070309932119,2,V
10854,-61.433502013965445,15.548157444232283,,-165.70914743623337,-165.70914743623337,2,V
10855,-61.43350201396544,15.548180670037642,,-166.1165916760544,-166.1165916760544,2,V
10856,-61.43350201396544,15.548203895843004,,-163.91294644362026,-163.91294644362026,2,V
10857,-61.433502013965445,15.548227121648363,,-167.92543217530553,-167.92543217530553,2,V
10858,-61.43350201396544,15.548250347453722,,-167.524888590928,-167.524888590928,2,V
10859,-61.43350201396544,15.548273573259085,,-166.6607616762949,-166.6607616762949,2,V
10860,-61.433502013965445,15.548296799064445,,-168.0007995264243,-168.0007995264243,2,V
10861,-61.43350201396544,15.548320024869808,,-166.74654960606838,-166.74654960606838,2,V
10862,-61.43350201396544,15.548343250675167,,-163.7394608518162,-163.7394608518162,2,V
10863,-61.43350201396544,15.548366476480528,,-167.07664141417192,-167.07664141417192,2,V
10864,-61.433502013965445,15.548389702285888,,-171.51509997712216,-171.51509997712216,2,V
10865,-61.43350201396544,15.548412928091247,,-168.98579513875583,-168.98579513875583,2,V
10866,-61.433502013965445,15.54843615389661,,-168.66248899562726,-168.66248899562726,2,V
10867,-61.43350201396544,15.54845937970197,,-170.930664324374,-170.930664324374,2,V
10868,-61.43350201396544,15.548482605507331,,-168.5595227988886,-168.5595227988886,2,V
10869,-61.43350201396544,15.548505831312692,,-166.76030089981694,-166.76030089981694,2,V
10870,-61.43350201396544,15.548529057118051,,-169.76595013968839,-169.76595013968839,2,V
10871,-61.433502013965445,15.548552282923414,,-167.01180367011688,-167.01180367011688,2,V
10872,-61.43350201396544,15.548575508728772,,-169.13163611017765,-169.13163611017765,2,V
10873,-61.43350201396544,15.548598734534133,,-168.80394791830875,-168.80394791830875,2,V
10874,-61.43350201396544,15.548621960339496,,-169.60079166156376,-169.60079166156376,2,V
10875,-61.433502013965445,15.548645186144856,,-167.09546444871765,-167.09546444871765,2,V
10876,-61.43350201396544,15.548668411950217,,-168.04446622286,-168.04446622286,2,V
10877,-61.433502013965445,15.548691637755576,,-168.3640235205908,-168.3640235205908,2,V
10878,-61.433502013965445,15.548714863560937,,-170.88882389296597,-170.88882389296597,2,V
10879,-61.43350201396544,15.5487380893663,,-166.25288919169876,-166.25288919169876,2,V
10880,-61.43350201396544,15.548761315171658,,-169.16755281391812,-169.16755281391812,2,V
10881,-61.43350201396544,15.548784540977021,,-168.9828556175729,-168.9828556175729,2,V
10882,-61.433502013965445,15.548807766782382,,-168.43151533523692,-168.43151533523692,2,V
10883,-61.43350201396544,15.54883099258774,,-168.63847632148335,-168.63847632148335,2,V
10884,-61.433502013965445,15.548854218393101,,-168.19151848023643,-168.19151848023643,2,V
10885,-61.43350201396544,15.548877444198462,,-168.38787215738304,-168.38787215738304,2,V
10886,-61.433502013965445,15.548900670003825,,-170.2532454864744,-170.2532454864744,2,V
10887,-61.43350201396544,15.548923895809184,,-166.96063861273424,-166.96063861273424,2,V
